RTP and Standard Deviation Breakdown
Name	RTP	StDev
Initial	0.434598	75.49
Tumbles	0.513971	95.27
Base Total	0.948569	126.3
Free Spins	0.401372	247.4
Total	1.34994	277.9
----------------------------------------
Iterations	1000000000
Total Pay	8.027e+09
Feature Hits
Feature	Hits	Hit Rate
Base	222205396	4.5003408
Base Win	219717472	4.5512994
FS Tease	35251789	28.367355
Free Spins	3028594	330.18622
FS Trigger 3	2895030	345.41956
FS Trigger 4	130460	7665.1847
FS Trigger 5	3077	324991.88
FS Trigger 6	27	37037037
----------------------------------------
Base Hits
Symbol	1	2	3	4	5	6
WL	0	0	0	0	0	0
R1	0	0	48890648	23346440	14098742	4129874
R2	0	0	43734838	24076843	17926457	3823006
R3	0	0	67888305	35552831	28210353	10101902
R4	0	0	2401246	273653	57227	46595
R5	0	0	71905396	46957984	15985994	11057636
R6	0	0	117211746	64154146	16540455	13164327
S1	0	0	66067896	35337235	22191025	13938388
S2	0	0	89524364	47341991	23406905	14639639
S3	0	0	15368072	5362745	1150251	1168664
S4	0	0	9256307	2756493	414340	566519
F1	0	0	0	0	0	0
F2	0	0	0	0	0	0
F3	0	0	0	0	0	0
----------------------------------------
Free Hits
Symbol	1	2	3	4	5	6
WL	0	0	0	0	0	0
R1	0	0	258897	76617	21843	11929
R2	0	0	362142	131257	40749	27707
R3	0	0	539479	197338	65183	50101
R4	0	0	99833	3526	405	70
R5	0	0	6572093	4426555	1527607	1047032
R6	0	0	10927767	6016660	1567673	1236935
S1	0	0	6442821	3982594	2601412	2144309
S2	0	0	9088381	5443110	2955615	2361051
S3	0	0	1551985	1024049	588037	644671
S4	0	0	1779596	1160385	665200	700868
F1	0	0	0	0	0	0
F2	0	0	0	0	0	0
F3	0	0	0	0	0	0
----------------------------------------
Average Free Spins: 	10.225674
----------------------------------------
Average Tumbles Base: 	1.7106183
----------------------------------------
Average Tumbles Free: 	1.9442171
----------------------------------------
Tumble Frequencies Base
Number Tumble	Frequency
1	131626638
2	47032927
3	23925150
4	10844662
5	3871433
6	1572353
7	602245
8	193718
9	38616
10	6121
11	2839
12	627
13	115
14	24
15	4
----------------------------------------
Multiplier Hit Rate: 	15.517507
Average Final Multiplier: 	1.1661561
Final Multiplier Frequencies
Multiplier	Frequency
1	935556660
2	36870465
3	12062403
4	5234919
5	2298200
6	969563
7	393629
8	153986
9	56787
10	19476
11	3160309
12	1557006
13	812470
14	400437
15	179564
16	75790
17	31218
18	12015
19	4304
20	1476
21	52650
22	43422
23	26969
24	13489
25	6156
26	2526
27	1008
28	402
29	133
30	57
31	765
32	792
33	487
34	277
35	99
36	41
37	13
38	6
39	3
41	10
42	9
43	5
44	2
45	1
46	1
----------------------------------------
Average Final Multiplier Free Spins: 	22.24474
Final Multiplier Frequencies Free Spins
Multiplier	Frequency
1	11087
2	13461
3	31032
4	35449
5	53130
6	57962
7	73404
8	78133
9	90127
10	95110
11	104454
12	108786
13	113970
14	116223
15	118922
16	118724
17	117488
18	115201
19	111491
20	107864
21	102291
22	96312
23	89690
24	83743
25	77462
26	71016
27	65569
28	59605
29	54991
30	49357
31	45864
32	41216
33	37884
34	34332
35	31370
36	28754
37	25961
38	23864
39	21942
40	19762
41	18768
42	17123
43	15903
44	14758
45	13828
46	12771
47	12269
48	11413
49	10506
50	10168
51	9545
52	9136
53	8537
54	8016
55	7580
56	7187
57	6676
58	6473
59	5983
60	5637
61	5367
62	5118
63	4681
64	4434
65	4085
66	4032
67	3703
68	3524
69	3182
70	3027
71	2806
72	2636
73	2554
74	2257
75	2262
76	1913
77	1791
78	1762
79	1682
80	1467
81	1442
82	1336
83	1191
84	1180
85	1147
86	982
87	988
88	846
89	786
90	721
91	679
92	648
93	623
94	563
95	487
96	477
97	448
98	446
99	421
100	345
101	342
102	323
103	281
104	303
105	242
106	230
107	230
108	211
109	221
110	186
111	182
112	160
113	160
114	149
115	123
116	143
117	131
118	99
119	106
120	95
121	81
122	96
123	77
124	67
125	75
126	72
127	50
128	66
129	50
130	42
131	47
132	39
133	47
134	32
135	38
136	29
137	30
138	24
139	26
140	24
141	21
142	16
143	31
144	14
145	20
146	19
147	13
148	20
149	11
150	13
151	8
152	8
153	7
154	17
155	8
156	5
157	5
158	12
159	7
160	6
161	5
162	3
163	7
164	2
165	5
166	4
167	10
168	4
169	1
170	2
171	5
173	3
174	5
176	1
177	2
178	4
180	3
182	1
184	1
186	1
187	2
190	1
191	1
194	2
196	1
198	1
199	1
210	1
216	1
217	1
219	2
220	1
224	1
----------------------------------------
Boost Statistics (Free Games)
Standard Boosts (+1):	49983552	(Total Mult: 49983552)
Superboosts (+10):	1435814	(Total Mult: 14358140)
Superboost %:	2.792%
Avg Mult per Boost:	1.251

Boost Level Frequencies (Free Games)
Boost Level	Frequency
1	49983552
2	1435814
----------------------------------------
Wins with Superboosts
Base Game Wins:	219717472
Base Game Wins with Superboost:	6375263	(2.902%)
Free Game Wins:	13703557
Free Game Wins with Superboost:	1353127	(9.874%)
----------------------------------------
Final Multiplier Frequencies Free Spins (split by initial multiplier)
Init Multiplier: 1
Average Final Multiplier (init 1):	22.24
Final Mult	Frequency
1	11087
2	13461
3	31032
4	35449
5	53130
6	57962
7	73404
8	78133
9	90127
10	95110
11	104454
12	108786
13	113970
14	116223
15	118922
16	118724
17	117488
18	115201
19	111491
20	107864
21	102291
22	96312
23	89690
24	83743
25	77462
26	71016
27	65569
28	59605
29	54991
30	49357
31	45864
32	41216
33	37884
34	34332
35	31370
36	28754
37	25961
38	23864
39	21942
40	19762
41	18768
42	17123
43	15903
44	14758
45	13828
46	12771
47	12269
48	11413
49	10506
50	10168
51	9545
52	9136
53	8537
54	8016
55	7580
56	7187
57	6676
58	6473
59	5983
60	5637
61	5367
62	5118
63	4681
64	4434
65	4085
66	4032
67	3703
68	3524
69	3182
70	3027
71	2806
72	2636
73	2554
74	2257
75	2262
76	1913
77	1791
78	1762
79	1682
80	1467
81	1442
82	1336
83	1191
84	1180
85	1147
86	982
87	988
88	846
89	786
90	721
91	679
92	648
93	623
94	563
95	487
96	477
97	448
98	446
99	421
100	345
101	342
102	323
103	281
104	303
105	242
106	230
107	230
108	211
109	221
110	186
111	182
112	160
113	160
114	149
115	123
116	143
117	131
118	99
119	106
120	95
121	81
122	96
123	77
124	67
125	75
126	72
127	50
128	66
129	50
130	42
131	47
132	39
133	47
134	32
135	38
136	29
137	30
138	24
139	26
140	24
141	21
142	16
143	31
144	14
145	20
146	19
147	13
148	20
149	11
150	13
151	8
152	8
153	7
154	17
155	8
156	5
157	5
158	12
159	7
160	6
161	5
162	3
163	7
164	2
165	5
166	4
167	10
168	4
169	1
170	2
171	5
173	3
174	5
176	1
177	2
178	4
180	3
182	1
184	1
186	1
187	2
190	1
191	1
194	2
196	1
198	1
199	1
210	1
216	1
217	1
219	2
220	1
224	1
----------------------------------------
Elapsed time: 897.9 seconds
