Pay	Frequency
0	780282528
2	8527016
4	15230492
5	9165344
6	1951508
7	545022
8	12104925
9	797288
10	15320456
11	125029
12	3914190
13	912382
14	1803045
15	2284082
16	6251959
17	407008
18	2295829
19	239522
20	17159067
21	514797
22	1447503
23	351697
24	3340943
25	1389980
26	1355976
27	183882
28	2036471
29	317555
30	5344015
31	236987
32	2783423
33	207089
34	1097828
35	507259
36	1768107
37	223782
38	860890
39	186151
40	12061346
41	163519
42	1075145
43	116904
44	1557339
45	1359206
46	775444
47	148235
48	1737631
49	161763
50	2430072
51	109163
52	1044322
53	160656
54	616021
55	481948
56	1103134
57	124774
58	535144
59	100276
60	5306400
61	118305
62	562070
63	106647
64	1118723
65	515294
66	542667
67	87902
68	811910
69	118712
70	1294592
71	85575
72	840514
73	87636
74	408451
75	231477
76	663538
77	102489
78	392649
79	80277
80	5435907
81	81075
82	447967
83	62501
84	783615
85	612584
86	320715
87	77072
88	812953
89	83039
90	1607334
91	55900
92	537733
93	85314
94	317529
95	266894
96	649803
97	66311
98	304700
99	72391
100	1649989
101	67803
102	274298
103	56356
104	468958
105	217893
106	256541
107	47806
108	415377
109	60416
110	800560
111	49749
112	402907
113	51025
114	246338
115	124506
116	328828
117	52532
118	207464
119	42765
120	3056208
121	47441
122	254095
123	38701
124	413012
125	323378
126	211380
127	45021
128	416924
129	51865
130	680931
131	35787
132	415190
133	46020
134	189139
135	162514
136	336360
137	41643
138	184559
139	36600
140	800082
141	40956
142	166390
143	53933
144	345876
145	113857
146	151798
147	33606
148	248560
149	38536
150	410294
151	32858
152	256250
153	34934
154	181634
155	76332
156	228550
157	33988
158	131428
159	31587
160	1666245
161	29358
162	169254
163	26058
164	260286
165	224242
166	120133
167	30972
168	269688
169	34033
170	429031
171	25991
172	190839
173	32645
174	116790
175	99757
176	311489
177	28119
178	114818
179	24152
180	882180
181	28664
182	106358
183	25665
184	203009
185	103554
186	107211
187	30367
188	177798
189	27498
190	287809
191	23800
192	205230
193	22905
194	97337
195	63384
196	157360
197	23115
198	140430
199	22195
200	838893
201	22005
202	98380
203	20253
204	162118
205	90816
206	83585
207	20599
208	153749
209	26874
210	236018
211	18369
212	128029
213	22047
214	76077
215	49644
216	144652
217	19076
218	73428
219	17268
220	439978
221	18374
222	72242
223	16434
224	129260
225	48351
226	66434
227	15748
228	120430
229	17887
230	142640
231	26855
232	110416
233	16174
234	65174
235	32954
236	101088
237	16128
238	57774
239	16171
240	1200569
241	14434
242	109467
243	14290
244	148198
245	123913
246	67724
247	17560
248	139590
249	18675
250	250094
251	13794
252	115575
253	24637
254	63482
255	59017
256	117562
257	15280
258	62351
259	14090
260	289182
261	15613
262	53985
263	14170
264	171030
265	42181
266	53597
267	12485
268	97157
269	15655
270	175475
271	12643
272	99163
273	13383
274	53294
275	38807
276	86964
277	12960
278	48904
279	13038
280	236212
281	11145
282	48617
283	11232
284	79802
285	38482
286	70959
287	11000
288	101489
289	11187
290	103795
291	11064
292	71184
293	11485
294	45524
295	24657
296	74602
297	14629
298	40871
299	9660
300	232768
301	11017
302	41587
303	9929
304	71080
305	25795
306	38681
307	9070
308	96969
309	10557
310	79846
311	8930
312	72782
313	9631
314	35792
315	17803
316	59305
317	9400
318	36142
319	13933
320	350710
321	9038
322	39516
323	8438
324	71214
325	37172
326	33089
327	9804
328	64720
329	9164
330	150092
331	7441
332	51816
333	8922
334	35196
335	23565
336	64775
337	7945
338	34083
339	7727
340	128810
341	13506
342	31285
343	7681
344	51257
345	20189
346	30220
347	6790
348	46923
349	8277
350	67120
351	7349
352	79730
353	7088
354	30318
355	14173
356	45042
357	8212
358	25643
359	6696
360	326921
361	6827
362	31453
363	9875
364	52115
365	36319
366	28415
367	7250
368	53350
369	7435
370	77778
371	6201
372	46253
373	7098
374	42568
375	19332
376	48380
377	6110
378	28343
379	7061
380	103016
381	6901
382	26447
383	6595
384	54104
385	19460
386	24544
387	6110
388	39464
389	6948
390	54989
391	6076
392	41138
393	6359
394	23471
395	10986
396	59398
397	5982
398	24118
399	5955
400	448272
401	6006
402	30844
403	5314
404	49814
405	42334
406	23384
407	9276
408	49636
409	6297
410	83751
411	5596
412	36432
413	6028
414	22213
415	17573
416	39455
417	5398
418	32788
419	5135
420	110502
421	5150
422	21392
423	5297
424	36296
425	13921
426	20832
427	4600
428	31579
429	8076
430	46882
431	4871
432	38489
433	4824
434	19025
435	9427
436	28351
437	5144
438	18606
439	4682
440	161360
441	4834
442	18955
443	3913
444	32973
445	14206
446	17375
447	4530
448	32986
449	4653
450	46573
451	5929
452	27298
453	4812
454	16242
455	9363
456	31453
457	4037
458	15560
459	4183
460	59241
461	4300
462	29997
463	3842
464	26866
465	8381
466	15857
467	3674
468	24819
469	3888
470	28508
471	3731
472	24234
473	5294
474	14262
475	6310
476	21030
477	4036
478	13751
479	3387
480	318407
481	3542
482	20586
483	3517
484	50334
485	31273
486	16440
487	4258
488	35775
489	4993
490	66246
491	3419
492	28116
493	4150
494	16195
495	24469
496	28718
497	3980
498	15426
499	4023
500	76973
501	3898
502	13829
503	3819
504	31844
505	11561
506	22460
507	3453
508	23758
509	3856
510	43546
511	3726
512	24608
513	3549
514	14488
515	8401
516	21830
517	5328
518	13173
519	3602
520	66304
521	3250
522	13638
523	3030
524	20662
525	11201
526	12122
527	3081
528	41716
529	3297
530	29798
531	2747
532	20332
533	3627
534	12588
535	7144
536	22171
537	3053
538	12027
539	4596
540	69199
541	3198
542	11634
543	3016
544	21678
545	8103
546	11758
547	2714
548	18925
549	3242
550	39280
551	2687
552	21377
553	2545
554	11394
555	5739
556	17798
557	2756
558	11524
559	2733
560	45060
561	3971
562	10335
563	2482
564	17923
565	6391
566	10553
567	2560
568	17723
569	2755
570	23200
571	2633
572	24396
573	2636
574	10430
575	4801
576	21877
577	2482
578	9596
579	2535
580	31620
581	2563
582	10084
583	3960
584	17173
585	4603
586	9075
587	2326
588	16127
589	2452
590	15835
591	2391
592	15766
593	2363
594	14186
595	3466
596	14476
597	2445
598	8681
599	2242
600	117857
601	2162
602	10340
603	2047
604	16660
605	11647
606	8854
607	2204
608	16138
609	2501
610	23222
611	1944
612	14296
613	2441
614	8569
615	5064
616	22804
617	2042
618	8677
619	2033
620	32187
621	2369
622	7661
623	1952
624	16577
625	4197
626	7858
627	3019
628	12400
629	2258
630	15104
631	2053
632	12853
633	2010
634	7527
635	3024
636	12361
637	2030
638	11218
639	1797
640	54244
641	1800
642	8097
643	1781
644	13034
645	5553
646	7067
647	1820
648	14406
649	2791
650	16171
651	1776
652	10799
653	1974
654	7177
655	3910
656	12044
657	1832
658	6807
659	1620
660	69318
661	1728
662	6959
663	1696
664	13026
665	4224
666	6684
667	1664
668	11690
669	1876
670	13539
671	2476
672	13492
673	1717
674	6340
675	3136
676	10447
677	1725
678	6433
679	1638
680	26539
681	1741
682	11135
683	1389
684	10734
685	3326
686	6038
687	1632
688	10169
689	1615
690	11635
691	1405
692	9144
693	2541
694	5526
695	2434
696	10293
697	1506
698	5652
699	1399
700	18102
701	1611
702	5634
703	1400
704	17649
705	2420
706	5524
707	1331
708	9780
709	1617
710	8279
711	1371
712	9495
713	1405
714	5736
715	5096
716	8066
717	1464
718	4862
719	1440
720	94728
721	1338
722	6616
723	1380
724	12407
725	9604
726	9071
727	1501
728	12325
729	1635
730	20287
731	1334
732	9688
733	1517
734	6023
735	4968
736	10560
737	2121
738	5832
739	1447
740	22823
741	1620
742	5399
743	1470
744	11763
745	3573
746	5254
747	1377
748	14875
749	1541
750	13694
751	1412
752	10523
753	1404
754	5476
755	2673
756	10023
757	1477
758	5538
759	2202
760	22644
761	1274
762	5429
763	1365
764	9151
765	3405
766	5231
767	1399
768	11515
769	1350
770	17250
771	1299
772	8258
773	1390
774	5514
775	2484
776	9026
777	1316
778	5028
779	1165
780	17399
781	1801
782	4926
783	1240
784	8712
785	2299
786	4973
787	1123
788	7732
789	1387
790	7893
791	1136
792	13961
793	1161
794	4548
795	1754
796	7864
797	1225
798	4769
799	1133
800	201704
801	1148
802	9144
803	1552
804	15386
805	17974
806	5033
807	1615
808	13193
809	1523
810	33459
811	1063
812	8482
813	1451
814	7412
815	7000
816	10844
817	1266
818	4729
819	1268
820	33437
821	1199
822	4944
823	1123
824	8726
825	6148
826	4402
827	1017
828	7290
829	1258
830	17147
831	1013
832	7622
833	1107
834	4419
835	3029
836	10076
837	1144
838	4156
839	1056
840	30735
841	1072
842	4128
843	958
844	7237
845	4868
846	4047
847	1521
848	7420
849	1089
850	11702
851	927
852	7049
853	1013
854	3881
855	2722
856	6563
857	1003
858	5592
859	935
860	18207
861	1004
862	3683
863	949
864	7756
865	2752
866	3551
867	907
868	5789
869	1426
870	8484
871	902
872	5674
873	959
874	3684
875	1910
876	5739
877	999
878	3287
879	902
880	47678
881	854
882	3950
883	780
884	6620
885	3161
886	3315
887	844
888	7040
889	915
890	9770
891	1153
892	5499
893	902
894	3328
895	2014
896	6056
897	815
898	3250
899	764
900	20798
901	812
902	6590
903	787
904	5601
905	1849
906	3215
907	860
908	4787
909	846
910	6500
911	744
912	5949
913	1080
914	2865
915	1350
916	4533
917	830
918	3071
919	698
920	14127
921	755
922	2843
923	692
924	9970
925	1929
926	2831
927	749
928	5100
929	851
930	5877
931	718
932	4574
933	825
934	2867
935	4457
936	5188
937	774
938	2544
939	810
940	8924
941	720
942	2700
943	740
944	4565
945	1437
946	4064
947	668
948	4323
949	663
950	4453
951	676
952	4231
953	662
954	2642
955	1106
956	3899
957	1095
958	2381
959	681
960	54475
961	659
962	3699
963	585
964	6778
965	4470
966	2881
967	813
968	9167
969	846
970	11592
971	645
972	5143
973	877
974	2872
975	2930
976	5485
977	736
978	3059
979	1153
980	14390
981	773
982	2615
983	761
984	6068
985	2204
986	2554
987	728
988	4574
989	805
990	18342
991	613
992	4821
993	721
994	2990
995	1867
996	4372
997	704
998	2837
999	717
1000	13742
1001	873
1002	2617
1003	654
1004	4413
1005	1996
1006	2623
1007	615
1008	5816
1009	676
1010	5922
1011	581
1012	6161
1013	685
1014	2586
1015	1328
1016	4713
1017	673
1018	2441
1019	614
1020	10131
1021	590
1022	2470
1023	928
1024	4359
1025	1270
1026	2331
1027	562
1028	4047
1029	652
1030	4669
1031	571
1032	4354
1033	575
1034	3730
1035	989
1036	3619
1037	595
1038	2330
1039	601
1040	9576
1041	578
1042	2131
1043	505
1044	4023
1045	2683
1046	2089
1047	593
1048	3871
1049	552
1050	5087
1051	502
1052	3499
1053	618
1054	2057
1055	1063
1056	6733
1057	503
1058	2108
1059	563
1060	6761
1061	621
1062	1968
1063	530
1064	3934
1065	940
1066	2089
1067	777
1068	3583
1069	539
1070	3581
1071	562
1072	3520
1073	485
1074	1954
1075	740
1076	3125
1077	550
1078	3122
1079	519
1080	16972
1081	445
1082	2174
1083	507
1084	3436
1085	1795
1086	2108
1087	497
1088	3922
1089	805
1090	4387
1091	464
1092	3483
1093	533
1094	2105
1095	1207
1096	3469
1097	505
1098	1885
1099	524
1100	14720
1101	515
1102	2009
1103	536
1104	4077
1105	1053
1106	1889
1107	499
1108	3200
1109	537
1110	3713
1111	745
1112	3295
1113	514
1114	1854
1115	721
1116	3154
1117	502
1118	1826
1119	510
1120	6778
1121	480
1122	2890
1123	462
1124	2957
1125	922
1126	1771
1127	466
1128	3499
1129	455
1130	3137
1131	463
1132	2899
1133	642
1134	1915
1135	755
1136	3302
1137	481
1138	1860
1139	443
1140	5823
1141	464
1142	1684
1143	481
1144	4766
1145	668
1146	1797
1147	377
1148	2882
1149	499
1150	2640
1151	428
1152	3654
1153	425
1154	1719
1155	1505
1156	2660
1157	465
1158	1724
1159	451
1160	5540
1161	420
1162	1615
1163	389
1164	2841
1165	719
1166	2449
1167	457
1168	2978
1169	400
1170	2522
1171	421
1172	2585
1173	452
1174	1582
1175	617
1176	3218
1177	530
1178	1578
1179	392
1180	3836
1181	416
1182	1611
1183	400
1184	2729
1185	571
1186	1459
1187	361
1188	3654
1189	411
1190	1944
1191	363
1192	2506
1193	396
1194	1467
1195	453
1196	2384
1197	427
1198	1382
1199	559
1200	58026
1201	401
1202	2500
1203	397
1204	4327
1205	4879
1206	1674
1207	475
1208	3882
1209	509
1210	11560
1211	360
1212	2850
1213	429
1214	1754
1215	1878
1216	2842
1217	402
1218	1582
1219	395
1220	9547
1221	568
1222	1438
1223	384
1224	3091
1225	1237
1226	1410
1227	361
1228	2476
1229	403
1230	4715
1231	389
1232	3539
1233	370
1234	1442
1235	890
1236	2313
1237	367
1238	1409
1239	378
1240	8085
1241	339
1242	1411
1243	516
1244	2218
1245	1249
1246	1307
1247	349
1248	2822
1249	349
1250	3293
1251	331
1252	1999
1253	360
1254	2028
1255	749
1256	2207
1257	343
1258	1330
1259	323
1260	5697
1261	351
1262	1369
1263	341
1264	2278
1265	1319
1266	1238
1267	304
1268	1966
1269	368
1270	2414
1271	327
1272	2287
1273	317
1274	1237
1275	579
1276	2641
1277	314
1278	1228
1279	282
1280	7172
1281	314
1282	1219
1283	273
1284	2272
1285	808
1286	1195
1287	436
1288	2151
1289	315
1290	2716
1291	309
1292	1791
1293	349
1294	1134
1295	598
1296	2296
1297	284
1298	1527
1299	322
1300	3919
1301	312
1302	1221
1303	299
1304	1939
1305	517
1306	1230
1307	276
1308	1916
1309	443
1310	1844
1311	279
1312	1843
1313	319
1314	1124
1315	403
1316	1639
1317	305
1318	990
1319	257
1320	28539
1321	277
1322	1409
1323	262
1324	2438
1325	1047
1326	1241
1327	288
1328	2530
1329	322
1330	2871
1331	389
1332	2087
1333	311
1334	1142
1335	693
1336	2067
1337	296
1338	1157
1339	283
1340	3647
1341	298
1342	2857
1343	281
1344	2277
1345	487
1346	1085
1347	294
1348	1588
1349	270
1350	2312
1351	265
1352	1815
1353	358
1354	997
1355	350
1356	1609
1357	287
1358	988
1359	231
1360	4064
1361	240
1362	1022
1363	268
1364	3890
1365	517
1366	1003
1367	222
1368	2044
1369	286
1370	1603
1371	233
1372	1613
1373	294
1374	1041
1375	2370
1376	1573
1377	215
1378	923
1379	325
1380	2930
1381	282
1382	854
1383	261
1384	1535
1385	407
1386	1742
1387	218
1388	1398
1389	237
1390	1356
1391	250
1392	1657
1393	220
1394	941
1395	353
1396	1420
1397	474
1398	876
1399	214
1400	3150
1401	221
1402	880
1403	213
1404	1406
1405	377
1406	802
1407	229
1408	3193
1409	228
1410	1459
1411	177
1412	1520
1413	288
1414	821
1415	344
1416	1627
1417	194
1418	896
1419	449
1420	1881
1421	246
1422	808
1423	216
1424	1408
1425	291
1426	766
1427	227
1428	1449
1429	232
1430	4603
1431	193
1432	1317
1433	207
1434	864
1435	279
1436	1158
1437	223
1438	843
1439	194
1440	20241
1441	296
1442	1135
1443	201
1444	2262
1445	1619
1446	1068
1447	249
1448	2320
1449	325
1450	4089
1451	193
1452	2786
1453	251
1454	1044
1455	1080
1456	1995
1457	242
1458	983
1459	289
1460	4490
1461	259
1462	1005
1463	384
1464	2254
1465	687
1466	902
1467	206
1468	1595
1469	250
1470	2940
1471	250
1472	1732
1473	221
1474	1632
1475	524
1476	1570
1477	227
1478	921
1479	266
1480	3977
1481	201
1482	966
1483	185
1484	1665
1485	1703
1486	911
1487	262
1488	2200
1489	261
1490	1948
1491	217
1492	1412
1493	268
1494	903
1495	517
1496	2642
1497	260
1498	978
1499	223
1500	3570
1501	269
1502	900
1503	251
1504	1709
1505	439
1506	939
1507	352
1508	1411
1509	247
1510	1570
1511	215
1512	1807
1513	201
1514	825
1515	317
1516	1357
1517	230
1518	1324
1519	205
1520	3147
1521	211
1522	855
1523	198
1524	1416
1525	447
1526	855
1527	183
1528	1618
1529	303
1530	1565
1531	180
1532	1239
1533	227
1534	843
1535	285
1536	1831
1537	200
1538	746
1539	216
1540	5601
1541	221
1542	870
1543	200
1544	1497
1545	363
1546	722
1547	166
1548	1420
1549	214
1550	1406
1551	301
1552	1349
1553	173
1554	856
1555	270
1556	1273
1557	192
1558	738
1559	175
1560	3115
1561	170
1562	1149
1563	165
1564	1292
1565	366
1566	734
1567	176
1568	1407
1569	208
1570	1191
1571	145
1572	1367
1573	274
1574	718
1575	316
1576	1211
1577	148
1578	673
1579	159
1580	1779
1581	211
1582	768
1583	187
1584	2644
1585	224
1586	713
1587	140
1588	1179
1589	202
1590	972
1591	196
1592	1288
1593	162
1594	773
1595	769
1596	1224
1597	194
1598	670
1599	174
1600	61042
1601	153
1602	2192
1603	166
1604	3824
1605	5331
1606	1235
1607	318
1608	3282
1609	321
1610	9439
1611	186
1612	1579
1613	272
1614	1085
1615	2251
1616	2015
1617	292
1618	891
1619	258
1620	10281
1621	220
1622	784
1623	203
1624	1693
1625	1444
1626	793
1627	203
1628	1862
1629	254
1630	5393
1631	160
1632	1716
1633	208
1634	846
1635	998
1636	1166
1637	200
1638	806
1639	269
1640	7198
1641	194
1642	761
1643	161
1644	1326
1645	1243
1646	655
1647	196
1648	1346
1649	227
1650	5220
1651	152
1652	1038
1653	199
1654	676
1655	719
1656	1309
1657	157
1658	687
1659	186
1660	5385
1661	229
1662	662
1663	201
1664	1299
1665	765
1666	640
1667	181
1668	1113
1669	202
1670	2311
1671	144
1672	1565
1673	166
1674	672
1675	512
1676	939
1677	165
1678	630
1679	163
1680	5009
1681	155
1682	657
1683	202
1684	1097
1685	677
1686	611
1687	160
1688	1158
1689	155
1690	2503
1691	141
1692	1000
1693	182
1694	911
1695	477
1696	1075
1697	150
1698	637
1699	143
1700	3052
1701	168
1702	616
1703	129
1704	1262
1705	739
1706	556
1707	131
1708	912
1709	172
1710	1409
1711	137
1712	952
1713	141
1714	575
1715	282
1716	1220
1717	117
1718	512
1719	117
1720	3354
1721	155
1722	587
1723	148
1724	905
1725	506
1726	562
1727	184
1728	1167
1729	153
1730	1378
1731	110
1732	892
1733	112
1734	504
1735	393
1736	974
1737	141
1738	676
1739	104
1740	1965
1741	120
1742	514
1743	124
1744	837
1745	284
1746	513
1747	128
1748	938
1749	187
1750	1111
1751	116
1752	941
1753	112
1754	480
1755	211
1756	782
1757	116
1758	518
1759	132
1760	10498
1761	128
1762	594
1763	128
1764	1122
1765	448
1766	497
1767	140
1768	1031
1769	142
1770	1387
1771	159
1772	830
1773	146
1774	476
1775	290
1776	981
1777	132
1778	469
1779	126
1780	2119
1781	133
1782	1242
1783	123
1784	929
1785	289
1786	436
1787	112
1788	799
1789	123
1790	993
1791	121
1792	880
1793	151
1794	503
1795	198
1796	731
1797	109
1798	421
1799	101
1800	8087
1801	127
1802	501
1803	111
1804	1799
1805	592
1806	466
1807	98
1808	987
1809	131
1810	1502
1811	103
1812	788
1813	145
1814	546
1815	1310
1816	806
1817	121
1818	445
1819	110
1820	1849
1821	123
1822	421
1823	109
1824	953
1825	259
1826	661
1827	117
1828	715
1829	137
1830	891
1831	86
1832	748
1833	104
1834	438
1835	191
1836	744
1837	211
1838	439
1839	119
1840	2403
1841	102
1842	434
1843	90
1844	714
1845	335
1846	395
1847	134
1848	1552
1849	113
1850	870
1851	95
1852	670
1853	107
1854	403
1855	256
1856	751
1857	96
1858	466
1859	195
1860	1414
1861	122
1862	409
1863	111
1864	700
1865	187
1866	432
1867	112
1868	613
1869	122
1870	2403
1871	122
1872	792
1873	110
1874	436
1875	194
1876	601
1877	127
1878	453
1879	111
1880	1606
1881	133
1882	397
1883	102
1884	704
1885	198
1886	382
1887	119
1888	709
1889	116
1890	815
1891	83
1892	891
1893	94
1894	352
1895	163
1896	770
1897	102
1898	354
1899	86
1900	1245
1901	95
1902	385
1903	143
1904	685
1905	158
1906	332
1907	73
1908	667
1909	95
1910	593
1911	122
1912	616
1913	94
1914	569
1915	108
1916	534
1917	109
1918	345
1919	89
1920	5884
1921	91
1922	425
1923	83
1924	952
1925	746
1926	383
1927	91
1928	868
1929	106
1930	1252
1931	88
1932	697
1933	97
1934	388
1935	294
1936	1033
1937	109
1938	392
1939	86
1940	1527
1941	88
1942	366
1943	89
1944	854
1945	266
1946	376
1947	160
1948	592
1949	106
1950	907
1951	93
1952	623
1953	79
1954	360
1955	192
1956	603
1957	99
1958	558
1959	104
1960	1653
1961	85
1962	336
1963	105
1964	631
1965	261
1966	364
1967	114
1968	837
1969	127
1970	751
1971	85
1972	508
1973	94
1974	402
1975	156
1976	612
1977	89
1978	382
1979	86
1980	7074
1981	101
1982	389
1983	87
1984	741
1985	231
1986	381
1987	80
1988	704
1989	99
1990	794
1991	128
1992	733
1993	65
1994	332
1995	183
1996	570
1997	105
1998	356
1999	88
2000	1851
2001	88
2002	608
2003	103
2004	607
2005	191
2006	322
2007	97
2008	598
2009	70
2010	739
2011	101
2012	581
2013	150
2014	354
2015	132
2016	743
2017	79
2018	326
2019	94
2020	1081
2021	83
2022	330
2023	91
2024	1055
2025	128
2026	314
2027	64
2028	551
2029	109
2030	502
2031	85
2032	604
2033	92
2034	331
2035	650
2036	502
2037	101
2038	307
2039	76
2040	1398
2041	72
2042	304
2043	66
2044	510
2045	141
2046	450
2047	76
2048	573
2049	84
2050	500
2051	68
2052	505
2053	91
2054	307
2055	152
2056	582
2057	133
2058	298
2059	65
2060	758
2061	89
2062	283
2063	88
2064	554
2065	101
2066	292
2067	62
2068	762
2069	91
2070	440
2071	66
2072	523
2073	60
2074	285
2075	88
2076	504
2077	74
2078	279
2079	133
2080	922
2081	70
2082	280
2083	82
2084	489
2085	117
2086	252
2087	65
2088	546
2089	69
2090	1640
2091	70
2092	455
2093	64
2094	279
2095	94
2096	482
2097	72
2098	279
2099	72
2100	783
2101	103
2102	253
2103	71
2104	474
2105	105
2106	257
2107	65
2108	386
2109	73
2110	400
2111	54
2112	772
2113	66
2114	239
2115	95
2116	402
2117	67
2118	245
2119	70
2120	746
2121	68
2122	241
2123	90
2124	427
2125	88
2126	228
2127	64
2128	404
2129	65
2130	406
2131	61
2132	377
2133	72
2134	367
2135	75
2136	473
2137	64
2138	218
2139	65
2140	559
2141	50
2142	228
2143	63
2144	456
2145	337
2146	209
2147	60
2148	402
2149	62
2150	333
2151	80
2152	390
2153	75
2154	198
2155	63
2156	564
2157	72
2158	233
2159	67
2160	3394
2161	66
2162	275
2163	65
2164	509
2165	281
2166	283
2167	85
2168	516
2169	92
2170	753
2171	64
2172	460
2173	65
2174	240
2175	184
2176	476
2177	60
2178	359
2179	59
2180	851
2181	70
2182	237
2183	80
2184	530
2185	129
2186	248
2187	61
2188	396
2189	106
2190	537
2191	66
2192	432
2193	66
2194	232
2195	126
2196	398
2197	61
2198	245
2199	85
2200	6045
2201	49
2202	310
2203	55
2204	539
2205	220
2206	263
2207	74
2208	581
2209	57
2210	602
2211	87
2212	413
2213	66
2214	283
2215	113
2216	496
2217	70
2218	219
2219	58
2220	989
2221	60
2222	536
2223	57
2224	483
2225	92
2226	281
2227	54
2228	377
2229	70
2230	404
2231	71
2232	528
2233	82
2234	227
2235	91
2236	387
2237	49
2238	245
2239	60
2240	866
2241	65
2242	221
2243	53
2244	867
2245	106
2246	215
2247	55
2248	467
2249	68
2250	390
2251	49
2252	358
2253	71
2254	211
2255	528
2256	482
2257	67
2258	242
2259	67
2260	601
2261	63
2262	232
2263	57
2264	381
2265	88
2266	326
2267	45
2268	399
2269	55
2270	313
2271	61
2272	416
2273	54
2274	226
2275	76
2276	337
2277	96
2278	210
2279	63
2280	806
2281	52
2282	211
2283	48
2284	347
2285	109
2286	214
2287	46
2288	641
2289	46
2290	311
2291	48
2292	389
2293	51
2294	193
2295	89
2296	345
2297	44
2298	197
2299	96
2300	462
2301	53
2302	183
2303	62
2304	440
2305	55
2306	189
2307	41
2308	356
2309	56
2310	1344
2311	55
2312	341
2313	38
2314	206
2315	62
2316	358
2317	38
2318	204
2319	51
2320	596
2321	64
2322	176
2323	31
2324	316
2325	79
2326	210
2327	53
2328	366
2329	48
2330	287
2331	42
2332	518
2333	42
2334	175
2335	53
2336	342
2337	47
2338	188
2339	43
2340	512
2341	55
2342	165
2343	82
2344	318
2345	64
2346	184
2347	50
2348	315
2349	47
2350	244
2351	46
2352	388
2353	43
2354	257
2355	56
2356	305
2357	48
2358	212
2359	41
2360	475
2361	29
2362	166
2363	41
2364	368
2365	277
2366	162
2367	46
2368	310
2369	52
2370	226
2371	43
2372	239
2373	46
2374	189
2375	62
2376	525
2377	44
2378	164
2379	43
2380	374
2381	45
2382	185
2383	46
2384	316
2385	59
2386	176
2387	68
2388	281
2389	38
2390	218
2391	57
2392	287
2393	55
2394	165
2395	47
2396	282
2397	42
2398	232
2399	55
2400	21509
2401	52
2402	638
2403	45
2404	1216
2405	1987
2406	266
2407	94
2408	1004
2409	157
2410	3308
2411	50
2412	529
2413	82
2414	330
2415	770
2416	625
2417	78
2418	269
2419	56
2420	4509
2421	72
2422	245
2423	68
2424	660
2425	489
2426	224
2427	54
2428	401
2429	76
2430	1827
2431	68
2432	433
2433	60
2434	253
2435	301
2436	345
2437	47
2438	195
2439	54
2440	2496
2441	38
2442	347
2443	45
2444	393
2445	437
2446	192
2447	51
2448	447
2449	55
2450	1134
2451	43
2452	288
2453	73
2454	256
2455	207
2456	346
2457	68
2458	184
2459	52
2460	1734
2461	47
2462	189
2463	53
2464	532
2465	255
2466	166
2467	42
2468	339
2469	58
2470	725
2471	36
2472	348
2473	57
2474	186
2475	399
2476	270
2477	59
2478	182
2479	48
2480	1376
2481	35
2482	146
2483	47
2484	368
2485	197
2486	214
2487	41
2488	332
2489	44
2490	738
2491	34
2492	274
2493	40
2494	165
2495	159
2496	385
2497	45
2498	178
2499	48
2500	993
2501	40
2502	173
2503	39
2504	279
2505	129
2506	151
2507	36
2508	389
2509	42
2510	378
2511	28
2512	295
2513	46
2514	148
2515	93
2516	253
2517	37
2518	152
2519	62
2520	1241
2521	33
2522	162
2523	41
2524	284
2525	134
2526	144
2527	39
2528	291
2529	40
2530	904
2531	39
2532	271
2533	40
2534	134
2535	118
2536	277
2537	36
2538	135
2539	33
2540	571
2541	56
2542	143
2543	37
2544	286
2545	105
2546	138
2547	40
2548	233
2549	51
2550	362
2551	33
2552	311
2553	28
2554	127
2555	60
2556	260
2557	38
2558	148
2559	37
2560	709
2561	27
2562	192
2563	43
2564	233
2565	85
2566	126
2567	41
2568	276
2569	37
2570	293
2571	34
2572	214
2573	33
2574	191
2575	78
2576	260
2577	31
2578	151
2579	30
2580	584
2581	28
2582	125
2583	29
2584	256
2585	215
2586	146
2587	41
2588	213
2589	39
2590	226
2591	30
2592	260
2593	28
2594	120
2595	65
2596	258
2597	33
2598	133
2599	31
2600	648
2601	31
2602	137
2603	25
2604	249
2605	69
2606	101
2607	47
2608	222
2609	29
2610	252
2611	27
2612	219
2613	27
2614	144
2615	51
2616	238
2617	37
2618	166
2619	34
2620	398
2621	33
2622	141
2623	36
2624	212
2625	52
2626	123
2627	34
2628	224
2629	53
2630	172
2631	38
2632	200
2633	30
2634	120
2635	34
2636	165
2637	27
2638	99
2639	34
2640	9261
2641	26
2642	185
2643	35
2644	379
2645	277
2646	161
2647	45
2648	362
2649	46
2650	717
2651	39
2652	356
2653	27
2654	151
2655	155
2656	315
2657	36
2658	169
2659	35
2660	728
2661	38
2662	664
2663	45
2664	339
2665	84
2666	146
2667	34
2668	225
2669	27
2670	397
2671	35
2672	227
2673	51
2674	140
2675	52
2676	240
2677	26
2678	131
2679	26
2680	525
2681	27
2682	120
2683	36
2684	769
2685	87
2686	134
2687	32
2688	286
2689	39
2690	236
2691	25
2692	242
2693	21
2694	131
2695	868
2696	174
2697	31
2698	111
2699	53
2700	801
2701	29
2702	110
2703	34
2704	220
2705	76
2706	219
2707	28
2708	194
2709	39
2710	232
2711	35
2712	226
2713	24
2714	135
2715	71
2716	179
2717	69
2718	103
2719	26
2720	409
2721	28
2722	102
2723	28
2724	206
2725	61
2726	108
2727	30
2728	556
2729	41
2730	206
2731	26
2732	227
2733	30
2734	105
2735	65
2736	261
2737	31
2738	78
2739	76
2740	324
2741	28
2742	105
2743	34
2744	220
2745	40
2746	105
2747	33
2748	186
2749	32
2750	1381
2751	37
2752	185
2753	25
2754	126
2755	58
2756	177
2757	35
2758	127
2759	34
2760	494
2761	37
2762	107
2763	24
2764	172
2765	62
2766	103
2767	24
2768	171
2769	30
2770	228
2771	29
2772	463
2773	39
2774	110
2775	59
2776	212
2777	27
2778	110
2779	23
2780	282
2781	30
2782	112
2783	47
2784	230
2785	44
2786	99
2787	31
2788	181
2789	35
2790	196
2791	21
2792	151
2793	25
2794	263
2795	41
2796	183
2797	28
2798	106
2799	37
2800	400
2801	18
2802	105
2803	18
2804	174
2805	348
2806	105
2807	21
2808	205
2809	32
2810	148
2811	22
2812	151
2813	25
2814	93
2815	42
2816	376
2817	17
2818	86
2819	22
2820	273
2821	39
2822	102
2823	26
2824	192
2825	53
2826	90
2827	59
2828	162
2829	19
2830	138
2831	22
2832	189
2833	25
2834	115
2835	35
2836	158
2837	23
2838	208
2839	19
2840	249
2841	26
2842	111
2843	30
2844	149
2845	38
2846	101
2847	23
2848	163
2849	56
2850	140
2851	18
2852	134
2853	36
2854	76
2855	26
2856	191
2857	27
2858	80
2859	20
2860	1419
2861	21
2862	107
2863	22
2864	162
2865	47
2866	95
2867	23
2868	164
2869	30
2870	183
2871	34
2872	174
2873	20
2874	85
2875	36
2876	130
2877	28
2878	69
2879	22
2880	2669
2881	21
2882	245
2883	14
2884	314
2885	166
2886	142
2887	32
2888	292
2889	26
2890	525
2891	27
2892	246
2893	45
2894	123
2895	122
2896	225
2897	27
2898	149
2899	21
2900	626
2901	19
2902	141
2903	25
2904	547
2905	80
2906	118
2907	31
2908	208
2909	23
2910	361
2911	31
2912	245
2913	30
2914	128
2915	238
2916	202
2917	25
2918	115
2919	34
2920	583
2921	24
2922	114
2923	23
2924	253
2925	84
2926	183
2927	34
2928	310
2929	29
2930	243
2931	23
2932	189
2933	22
2934	118
2935	71
2936	185
2937	50
2938	103
2939	23
2940	515
2941	26
2942	121
2943	17
2944	205
2945	67
2946	121
2947	24
2948	288
2949	35
2950	194
2951	31
2952	230
2953	26
2954	117
2955	51
2956	204
2957	31
2958	84
2959	38
2960	377
2961	25
2962	91
2963	20
2964	198
2965	47
2966	110
2967	22
2968	225
2969	32
2970	1146
2971	20
2972	180
2973	17
2974	125
2975	54
2976	265
2977	17
2978	122
2979	18
2980	319
2981	35
2982	112
2983	32
2984	173
2985	54
2986	112
2987	21
2988	179
2989	28
2990	219
2991	21
2992	326
2993	18
2994	101
2995	25
2996	180
2997	31
2998	89
2999	31
3000	471
3001	29
3002	95
3003	42
3004	168
3005	40
3006	102
3007	26
3008	199
3009	18
3010	201
3011	22
3012	205
3013	19
3014	177
3015	42
3016	184
3017	28
3018	100
3019	23
3020	239
3021	24
3022	93
3023	28
3024	226
3025	172
3026	84
3027	23
3028	157
3029	30
3030	150
3031	16
3032	157
3033	27
3034	100
3035	40
3036	256
3037	20
3038	111
3039	21
3040	302
3041	17
3042	93
3043	22
3044	152
3045	60
3046	90
3047	17
3048	157
3049	20
3050	117
3051	16
3052	133
3053	26
3054	86
3055	29
3056	199
3057	19
3058	141
3059	21
3060	262
3061	23
3062	79
3063	30
3064	154
3065	30
3066	94
3067	25
3068	122
3069	27
3070	110
3071	23
3072	204
3073	28
3074	69
3075	22
3076	136
3077	16
3078	95
3079	17
3080	1082
3081	19
3082	81
3083	19
3084	153
3085	34
3086	76
3087	22
3088	168
3089	18
3090	161
3091	27
3092	120
3093	15
3094	67
3095	26
3096	165
3097	23
3098	66
3099	9
3100	255
3101	20
3102	135
3103	12
3104	157
3105	26
3106	76
3107	24
3108	155
3109	29
3110	117
3111	21
3112	142
3113	26
3114	81
3115	23
3116	131
3117	15
3118	61
3119	13
3120	377
3121	9
3122	79
3123	14
3124	219
3125	31
3126	70
3127	21
3128	146
3129	24
3130	120
3131	19
3132	160
3133	28
3134	74
3135	207
3136	143
3137	21
3138	71
3139	19
3140	184
3141	23
3142	79
3143	18
3144	169
3145	33
3146	133
3147	24
3148	159
3149	16
3150	121
3151	19
3152	162
3153	25
3154	79
3155	25
3156	154
3157	25
3158	72
3159	16
3160	199
3161	23
3162	75
3163	22
3164	146
3165	28
3166	78
3167	20
3168	321
3169	14
3170	77
3171	14
3172	132
3173	18
3174	73
3175	27
3176	130
3177	14
3178	72
3179	34
3180	171
3181	31
3182	67
3183	21
3184	155
3185	14
3186	61
3187	15
3188	159
3189	9
3190	474
3191	13
3192	162
3193	19
3194	62
3195	29
3196	125
3197	24
3198	67
3199	17
3200	11451
3201	24
3202	321
3203	14
3204	746
3205	939
3206	115
3207	51
3208	537
3209	45
3210	1792
3211	16
3212	336
3213	35
3214	152
3215	452
3216	344
3217	33
3218	121
3219	38
3220	1643
3221	23
3222	110
3223	37
3224	264
3225	280
3226	110
3227	21
3228	210
3229	26
3230	1068
3231	14
3232	195
3233	20
3234	173
3235	157
3236	166
3237	25
3238	110
3239	27
3240	1604
3241	14
3242	88
3243	28
3244	191
3245	377
3246	94
3247	22
3248	199
3249	21
3250	622
3251	22
3252	159
3253	22
3254	94
3255	164
3256	207
3257	16
3258	114
3259	15
3260	1058
3261	17
3262	85
3263	18
3264	207
3265	150
3266	97
3267	33
3268	141
3269	29
3270	457
3271	16
3272	125
3273	21
3274	98
3275	94
3276	167
3277	26
3278	98
3279	18
3280	772
3281	17
3282	86
3283	9
3284	149
3285	97
3286	58
3287	25
3288	193
3289	28
3290	491
3291	10
3292	126
3293	25
3294	97
3295	72
3296	139
3297	15
3298	75
3299	23
3300	1889
3301	10
3302	82
3303	12
3304	131
3305	90
3306	65
3307	17
3308	144
3309	22
3310	270
3311	17
3312	156
3313	17
3314	78
3315	44
3316	118
3317	17
3318	74
3319	10
3320	728
3321	9
3322	135
3323	14
3324	142
3325	72
3326	68
3327	16
3328	116
3329	16
3330	292
3331	17
3332	118
3333	22
3334	76
3335	66
3336	146
3337	10
3338	60
3339	17
3340	448
3341	12
3342	71
3343	12
3344	224
3345	33
3346	70
3347	11
3348	111
3349	21
3350	188
3351	11
3352	99
3353	10
3354	63
3355	139
3356	108
3357	11
3358	56
3359	7
3360	480
3361	13
3362	68
3363	13
3364	136
3365	51
3366	90
3367	12
3368	115
3369	15
3370	170
3371	10
3372	100
3373	25
3374	65
3375	31
3376	94
3377	24
3378	58
3379	12
3380	370
3381	16
3382	61
3383	15
3384	153
3385	50
3386	59
3387	13
3388	146
3389	18
3390	146
3391	8
3392	119
3393	14
3394	64
3395	39
3396	105
3397	18
3398	58
3399	30
3400	406
3401	12
3402	66
3403	9
3404	106
3405	27
3406	59
3407	7
3408	157
3409	11
3410	406
3411	18
3412	90
3413	7
3414	63
3415	26
3416	119
3417	13
3418	45
3419	14
3420	244
3421	19
3422	52
3423	10
3424	99
3425	33
3426	56
3427	6
3428	97
3429	24
3430	106
3431	8
3432	164
3433	8
3434	59
3435	22
3436	77
3437	18
3438	46
3439	26
3440	314
3441	18
3442	56
3443	24
3444	115
3445	36
3446	58
3447	15
3448	115
3449	16
3450	122
3451	13
3452	95
3453	15
3454	79
3455	35
3456	116
3457	12
3458	61
3459	18
3460	175
3461	20
3462	53
3463	14
3464	93
3465	83
3466	48
3467	10
3468	82
3469	14
3470	121
3471	9
3472	93
3473	11
3474	46
3475	29
3476	97
3477	15
3478	41
3479	14
3480	193
3481	7
3482	43
3483	13
3484	106
3485	22
3486	48
3487	17
3488	113
3489	15
3490	84
3491	9
3492	93
3493	7
3494	52
3495	19
3496	90
3497	11
3498	71
3499	9
3500	171
3501	9
3502	56
3503	10
3504	115
3505	21
3506	49
3507	14
3508	86
3509	17
3510	89
3511	13
3512	73
3513	9
3514	41
3515	12
3516	99
3517	13
3518	51
3519	10
3520	1799
3521	13
3522	60
3523	13
3524	126
3525	52
3526	42
3527	10
3528	117
3529	4
3530	139
3531	13
3532	79
3533	10
3534	45
3535	31
3536	99
3537	8
3538	49
3539	12
3540	200
3541	13
3542	135
3543	8
3544	99
3545	25
3546	47
3547	9
3548	67
3549	12
3550	100
3551	11
3552	104
3553	16
3554	43
3555	20
3556	85
3557	17
3558	40
3559	11
3560	215
3561	7
3562	39
3563	8
3564	204
3565	28
3566	48
3567	13
3568	106
3569	11
3570	119
3571	12
3572	58
3573	9
3574	35
3575	198
3576	90
3577	9
3578	32
3579	15
3580	123
3581	10
3582	37
3583	14
3584	99
3585	13
3586	62
3587	8
3588	87
3589	11
3590	82
3591	14
3592	97
3593	11
3594	48
3595	12
3596	67
3597	20
3598	36
3599	15
3600	2905
3601	7
3602	89
3603	9
3604	201
3605	260
3606	68
3607	21
3608	241
3609	17
3610	433
3611	13
3612	106
3613	21
3614	66
3615	99
3616	134
3617	24
3618	54
3619	31
3620	456
3621	16
3622	42
3623	17
3624	134
3625	68
3626	51
3627	13
3628	107
3629	16
3630	617
3631	12
3632	102
3633	13
3634	64
3635	48
3636	76
3637	8
3638	51
3639	12
3640	316
3641	11
3642	64
3643	7
3644	100
3645	60
3646	44
3647	9
3648	121
3649	13
3650	204
3651	9
3652	121
3653	16
3654	50
3655	46
3656	92
3657	14
3658	46
3659	11
3660	275
3661	10
3662	60
3663	22
3664	87
3665	38
3666	45
3667	7
3668	68
3669	11
3670	144
3671	13
3672	102
3673	10
3674	85
3675	23
3676	79
3677	13
3678	42
3679	15
3680	303
3681	15
3682	40
3683	9
3684	101
3685	143
3686	36
3687	16
3688	82
3689	14
3690	120
3691	8
3692	78
3693	7
3694	41
3695	34
3696	158
3697	7
3698	43
3699	6
3700	194
3701	12
3702	50
3703	13
3704	71
3705	34
3706	41
3707	25
3708	83
3709	15
3710	75
3711	17
3712	73
3713	13
3714	44
3715	17
3716	73
3717	9
3718	64
3719	13
3720	237
3721	8
3722	35
3723	8
3724	74
3725	32
3726	43
3727	13
3728	76
3729	18
3730	62
3731	7
3732	62
3733	5
3734	39
3735	23
3736	66
3737	7
3738	48
3739	9
3740	510
3741	11
3742	50
3743	15
3744	93
3745	21
3746	41
3747	10
3748	62
3749	6
3750	99
3751	11
3752	82
3753	6
3754	31
3755	18
3756	54
3757	7
3758	38
3759	9
3760	169
3761	6
3762	66
3763	12
3764	62
3765	20
3766	29
3767	10
3768	84
3769	7
3770	72
3771	13
3772	78
3773	13
3774	35
3775	14
3776	71
3777	10
3778	47
3779	10
3780	161
3781	8
3782	37
3783	10
3784	95
3785	11
3786	37
3787	7
3788	70
3789	10
3790	49
3791	5
3792	83
3793	8
3794	36
3795	89
3796	50
3797	15
3798	32
3799	12
3800	170
3801	9
3802	36
3803	4
3804	55
3805	13
3806	50
3807	7
3808	68
3809	8
3810	61
3811	5
3812	56
3813	6
3814	32
3815	17
3816	68
3817	9
3818	32
3819	11
3820	89
3821	11
3822	22
3823	15
3824	64
3825	13
3826	28
3827	8
3828	92
3829	12
3830	53
3831	8
3832	62
3833	7
3834	35
3835	9
3836	52
3837	6
3838	36
3839	15
3840	403
3841	5
3842	28
3843	8
3844	66
3845	12
3846	23
3847	13
3848	88
3849	10
3850	300
3851	9
3852	54
3853	8
3854	37
3855	27
3856	61
3857	9
3858	24
3859	10
3860	138
3861	13
3862	34
3863	11
3864	87
3865	22
3866	35
3867	11
3868	61
3869	12
3870	72
3871	9
3872	81
3873	7
3874	34
3875	15
3876	53
3877	5
3878	37
3879	8
3880	133
3881	11
3882	30
3883	12
3884	72
3885	16
3886	30
3887	13
3888	87
3889	12
3890	57
3891	2
3892	41
3893	12
3894	53
3895	7
3896	47
3897	8
3898	28
3899	4
3900	106
3901	10
3902	29
3903	7
3904	69
3905	63
3906	42
3907	11
3908	55
3909	13
3910	58
3911	7
3912	68
3913	4
3914	31
3915	8
3916	58
3917	10
3918	27
3919	4
3920	122
3921	4
3922	43
3923	9
3924	65
3925	15
3926	31
3927	12
3928	56
3929	9
3930	42
3931	11
3932	46
3933	8
3934	31
3935	15
3936	60
3937	8
3938	47
3939	12
3940	83
3941	7
3942	39
3943	2
3944	54
3945	11
3946	33
3947	6
3948	48
3949	13
3950	36
3951	10
3952	53
3953	5
3954	26
3955	10
3956	52
3957	3
3958	36
3959	9
3960	2519
3961	11
3962	42
3963	3
3964	95
3965	67
3966	41
3967	7
3968	84
3969	8
3970	137
3971	10
3972	67
3973	8
3974	33
3975	33
3976	63
3977	12
3978	36
3979	12
3980	163
3981	7
3982	137
3983	10
3984	81
3985	17
3986	39
3987	5
3988	47
3989	11
3990	112
3991	16
3992	56
3993	15
3994	38
3995	15
3996	46
3997	5
3998	30
3999	9
4000	180
4001	10
4002	33
4003	7
4004	180
4005	22
4006	23
4007	9
4008	80
4009	5
4010	75
4011	5
4012	55
4013	9
4014	35
4015	254
4016	54
4017	8
4018	38
4019	15
4020	135
4021	5
4022	21
4023	13
4024	46
4025	14
4026	45
4027	3
4028	51
4029	4
4030	59
4031	5
4032	82
4033	7
4034	24
4035	16
4036	49
4037	14
4038	30
4039	5
4040	98
4041	5
4042	26
4043	10
4044	59
4045	22
4046	28
4047	9
4048	124
4049	10
4050	51
4051	2
4052	48
4053	7
4054	23
4055	15
4056	63
4057	7
4058	25
4059	25
4060	72
4061	4
4062	21
4063	8
4064	48
4065	11
4066	30
4067	6
4068	45
4069	4
4070	381
4071	11
4072	53
4073	2
4074	29
4075	17
4076	32
4077	7
4078	33
4079	7
4080	129
4081	14
4082	30
4083	2
4084	43
4085	18
4086	29
4087	10
4088	49
4089	8
4090	46
4091	1
4092	97
4093	8
4094	37
4095	9
4096	50
4097	10
4098	31
4099	7
4100	82
4101	6
4102	22
4103	15
4104	51
4105	17
4106	19
4107	7
4108	37
4109	2
4110	60
4111	1
4112	35
4113	6
4114	64
4115	9
4116	38
4117	6
4118	23
4119	5
4120	70
4121	4
4122	31
4123	6
4124	41
4125	96
4126	23
4127	9
4128	52
4129	2
4130	46
4131	3
4132	34
4133	5
4134	26
4135	17
4136	80
4137	8
4138	26
4139	12
4140	70
4141	9
4142	19
4143	5
4144	32
4145	9
4146	16
4147	12
4148	25
4149	5
4150	26
4151	5
4152	48
4153	6
4154	19
4155	11
4156	38
4157	8
4158	50
4159	10
4160	67
4161	6
4162	22
4163	6
4164	45
4165	17
4166	21
4167	9
4168	42
4169	14
4170	32
4171	4
4172	35
4173	4
4174	33
4175	10
4176	39
4177	5
4178	24
4179	5
4180	410
4181	6
4182	25
4183	5
4184	33
4185	17
4186	24
4187	2
4188	49
4189	7
4190	50
4191	13
4192	34
4193	5
4194	25
4195	9
4196	32
4197	7
4198	29
4199	8
4200	102
4201	10
4202	50
4203	3
4204	42
4205	10
4206	13
4207	7
4208	39
4209	4
4210	26
4211	1
4212	40
4213	5
4214	25
4215	7
4216	25
4217	3
4218	23
4219	5
4220	64
4221	5
4222	20
4223	5
4224	79
4225	5
4226	21
4227	4
4228	24
4229	7
4230	30
4231	4
4232	42
4233	8
4234	20
4235	61
4236	34
4237	5
4238	20
4239	8
4240	61
4241	3
4242	27
4244	36
4245	6
4246	35
4247	4
4248	51
4249	4
4250	24
4251	5
4252	34
4253	6
4254	23
4255	9
4256	41
4257	13
4258	22
4259	3
4260	50
4261	5
4262	19
4263	5
4264	33
4265	6
4266	12
4267	3
4268	48
4269	1
4270	20
4271	2
4272	41
4273	7
4274	18
4275	6
4276	41
4277	5
4278	22
4279	13
4280	46
4282	14
4283	6
4284	35
4285	4
4286	25
4287	5
4288	38
4289	9
4290	209
4291	4
4292	30
4293	3
4294	19
4295	9
4296	26
4297	2
4298	18
4299	7
4300	46
4301	8
4302	19
4303	3
4304	32
4305	6
4306	17
4307	3
4308	31
4309	2
4310	34
4311	4
4312	54
4313	2
4314	18
4315	4
4316	22
4317	2
4318	15
4319	5
4320	501
4321	5
4322	20
4323	9
4324	52
4325	24
4326	29
4327	4
4328	64
4329	8
4330	97
4331	4
4332	38
4333	5
4334	44
4335	23
4336	56
4337	10
4338	26
4339	3
4340	97
4341	6
4342	25
4343	9
4344	72
4345	57
4346	10
4347	6
4348	40
4349	11
4350	59
4351	6
4352	44
4353	5
4354	22
4355	12
4356	65
4357	9
4358	17
4359	8
4360	87
4361	5
4362	29
4363	6
4364	72
4365	23
4366	13
4367	3
4368	46
4369	9
4370	46
4371	6
4372	45
4373	1
4374	27
4375	10
4376	39
4377	2
4378	36
4379	6
4380	110
4381	7
4382	21
4383	2
4384	40
4385	7
4386	29
4387	5
4388	47
4389	14
4390	22
4391	2
4392	41
4393	7
4394	17
4395	13
4396	34
4397	9
4398	20
4400	3356
4401	3
4402	32
4403	7
4404	88
4405	74
4406	34
4407	6
4408	81
4409	6
4410	195
4411	11
4412	39
4413	8
4414	25
4415	31
4416	82
4417	4
4418	27
4419	2
4420	221
4421	3
4422	198
4423	9
4424	60
4425	14
4426	28
4427	12
4428	48
4429	4
4430	72
4431	10
4432	47
4433	9
4434	30
4435	5
4436	34
4437	6
4438	29
4439	3
4440	175
4441	6
4442	15
4443	5
4444	229
4445	13
4446	23
4447	7
4448	54
4449	3
4450	56
4451	5
4452	48
4453	6
4454	25
4455	298
4456	27
4457	8
4458	21
4459	14
4460	108
4461	5
4462	30
4463	8
4464	50
4465	24
4466	50
4467	2
4468	41
4469	6
4470	35
4471	8
4472	22
4473	5
4474	15
4475	28
4476	35
4477	27
4478	24
4479	4
4480	96
4481	6
4482	28
4483	4
4484	25
4485	15
4486	21
4487	4
4488	153
4489	2
4490	47
4491	2
4492	35
4493	7
4494	18
4495	11
4496	41
4497	2
4498	35
4499	16
4500	77
4501	4
4502	16
4503	7
4504	43
4505	5
4506	23
4507	4
4508	34
4509	3
4510	464
4511	4
4512	45
4513	6
4514	16
4515	11
4516	22
4517	3
4518	19
4519	7
4520	88
4521	7
4522	26
4523	3
4524	39
4525	6
4526	23
4527	7
4528	35
4529	10
4530	45
4531	6
4532	80
4533	5
4534	21
4535	16
4536	52
4537	3
4538	17
4539	3
4540	55
4541	5
4542	22
4543	18
4544	26
4545	5
4546	21
4547	5
4548	37
4549	3
4550	37
4551	4
4552	41
4553	2
4554	53
4555	8
4556	28
4557	8
4558	13
4559	6
4560	96
4561	4
4562	16
4563	9
4564	35
4565	89
4566	21
4567	2
4568	23
4569	5
4570	42
4571	7
4572	31
4573	3
4574	15
4575	7
4576	67
4577	2
4578	26
4579	4
4580	62
4581	4
4582	17
4583	7
4584	53
4585	14
4586	15
4587	14
4588	27
4589	8
4590	33
4591	7
4592	38
4593	7
4594	10
4595	12
4596	27
4597	5
4598	36
4599	2
4600	47
4601	1
4602	24
4603	5
4604	20
4605	5
4606	20
4607	9
4608	39
4609	10
4610	13
4611	4
4612	21
4613	4
4614	21
4615	6
4616	35
4617	5
4618	18
4619	4
4620	451
4621	3
4622	16
4623	3
4624	31
4625	13
4626	15
4627	4
4628	44
4629	11
4630	43
4631	7
4632	35
4633	6
4634	22
4635	8
4636	34
4637	5
4638	14
4639	5
4640	88
4641	5
4642	27
4643	3
4644	33
4645	7
4646	14
4647	4
4648	18
4649	4
4650	43
4651	2
4652	22
4653	13
4654	15
4655	6
4656	27
4657	2
4658	21
4659	3
4660	49
4661	2
4662	16
4663	1
4664	61
4665	5
4666	15
4667	4
4668	29
4669	4
4670	21
4671	2
4672	46
4673	1
4674	16
4675	63
4676	23
4677	6
4678	13
4679	3
4680	50
4681	4
4682	15
4683	4
4684	33
4685	8
4686	22
4687	3
4688	33
4689	4
4690	16
4691	5
4692	25
4693	1
4694	12
4695	10
4696	27
4697	9
4698	13
4699	2
4700	34
4701	3
4702	16
4703	7
4704	43
4705	5
4706	10
4708	55
4709	2
4710	19
4711	2
4712	25
4713	4
4714	19
4715	6
4716	24
4717	4
4718	17
4719	8
4720	41
4721	1
4722	12
4723	4
4724	30
4725	10
4726	11
4727	2
4728	46
4729	1
4730	224
4731	5
4732	34
4733	2
4734	16
4735	6
4736	29
4737	7
4738	20
4739	6
4740	45
4741	3
4742	19
4743	6
4744	29
4745	5
4746	26
4747	4
4748	23
4749	6
4750	25
4751	4
4752	68
4753	4
4754	11
4755	4
4756	27
4758	11
4759	2
4760	41
4761	2
4762	16
4763	6
4764	27
4765	7
4766	17
4767	9
4768	26
4769	1
4770	22
4771	5
4772	20
4773	6
4774	30
4775	5
4776	35
4777	2
4778	23
4779	5
4780	32
4781	4
4782	20
4783	2
4784	26
4785	40
4786	16
4787	4
4788	24
4789	3
4790	22
4791	1
4792	16
4793	2
4794	18
4795	10
4796	35
4797	4
4798	12
4799	4
4800	4884
4801	3
4802	104
4803	2
4804	290
4805	420
4806	55
4807	19
4808	229
4809	29
4810	754
4811	6
4812	121
4813	9
4814	45
4815	219
4816	136
4817	10
4818	65
4819	9
4820	763
4821	12
4822	39
4823	17
4824	102
4825	122
4826	32
4827	9
4828	79
4829	14
4830	464
4831	7
4832	86
4833	3
4834	31
4835	93
4836	53
4837	7
4838	25
4839	6
4840	932
4841	5
4842	41
4843	6
4844	80
4845	128
4846	14
4847	4
4848	107
4849	8
4850	281
4851	7
4852	41
4853	9
4854	37
4855	54
4856	49
4857	9
4858	38
4859	8
4860	480
4861	6
4862	51
4863	8
4864	58
4865	61
4866	23
4867	8
4868	39
4869	5
4870	205
4871	3
4872	41
4873	8
4874	23
4875	33
4876	36
4877	9
4878	34
4879	6
4880	317
4881	4
4882	32
4883	7
4884	74
4885	36
4886	18
4887	6
4888	62
4889	9
4890	174
4891	2
4892	32
4893	8
4894	27
4895	80
4896	56
4897	8
4898	27
4899	14
4900	277
4901	6
4902	22
4903	7
4904	55
4905	27
4906	29
4907	3
4908	48
4909	7
4910	98
4911	10
4912	28
4913	7
4914	16
4915	16
4916	40
4917	14
4918	21
4919	4
4920	302
4921	7
4922	27
4923	2
4924	36
4925	31
4926	26
4927	5
4928	66
4929	8
4930	103
4931	2
4932	40
4933	6
4934	17
4935	28
4936	40
4937	6
4938	21
4939	11
4940	136
4941	6
4942	16
4943	3
4944	42
4945	14
4946	12
4947	7
4948	30
4949	9
4950	219
4951	2
4952	29
4953	6
4954	23
4955	9
4956	23
4957	1
4958	20
4959	3
4960	135
4961	3
4962	14
4963	1
4964	42
4965	18
4966	12
4967	5
4968	41
4969	4
4970	56
4971	4
4972	33
4973	6
4974	15
4975	14
4976	37
4977	5
4978	11
4979	5
4980	132
4981	4
4982	14
4983	6
4984	28
4985	7
4986	22
4987	2
4988	26
4989	5
4990	42
4991	4
4992	41
4993	1
4994	20
4995	12
4996	32
4997	1
4998	26
4999	4
5000	121
5001	3
5002	16
5003	3
5004	26
5005	69
5006	7
5007	2
5008	27
5009	3
5010	66
5011	2
5012	26
5013	8
5014	14
5015	12
5016	37
5017	4
5018	12
5019	3
5020	58
5021	4
5022	21
5023	3
5024	25
5025	10
5026	12
5027	7
5028	21
5029	4
5030	26
5031	3
5032	31
5033	3
5034	13
5035	5
5036	22
5037	4
5038	18
5039	3
5040	180
5041	3
5042	15
5043	2
5044	32
5045	8
5046	13
5047	4
5048	41
5049	6
5050	46
5051	3
5052	27
5053	5
5054	16
5055	9
5056	24
5057	2
5058	13
5059	1
5060	247
5061	3
5062	22
5063	2
5064	41
5065	14
5066	12
5067	3
5068	27
5069	4
5070	44
5071	6
5072	26
5073	4
5074	12
5075	8
5076	25
5077	9
5078	15
5079	2
5080	57
5081	4
5082	22
5083	2
5084	27
5085	9
5086	16
5087	2
5088	32
5089	6
5090	31
5091	4
5092	18
5093	6
5094	13
5095	2
5096	30
5097	2
5098	18
5099	7
5100	71
5101	5
5102	16
5103	7
5104	34
5105	3
5106	15
5107	3
5108	17
5109	4
5110	25
5111	4
5112	23
5113	4
5114	17
5115	34
5116	27
5117	3
5118	13
5119	4
5120	64
5121	9
5122	14
5123	1
5124	28
5125	4
5126	17
5127	2
5128	18
5129	5
5130	36
5131	1
5132	24
5133	2
5134	9
5135	4
5136	28
5137	6
5138	17
5139	6
5140	47
5141	2
5142	17
5143	4
5144	21
5145	7
5146	18
5147	4
5148	22
5149	3
5150	25
5151	5
5152	29
5153	4
5154	12
5155	5
5156	13
5157	8
5158	16
5159	6
5160	63
5161	2
5162	14
5163	2
5164	24
5165	11
5166	8
5167	4
5168	25
5169	2
5170	103
5171	1
5172	26
5173	1
5174	25
5175	2
5176	18
5178	10
5179	1
5180	46
5181	4
5182	13
5184	29
5185	2
5186	13
5187	1
5188	24
5189	2
5190	26
5191	5
5192	16
5193	3
5194	16
5195	4
5196	25
5197	4
5198	13
5199	7
5200	71
5201	2
5202	6
5203	7
5204	27
5205	6
5206	10
5207	3
5208	28
5209	2
5210	22
5211	4
5212	16
5214	18
5215	3
5216	22
5217	3
5218	11
5219	1
5220	42
5221	2
5222	13
5223	3
5224	25
5225	19
5226	11
5228	23
5229	5
5230	13
5231	3
5232	21
5233	3
5234	1
5235	6
5236	29
5237	3
5238	8
5239	3
5240	25
5241	6
5242	10
5243	3
5244	27
5245	8
5246	20
5247	4
5248	23
5249	2
5250	16
5252	20
5253	1
5254	8
5255	7
5256	19
5257	4
5258	14
5259	1
5260	27
5261	2
5262	18
5264	20
5265	3
5266	10
5267	3
5268	27
5269	2
5270	11
5271	5
5272	10
5273	2
5274	12
5275	1
5276	16
5278	6
5279	3
5280	2120
5281	3
5282	24
5283	1
5284	58
5285	43
5286	17
5287	3
5288	45
5289	4
5290	143
5291	2
5292	44
5293	6
5294	12
5295	33
5296	38
5297	1
5298	21
5299	2
5300	144
5302	138
5303	6
5304	52
5305	17
5306	16
5307	6
5308	21
5309	5
5310	78
5311	3
5312	35
5313	1
5314	25
5315	19
5316	17
5317	4
5318	18
5319	2
5320	91
5321	2
5322	11
5323	3
5324	172
5325	13
5326	8
5327	3
5328	41
5329	2
5330	30
5331	3
5332	19
5333	4
5334	21
5335	213
5336	19
5337	1
5338	12
5339	6
5340	77
5341	1
5342	17
5344	26
5345	12
5346	26
5347	4
5348	15
5349	5
5350	24
5351	2
5352	29
5353	2
5354	19
5355	20
5356	20
5357	11
5358	11
5359	3
5360	55
5361	3
5362	8
5364	18
5365	16
5366	11
5367	2
5368	87
5369	1
5370	23
5371	1
5372	30
5373	5
5374	8
5375	18
5376	36
5377	2
5378	7
5379	19
5380	37
5381	4
5382	7
5383	5
5384	24
5385	2
5386	10
5387	2
5388	18
5389	2
5390	334
5391	1
5392	16
5393	3
5394	14
5395	9
5396	19
5397	4
5398	16
5399	2
5400	239
5401	6
5402	13
5403	4
5404	14
5405	10
5406	13
5407	2
5408	20
5409	3
5410	54
5411	1
5412	53
5413	1
5414	14
5415	13
5416	25
5417	3
5418	15
5419	4
5420	71
5421	4
5422	11
5423	8
5424	32
5425	8
5426	13
5427	4
5428	22
5429	2
5430	38
5431	2
5432	18
5433	2
5434	38
5435	2
5436	18
5437	3
5438	9
5439	4
5440	61
5441	3
5442	15
5443	5
5444	17
5445	73
5446	12
5447	3
5448	22
5449	1
5450	27
5451	1
5452	24
5453	2
5454	11
5455	7
5456	51
5457	2
5458	12
5459	2
5460	46
5461	2
5462	6
5463	1
5464	20
5465	14
5466	14
5467	3
5468	15
5469	2
5470	21
5471	3
5472	20
5473	3
5474	3
5475	8
5476	21
5478	22
5479	3
5480	42
5482	14
5483	2
5484	16
5485	4
5486	18
5488	28
5489	10
5490	18
5491	1
5492	12
5493	2
5494	8
5495	2
5496	21
5497	2
5498	11
5499	3
5500	298
5501	3
5502	18
5503	4
5504	28
5505	6
5506	9
5507	3
5508	23
5509	6
5510	28
5511	6
5512	14
5513	2
5514	9
5515	5
5516	11
5517	2
5518	5
5520	82
5521	4
5522	28
5523	3
5524	17
5525	6
5526	14
5527	4
5528	15
5530	22
5531	3
5532	13
5533	9
5534	12
5535	4
5536	19
5537	7
5538	11
5539	2
5540	36
5541	3
5542	9
5543	1
5544	58
5545	4
5546	9
5547	1
5548	19
5549	6
5550	15
5551	2
5552	25
5553	1
5554	6
5555	52
5556	18
5557	5
5558	8
5559	3
5560	28
5561	5
5562	8
5563	6
5564	16
5565	6
5566	16
5567	5
5568	14
5569	1
5570	22
5571	2
5572	21
5574	12
5575	8
5576	12
5577	6
5578	8
5579	1
5580	39
5581	3
5582	5
5583	4
5584	15
5585	6
5586	8
5587	1
5588	38
5589	2
5590	9
5591	1
5592	23
5593	3
5594	4
5595	4
5596	13
5597	2
5598	14
5599	7
5600	33
5601	3
5602	5
5603	2
5604	20
5605	5
5606	7
5607	2
5608	19
5609	3
5610	176
5611	2
5612	16
5613	7
5614	9
5615	6
5616	22
5617	1
5618	10
5619	1
5620	27
5621	4
5622	9
5623	2
5624	15
5625	4
5626	6
5628	25
5629	4
5630	23
5631	3
5632	37
5633	3
5634	6
5635	5
5636	18
5637	1
5638	14
5639	2
5640	36
5641	2
5642	7
5643	5
5644	11
5645	5
5646	7
5647	1
5648	17
5650	25
5651	1
5652	15
5653	3
5654	23
5655	3
5656	16
5658	11
5660	20
5661	1
5662	10
5663	2
5664	20
5665	23
5666	6
5667	2
5668	17
5669	2
5670	19
5671	3
5672	10
5673	4
5674	6
5675	3
5676	21
5677	1
5678	10
5679	2
5680	21
5681	3
5682	6
5683	3
5684	15
5685	4
5686	11
5687	2
5688	13
5689	1
5690	9
5691	2
5692	9
5693	1
5694	5
5695	4
5696	16
5698	10
5700	17
5702	3
5703	3
5704	10
5705	5
5706	5
5707	4
5708	8
5709	3
5710	13
5711	1
5712	15
5713	1
5714	3
5715	3
5716	14
5718	7
5719	2
5720	213
5721	3
5722	8
5723	4
5724	22
5725	3
5726	10
5727	1
5728	16
5729	4
5730	21
5731	6
5732	10
5733	2
5734	5
5735	8
5736	18
5737	1
5738	5
5739	4
5740	25
5741	4
5742	22
5744	9
5745	3
5746	8
5747	2
5748	12
5750	13
5751	2
5752	14
5753	2
5754	5
5756	7
5757	3
5758	9
5759	3
5760	272
5761	2
5762	8
5763	1
5764	43
5765	5
5766	11
5768	30
5769	1
5770	33
5771	2
5772	19
5773	3
5774	9
5775	50
5776	22
5777	1
5778	8
5779	1
5780	43
5781	5
5782	20
5783	1
5784	41
5785	5
5786	11
5787	1
5788	17
5790	33
5791	3
5792	18
5793	1
5794	8
5795	6
5796	29
5797	5
5798	10
5799	2
5800	44
5801	4
5802	7
5804	21
5805	6
5806	7
5807	2
5808	50
5809	1
5810	23
5811	2
5812	20
5813	3
5814	11
5815	5
5816	23
5818	9
5819	6
5820	42
5821	2
5822	6
5823	1
5824	23
5825	4
5826	11
5827	2
5828	22
5829	4
5830	109
5831	1
5832	19
5833	4
5834	8
5835	5
5836	16
5837	6
5838	10
5839	2
5840	46
5841	4
5842	12
5843	3
5844	18
5845	2
5846	8
5847	3
5848	24
5850	19
5851	3
5852	25
5853	3
5854	8
5855	3
5856	18
5858	8
5859	2
5860	36
5861	1
5862	7
5863	4
5864	10
5865	2
5866	9
5867	1
5868	13
5869	2
5870	15
5871	3
5872	16
5873	1
5874	12
5875	1
5876	17
5877	6
5878	10
5879	2
5880	49
5881	3
5882	6
5883	2
5884	11
5885	28
5886	7
5887	1
5888	15
5889	4
5890	8
5891	3
5892	16
5893	1
5894	11
5895	6
5896	15
5898	10
5899	1
5900	28
5901	1
5902	10
5904	24
5905	2
5906	3
5907	1
5908	9
5909	5
5910	12
5911	1
5912	11
5913	3
5914	12
5915	4
5916	10
5917	1
5918	11
5919	2
5920	24
5921	3
5922	8
5923	2
5924	11
5925	6
5926	10
5927	2
5928	15
5929	4
5930	8
5931	5
5932	9
5934	8
5935	2
5936	20
5938	9
5939	3
5940	395
5941	4
5942	8
5943	3
5944	14
5945	10
5946	8
5947	3
5948	10
5949	5
5950	20
5951	1
5952	17
5953	4
5954	10
5955	5
5956	10
5957	2
5958	13
5959	1
5960	42
5961	2
5962	20
5963	1
5964	11
5965	2
5966	4
5967	1
5968	11
5969	2
5970	22
5971	5
5972	17
5973	5
5974	11
5975	3
5976	16
5977	1
5978	10
5979	1
5980	34
5981	2
5982	8
5983	1
5984	34
5985	1
5986	8
5987	1
5988	19
5989	3
5990	7
5991	2
5992	6
5993	2
5994	1
5995	42
5996	17
5997	3
5998	8
5999	3
6000	51
6001	2
6002	8
6003	4
6004	14
6005	5
6006	7
6007	1
6008	16
6009	1
6010	11
6011	1
6012	14
6013	5
6014	7
6015	4
6016	19
6017	4
6018	8
6019	1
6020	23
6022	10
6023	2
6024	30
6025	5
6026	6
6027	1
6028	20
6029	3
6030	6
6031	1
6032	14
6034	10
6035	6
6036	11
6037	1
6038	9
6039	7
6040	20
6041	1
6042	9
6043	1
6044	8
6045	2
6046	6
6048	23
6050	92
6052	11
6053	4
6054	6
6055	2
6056	18
6057	1
6058	4
6060	26
6061	3
6062	2
6064	12
6065	3
6066	4
6067	3
6068	11
6069	2
6070	12
6071	6
6072	21
6073	2
6074	9
6075	4
6076	12
6077	3
6078	7
6079	2
6080	14
6082	11
6083	3
6084	13
6085	1
6086	5
6088	18
6090	13
6091	3
6092	9
6093	1
6094	15
6095	2
6096	15
6097	2
6098	5
6100	9
6101	6
6102	4
6103	3
6104	11
6105	17
6106	11
6107	1
6108	13
6109	2
6110	11
6111	1
6112	14
6113	2
6114	6
6115	6
6116	6
6118	7
6120	20
6121	2
6122	10
6124	14
6125	1
6126	6
6127	2
6128	13
6130	11
6132	12
6133	2
6134	6
6135	1
6136	4
6138	12
6140	14
6141	1
6142	4
6143	2
6144	13
6145	2
6146	7
6147	1
6148	16
6149	4
6150	10
6152	10
6153	4
6154	3
6155	1
6156	13
6158	6
6160	148
6161	3
6162	6
6164	12
6165	5
6166	5
6167	1
6168	12
6169	4
6170	17
6171	1
6172	13
6174	7
6175	1
6176	16
6177	1
6178	8
6179	1
6180	21
6181	1
6182	14
6183	1
6184	10
6185	2
6186	5
6187	1
6188	12
6189	4
6190	14
6191	3
6192	9
6193	1
6194	12
6195	2
6196	8
6197	2
6198	3
6199	2
6200	24
6201	2
6202	6
6203	3
6204	22
6206	2
6208	9
6209	3
6210	9
6211	4
6212	7
6214	2
6215	32
6216	15
6217	3
6218	3
6219	4
6220	16
6221	3
6222	4
6223	3
6224	12
6225	4
6226	7
6227	2
6228	9
6229	1
6230	4
6231	2
6232	7
6233	1
6234	14
6235	4
6236	11
6238	2
6240	17
6242	9
6243	1
6244	6
6245	1
6246	9
6247	1
6248	14
6249	2
6250	3
6251	2
6252	10
6254	5
6255	1
6256	6
6257	3
6258	10
6259	2
6260	17
6261	1
6262	8
6264	7
6265	2
6266	12
6268	4
6269	2
6270	68
6271	1
6272	6
6274	8
6275	2
6276	10
6277	1
6278	9
6279	3
6280	16
6281	3
6282	1
6283	4
6284	14
6285	3
6286	8
6287	1
6288	18
6289	1
6290	14
6291	1
6292	9
6293	2
6294	8
6295	3
6296	13
6297	1
6298	6
6299	1
6300	19
6301	2
6302	10
6303	6
6304	6
6305	2
6306	7
6308	7
6309	1
6310	9
6311	2
6312	11
6314	11
6315	1
6316	5
6317	1
6318	5
6319	2
6320	10
6321	4
6322	4
6323	1
6324	9
6325	16
6326	8
6328	9
6330	4
6332	6
6334	3
6335	2
6336	24
6338	3
6339	2
6340	16
6341	2
6342	3
6343	1
6344	12
6345	3
6346	4
6347	1
6348	6
6349	1
6350	6
6352	5
6354	8
6355	1
6356	11
6357	1
6358	7
6360	16
6361	1
6362	6
6363	1
6364	11
6365	1
6366	6
6367	1
6368	4
6369	4
6370	8
6372	9
6373	1
6374	3
6375	2
6376	8
6377	1
6378	3
6380	90
6381	3
6382	6
6384	14
6385	2
6386	7
6387	3
6388	10
6389	1
6390	7
6392	10
6393	2
6394	7
6396	7
6398	5
6399	2
6400	1190
6402	32
6403	2
6404	84
6405	54
6406	13
6407	6
6408	72
6409	4
6410	188
6411	2
6412	24
6413	6
6414	15
6415	47
6416	45
6417	3
6418	14
6419	5
6420	203
6421	2
6422	14
6423	5
6424	36
6425	24
6426	8
6427	1
6428	12
6429	3
6430	114
6431	1
6432	33
6433	4
6434	10
6435	39
6436	18
6437	2
6438	8
6439	2
6440	150
6441	1
6442	6
6443	2
6444	20
6445	27
6446	11
6448	13
6449	1
6450	62
6451	1
6452	16
6453	4
6454	7
6455	16
6456	18
6457	2
6458	6
6459	7
6460	101
6461	2
6462	9
6463	3
6464	14
6465	14
6466	3
6467	1
6468	16
6470	63
6471	2
6472	10
6473	2
6474	11
6475	9
6476	13
6477	3
6478	10
6479	4
6480	159
6482	1
6483	1
6484	16
6485	7
6486	10
6487	2
6488	4
6489	1
6490	92
6491	1
6492	11
6493	2
6494	7
6495	8
6496	10
6497	4
6498	9
6499	1
6500	61
6501	3
6502	10
6504	14
6505	10
6506	5
6507	1
6508	10
6509	1
6510	34
6512	19
6513	3
6514	9
6515	2
6516	17
6517	4
6518	10
6519	1
6520	104
6521	1
6522	6
6523	4
6524	9
6525	6
6526	3
6528	15
6530	43
6532	9
6533	1
6534	12
6535	6
6536	13
6538	8
6539	2
6540	48
6541	2
6542	7
6543	2
6544	6
6545	11
6546	7
6547	3
6548	12
6549	1
6550	26
6552	14
6553	1
6554	1
6555	5
6556	12
6558	9
6559	1
6560	47
6561	2
6562	10
6563	1
6564	17
6565	6
6566	4
6567	2
6568	15
6569	2
6570	19
6571	1
6572	8
6573	1
6574	5
6575	1
6576	14
6577	1
6578	6
6579	1
6580	43
6581	1
6582	7
6583	1
6584	12
6585	4
6586	7
6588	22
6589	3
6590	17
6592	14
6594	10
6595	2
6596	10
6597	1
6598	4
6599	2
6600	982
6601	2
6602	8
6603	1
6604	20
6605	17
6606	3
6607	1
6608	19
6609	1
6610	55
6611	4
6612	6
6613	1
6614	10
6615	6
6616	12
6617	1
6618	7
6619	1
6620	52
6621	1
6622	35
6624	26
6625	2
6626	8
6627	2
6628	13
6629	1
6630	31
6631	3
6632	10
6633	4
6634	4
6635	2
6636	9
6637	3
6638	4
6640	77
6641	1
6642	4
6644	61
6645	3
6646	2
6647	1
6648	19
6649	2
6650	27
6651	1
6652	7
6654	5
6655	67
6656	11
6657	2
6658	9
6659	2
6660	38
6661	2
6662	6
6664	10
6665	7
6666	8
6667	1
6668	7
6670	17
6672	5
6673	1
6674	5
6675	6
6676	7
6677	3
6678	5
6679	1
6680	53
6682	8
6683	2
6684	12
6685	3
6686	2
6687	3
6688	26
6689	3
6690	13
6692	12
6694	4
6695	4
6696	17
6697	1
6698	8
6699	7
6700	17
6702	6
6703	1
6704	7
6705	4
6706	4
6707	3
6708	12
6710	118
6712	7
6713	1
6714	4
6715	1
6716	6
6717	1
6718	8
6720	35
6721	1
6722	10
6723	2
6724	5
6725	4
6726	2
6727	2
6728	9
6729	2
6730	11
6731	1
6732	24
6733	1
6734	3
6735	3
6736	6
6737	2
6738	6
6739	2
6740	13
6741	1
6742	6
6743	4
6744	2
6745	1
6746	4
6748	10
6749	1
6750	6
6751	1
6752	8
6753	1
6754	3
6755	1
6756	4
6757	1
6758	2
6760	20
6762	5
6763	2
6764	13
6765	33
6766	5
6768	6
6770	15
6772	4
6774	3
6775	3
6776	15
6778	3
6779	1
6780	16
6781	2
6782	8
6783	2
6784	3
6785	2
6786	4
6787	2
6788	7
6789	3
6790	11
6791	1
6792	14
6794	3
6796	11
6797	3
6798	6
6799	1
6800	24
6802	2
6803	4
6804	8
6805	3
6806	2
6807	1
6808	8
6809	3
6810	7
6811	1
6812	3
6813	4
6814	4
6815	2
6816	7
6818	2
6820	137
6821	3
6822	3
6823	1
6824	11
6825	2
6826	4
6828	11
6830	17
6831	2
6832	6
6834	1
6835	3
6836	8
6837	1
6838	3
6839	2
6840	34
6841	1
6842	13
6843	1
6844	8
6845	2
6846	1
6847	2
6848	4
6849	1
6850	9
6851	1
6852	7
6853	2
6854	5
6856	12
6857	1
6858	2
6859	1
6860	8
6862	6
6864	19
6865	4
6866	5
6868	7
6869	3
6870	4
6871	1
6872	8
6874	4
6875	15
6876	10
6878	2
6880	18
6882	3
6883	1
6884	11
6885	4
6886	5
6888	7
6890	10
6892	5
6893	1
6894	5
6895	1
6896	10
6898	4
6900	18
6901	2
6902	4
6903	3
6904	16
6905	1
6906	7
6908	9
6909	1
6910	3
6911	3
6912	14
6913	1
6914	3
6916	7
6917	2
6918	3
6919	3
6920	12
6922	4
6923	1
6924	6
6925	2
6927	1
6928	7
6929	2
6930	55
6931	1
6932	9
6934	3
6935	2
6936	5
6937	2
6938	1
6939	1
6940	14
6941	1
6942	2
6943	4
6944	5
6945	1
6946	4
6948	6
6949	2
6950	8
6952	5
6954	4
6956	4
6957	2
6958	4
6959	1
6960	14
6961	2
6962	4
6964	3
6965	3
6966	2
6967	1
6968	2
6969	1
6970	12
6971	1
6972	4
6974	8
6975	1
6976	7
6977	1
6978	3
6979	1
6980	8
6982	2
6984	12
6985	15
6986	2
6987	2
6988	8
6989	1
6990	3
6992	8
6994	2
6996	8
6997	2
6998	1
6999	1
7000	18
7001	1
7002	3
7004	4
7005	1
7006	3
7007	2
7008	2
7010	6
7011	1
7012	5
7013	1
7014	3
7015	1
7016	10
7018	4
7019	1
7020	8
7022	7
7024	3
7025	1
7026	5
7028	8
7029	1
7030	5
7031	1
7032	5
7033	1
7034	2
7036	4
7038	3
7040	216
7042	2
7043	2
7044	8
7045	1
7046	4
7048	6
7049	2
7050	14
7051	1
7052	5
7053	1
7054	1
7055	6
7056	7
7057	1
7058	5
7059	1
7060	27
7061	1
7062	19
7063	1
7064	8
7065	2
7066	1
7068	9
7070	9
7072	8
7075	2
7077	3
7078	3
7080	15
7081	1
7082	2
7083	1
7084	29
7085	1
7086	2
7088	7
7090	7
7091	1
7092	10
7094	3
7095	22
7096	6
7097	2
7098	1
7099	2
7100	9
7102	1
7103	2
7104	7
7105	2
7106	9
7107	1
7108	8
7109	2
7110	6
7111	1
7112	4
7114	2
7115	2
7116	6
7117	1
7118	3
7119	1
7120	6
7122	2
7123	1
7124	3
7125	3
7126	2
7128	15
7129	2
7130	7
7131	1
7132	6
7134	6
7136	7
7137	1
7138	2
7140	12
7142	6
7143	1
7144	4
7146	4
7148	3
7150	49
7152	7
7154	3
7155	2
7156	8
7158	2
7160	9
7161	1
7162	11
7163	2
7164	11
7165	2
7166	2
7168	1
7169	2
7170	3
7172	10
7173	2
7174	4
7175	3
7176	2
7178	2
7179	1
7180	3
7181	1
7182	3
7183	5
7184	4
7185	2
7186	6
7188	12
7190	9
7191	2
7192	6
7193	1
7194	14
7196	3
7197	1
7198	1
7200	830
7202	17
7204	44
7205	88
7206	10
7207	3
7208	37
7209	6
7210	121
7211	2
7212	27
7213	4
7214	10
7215	29
7216	21
7217	3
7218	6
7220	133
7221	1
7222	6
7223	3
7224	26
7225	16
7226	8
7227	3
7228	10
7229	5
7230	81
7231	1
7232	15
7233	2
7234	15
7235	20
7236	13
7237	3
7238	4
7239	1
7240	106
7241	2
7242	7
7243	2
7244	18
7245	16
7246	10
7248	17
7250	36
7252	4
7253	1
7254	4
7255	8
7256	11
7257	1
7258	4
7259	1
7260	136
7262	6
7263	2
7264	19
7265	7
7266	6
7267	3
7268	20
7270	33
7272	10
7273	2
7274	7
7275	4
7276	5
7277	2
7278	4
7280	73
7281	2
7282	8
7283	1
7284	14
7285	6
7286	5
7287	2
7288	15
7289	2
7290	32
7291	2
7292	8
7293	1
7294	5
7295	6
7296	14
7298	8
7300	45
7301	2
7302	3
7303	3
7304	12
7305	4
7306	4
7308	13
7309	1
7310	13
7311	1
7312	6
7314	3
7315	15
7316	6
7317	1
7318	4
7319	2
7320	52
7322	4
7323	1
7324	9
7325	2
7326	10
7327	1
7328	6
7329	1
7330	14
7332	10
7334	5
7335	7
7336	2
7338	2
7340	21
7342	7
7344	9
7345	1
7346	1
7348	18
7350	19
7352	4
7353	1
7354	3
7355	2
7356	10
7357	1
7358	5
7359	1
7360	24
7361	2
7362	2
7364	8
7365	4
7366	5
7367	2
7368	10
7369	3
7370	39
7372	8
7373	1
7374	3
7375	2
7376	8
7377	1
7378	2
7379	1
7380	34
7381	1
7382	4
7383	2
7384	7
7385	3
7386	3
7387	2
7388	7
7389	1
7390	8
7391	1
7392	12
7394	6
7395	3
7396	8
7398	3
7400	21
7402	5
7404	7
7405	2
7407	1
7408	5
7409	2
7410	11
7412	6
7413	1
7414	6
7415	1
7416	7
7418	4
7420	15
7422	4
7423	1
7424	7
7425	9
7426	1
7427	1
7428	9
7430	5
7431	1
7432	4
7436	6
7438	2
7440	24
7441	2
7442	4
7444	5
7445	1
7446	2
7447	2
7448	8
7449	1
7450	10
7452	5
7454	3
7455	2
7456	5
7458	3
7460	11
7462	2
7464	6
7465	1
7468	3
7469	2
7470	10
7471	2
7472	8
7474	1
7476	2
7478	1
7480	67
7482	3
7484	7
7486	2
7487	1
7488	10
7490	7
7492	4
7494	3
7495	1
7496	11
7498	2
7499	1
7500	13
7501	1
7502	4
7503	1
7504	7
7506	3
7507	1
7508	4
7509	1
7510	10
7512	3
7514	2
7515	1
7516	3
7517	1
7518	3
7520	15
7522	2
7523	1
7524	6
7526	4
7528	3
7529	1
7530	3
7532	3
7534	7
7535	10
7536	3
7538	2
7540	7
7541	1
7542	2
7543	1
7544	1
7546	2
7547	1
7548	3
7550	3
7551	1
7552	1
7554	3
7556	5
7557	1
7558	2
7560	25
7564	2
7565	2
7566	5
7568	13
7570	7
7571	1
7572	6
7574	1
7576	2
7577	2
7578	2
7580	5
7582	3
7584	9
7586	4
7588	4
7589	1
7590	31
7592	5
7594	2
7595	3
7596	2
7597	1
7598	2
7599	1
7600	19
7602	6
7604	6
7606	2
7608	2
7609	2
7610	3
7612	5
7613	2
7614	4
7615	3
7616	6
7618	1
7620	6
7622	2
7624	7
7625	2
7626	3
7628	1
7629	1
7630	1
7632	3
7633	2
7634	5
7636	5
7638	2
7640	10
7644	4
7645	5
7646	1
7648	8
7650	3
7652	4
7654	1
7656	5
7657	1
7658	2
7659	1
7660	3
7661	1
7662	3
7663	1
7664	3
7666	4
7667	3
7668	3
7670	5
7672	2
7674	4
7675	1
7676	5
7677	1
7678	4
7679	1
7680	19
7682	3
7683	1
7684	7
7685	1
7686	4
7687	2
7688	1
7689	1
7690	4
7692	2
7693	1
7694	1
7696	5
7698	1
7700	38
7701	2
7702	5
7703	1
7704	8
7705	1
7706	1
7707	1
7708	4
7709	2
7710	4
7711	1
7712	4
7714	1
7715	1
7716	5
7718	1
7720	8
7721	2
7722	6
7724	5
7725	1
7728	8
7730	2
7732	3
7734	2
7735	1
7736	1
7738	1
7740	10
7741	1
7742	2
7743	1
7744	2
7745	1
7746	3
7748	2
7750	1
7751	1
7752	6
7753	1
7755	7
7756	6
7757	1
7758	1
7759	1
7760	4
7762	4
7763	1
7764	7
7765	2
7766	3
7768	7
7770	2
7772	3
7774	1
7775	1
7776	3
7777	1
7778	4
7780	4
7782	3
7783	1
7784	6
7787	1
7788	13
7789	1
7790	2
7792	1
7794	1
7795	1
7796	4
7798	2
7799	1
7800	12
7802	2
7804	1
7805	1
7806	1
7807	1
7808	4
7810	24
7812	8
7814	5
7815	1
7816	1
7817	1
7818	2
7819	1
7820	2
7822	1
7823	2
7824	7
7825	2
7826	3
7828	7
7829	1
7830	2
7832	6
7834	1
7835	1
7836	4
7840	6
7842	2
7844	5
7846	2
7847	1
7848	4
7850	1
7852	7
7853	1
7854	2
7855	3
7856	3
7857	1
7858	4
7860	11
7862	3
7863	1
7865	2
7866	4
7867	1
7868	3
7870	2
7872	5
7874	3
7876	2
7877	3
7878	1
7880	1
7882	1
7884	3
7885	1
7886	5
7887	2
7888	3
7890	5
7891	1
7894	3
7896	4
7897	2
7898	3
7899	1
7900	2
7902	3
7903	1
7904	3
7908	4
7910	5
7912	2
7914	1
7916	2
7918	2
7919	1
7920	749
7922	6
7924	14
7925	21
7926	3
7927	2
7928	11
7930	33
7932	6
7933	2
7934	3
7935	14
7936	6
7938	2
7939	1
7940	33
7942	35
7943	1
7944	11
7945	12
7946	2
7947	1
7948	2
7950	29
7952	8
7954	1
7955	3
7956	5
7957	2
7958	1
7959	1
7960	28
7964	37
7965	7
7966	2
7968	8
7969	2
7970	15
7971	1
7972	5
7973	1
7974	1
7975	59
7976	5
7978	2
7979	3
7980	27
7983	1
7984	4
7985	4
7986	5
7987	2
7988	3
7989	1
7990	4
7991	1
7992	7
7993	1
7994	2
7995	9
7996	1
7997	4
8000	31
8002	2
8004	4
8005	7
8006	1
8008	19
8009	1
8010	9
8012	2
8013	1
8014	2
8015	4
8016	7
8018	3
8019	2
8020	12
8021	1
8022	1
8023	2
8024	6
8025	1
8026	2
8028	2
8030	93
8032	2
8034	4
8035	5
8036	2
8037	2
8038	3
8040	15
8041	3
8042	3
8043	2
8044	1
8045	3
8046	1
8047	1
8048	3
8049	1
8050	7
8052	7
8054	3
8055	5
8056	3
8058	2
8059	1
8060	9
8062	2
8063	2
8064	4
8066	2
8068	2
8070	8
8072	3
8073	1
8074	4
8076	4
8078	2
8080	8
8081	2
8082	5
8084	5
8085	30
8087	1
8088	8
8089	1
8090	2
8092	1
8093	4
8094	3
8096	10
8097	1
8098	1
8100	13
8103	1
8104	2
8106	1
8107	1
8108	2
8109	1
8110	4
8111	1
8112	2
8113	1
8114	2
8116	2
8117	2
8118	6
8120	9
8122	2
8124	5
8125	2
8126	2
8128	5
8129	2
8130	4
8132	3
8134	4
8136	5
8139	1
8140	80
8142	3
8143	2
8144	4
8145	2
8147	1
8148	5
8149	1
8150	11
8152	4
8154	3
8155	2
8156	5
8158	2
8159	3
8160	12
8162	5
8163	2
8164	3
8165	3
8166	3
8167	1
8168	3
8169	1
8170	11
8172	5
8174	2
8176	3
8177	1
8178	3
8180	6
8181	2
8182	2
8184	8
8185	1
8186	2
8187	1
8188	2
8190	3
8191	2
8192	5
8193	1
8194	3
8195	8
8196	3
8198	2
8200	3
8202	3
8204	5
8205	1
8206	6
8207	1
8208	7
8210	3
8211	2
8212	2
8213	1
8214	3
8215	2
8216	2
8217	3
8218	3
8220	6
8221	1
8222	2
8223	2
8224	3
8225	1
8226	1
8228	9
8230	5
8232	2
8234	3
8235	2
8236	2
8239	2
8240	8
8242	1
8244	2
8245	1
8246	3
8248	6
8250	45
8252	2
8254	2
8255	2
8256	2
8258	4
8260	8
8262	4
8264	1
8265	2
8268	2
8270	7
8272	5
8275	2
8276	1
8278	2
8280	7
8282	1
8283	1
8284	3
8285	1
8286	1
8288	2
8290	2
8291	1
8292	1
8293	1
8294	4
8296	2
8298	2
8299	1
8300	5
8302	2
8304	2
8305	8
8306	1
8310	2
8316	4
8320	2
8324	2
8325	1
8326	2
8327	2
8328	6
8329	1
8330	3
8332	1
8333	1
8334	2
8335	1
8336	4
8337	1
8338	3
8339	1
8340	6
8342	1
8344	2
8347	1
8348	1
8351	1
8352	3
8353	1
8354	1
8355	1
8356	2
8360	59
8361	1
8364	1
8365	1
8366	3
8367	2
8368	3
8370	4
8371	1
8372	4
8374	2
8376	4
8378	1
8380	10
8382	4
8384	4
8385	1
8386	1
8388	3
8389	1
8390	3
8392	3
8393	2
8394	3
8396	1
8398	2
8399	1
8400	13
8404	7
8405	1
8407	1
8408	1
8410	1
8412	3
8413	1
8414	1
8415	15
8416	1
8419	2
8420	6
8422	1
8423	1
8424	5
8425	1
8426	3
8427	1
8430	1
8432	3
8434	1
8435	1
8436	2
8437	2
8438	1
8440	3
8442	3
8444	2
8446	2
8447	1
8448	8
8452	2
8454	1
8455	1
8456	3
8458	2
8459	2
8460	6
8462	4
8464	3
8466	1
8468	2
8470	31
8471	1
8474	2
8476	2
8477	1
8478	2
8480	9
8482	3
8484	3
8488	3
8490	3
8492	3
8494	2
8496	3
8499	2
8500	7
8501	1
8503	1
8504	6
8505	2
8508	1
8510	3
8512	3
8514	2
8516	2
8518	1
8520	7
8522	2
8523	1
8524	1
8525	4
8530	2
8532	4
8534	1
8535	1
8536	3
8540	2
8541	3
8544	5
8547	2
8548	1
8549	2
8550	1
8552	2
8553	1
8554	1
8555	3
8558	2
8560	6
8562	2
8564	2
8565	2
8568	8
8569	1
8573	1
8574	4
8576	2
8578	1
8579	1
8580	55
8582	2
8584	2
8586	1
8588	4
8589	1
8590	6
8592	2
8595	1
8596	1
8597	1
8599	1
8600	6
8601	1
8602	4
8604	3
8608	2
8610	7
8612	1
8613	1
8614	1
8615	3
8616	2
8618	1
8619	1
8620	8
8621	2
8624	7
8625	1
8626	1
8628	2
8630	1
8632	3
8633	1
8635	10
8636	1
8638	2
8640	74
8641	1
8642	4
8644	3
8645	1
8646	3
8647	1
8648	7
8650	6
8651	1
8652	4
8654	2
8655	2
8657	4
8658	1
8660	10
8661	1
8662	3
8664	12
8665	2
8666	2
8668	2
8670	7
8671	2
8672	7
8673	1
8674	4
8676	4
8677	1
8678	4
8679	1
8680	4
8684	7
8685	2
8687	1
8688	8
8690	22
8691	1
8692	5
8693	1
8695	1
8696	4
8697	2
8698	1
8700	13
8702	1
8703	1
8704	5
8705	2
8706	1
8708	1
8710	4
8712	8
8714	2
8716	3
8718	2
8719	1
8720	2
8724	5
8728	4
8729	2
8730	4
8732	1
8733	1
8734	6
8735	1
8736	4
8737	1
8738	1
8739	1
8740	4
8741	1
8742	2
8744	5
8745	6
8746	4
8748	8
8749	1
8750	4
8752	3
8754	1
8756	6
8758	1
8760	9
8762	3
8764	4
8765	2
8766	2
8767	3
8768	1
8769	1
8770	4
8772	2
8776	1
8778	3
8780	6
8782	1
8784	3
8786	2
8788	3
8790	2
8791	1
8792	2
8794	2
8796	3
8798	2
8799	1
8800	1588
8802	5
8804	29
8805	38
8806	5
8807	1
8808	15
8809	2
8810	73
8812	4
8814	3
8815	19
8816	7
8818	2
8819	1
8820	76
8821	1
8822	70
8823	1
8824	17
8825	5
8826	3
8827	1
8828	2
8829	1
8830	27
8832	9
8833	1
8834	4
8835	2
8836	2
8838	2
8840	40
8842	5
8843	1
8844	99
8845	6
8846	6
8848	14
8849	4
8850	14
8852	5
8853	1
8854	6
8855	141
8856	1
8858	2
8859	4
8860	36
8861	1
8862	3
8864	4
8865	7
8866	13
8867	1
8868	2
8870	7
8871	1
8872	5
8873	1
8874	1
8875	5
8876	1
8877	2
8878	2
8879	1
8880	29
8881	1
8882	4
8884	10
8885	1
8886	2
8888	38
8889	1
8890	17
8891	1
8892	1
8893	2
8894	4
8895	4
8896	6
8898	3
8899	8
8900	12
8901	1
8902	5
8903	2
8904	4
8905	3
8906	1
8907	1
8908	3
8910	184
8912	2
8913	1
8914	6
8915	5
8916	3
8918	2
8919	1
8920	19
8921	1
8922	1
8923	1
8924	4
8925	2
8926	2
8928	5
8929	1
8930	14
8932	20
8934	1
8935	4
8936	2
8939	1
8940	9
8942	1
8943	1
8944	4
8945	1
8946	2
8948	5
8950	11
8951	1
8952	6
8953	2
8954	20
8955	3
8956	5
8957	1
8958	2
8960	4
8964	1
8965	45
8966	2
8967	3
8968	4
8969	1
8970	7
8971	1
8972	3
8974	2
8975	5
8976	25
8977	1
8978	3
8980	4
8982	2
8984	5
8985	4
8987	4
8988	1
8989	1
8990	6
8992	4
8994	2
8995	1
8996	1
8998	9
9000	14
9002	1
9004	2
9005	3
9006	1
9007	1
9009	2
9010	2
9012	4
9014	1
9015	2
9016	3
9018	4
9020	152
9021	1
9022	2
9023	1
9024	5
9025	7
9026	2
9028	2
9030	8
9031	3
9032	2
9034	2
9035	3
9036	3
9038	1
9040	24
9041	1
9042	4
9044	8
9045	4
9046	1
9047	1
9048	6
9050	5
9052	2
9053	3
9054	1
9055	1
9056	4
9057	1
9058	1
9060	14
9062	1
9064	27
9068	1
9069	2
9070	7
9072	3
9074	1
9075	18
9076	2
9078	1
9079	2
9080	4
9082	1
9083	1
9084	2
9085	2
9086	8
9088	1
9090	3
9092	2
9094	1
9096	4
9097	1
9098	1
9099	1
9100	11
9101	1
9102	1
9104	8
9106	1
9108	13
9109	1
9110	3
9112	4
9114	1
9115	1
9116	1
9119	3
9120	11
9122	2
9123	1
9124	1
9125	2
9128	2
9130	63
9132	4
9134	4
9135	1
9136	3
9137	1
9138	3
9140	8
9141	1
9142	1
9144	4
9145	1
9150	8
9152	7
9153	1
9154	3
9157	1
9160	12
9162	1
9163	2
9164	3
9166	3
9167	1
9170	2
9172	2
9174	5
9176	1
9178	2
9180	5
9182	1
9184	4
9185	12
9189	1
9190	1
9192	2
9194	1
9195	1
9196	5
9200	4
9204	4
9205	1
9206	1
9207	1
9208	2
9209	1
9210	5
9212	3
9215	3
9216	3
9218	4
9220	3
9222	1
9224	2
9225	1
9228	3
9229	2
9230	2
9231	1
9232	5
9234	1
9235	1
9236	1
9240	122
9243	1
9245	4
9246	1
9247	1
9248	3
9250	6
9251	1
9252	3
9254	3
9255	1
9256	1
9258	1
9259	1
9260	11
9262	4
9264	2
9266	2
9268	1
9270	3
9275	2
9276	3
9278	2
9279	1
9280	6
9282	2
9284	5
9288	4
9290	1
9292	2
9295	24
9296	1
9298	1
9300	6
9302	1
9304	1
9305	1
9306	3
9308	1
9310	3
9312	1
9316	1
9318	1
9320	5
9322	2
9324	4
9325	1
9326	1
9327	4
9328	4
9330	2
9334	1
9335	1
9337	1
9340	1
9342	1
9343	1
9344	1
9345	1
9346	1
9348	1
9350	42
9352	2
9354	1
9355	1
9356	3
9360	10
9362	1
9364	2
9366	1
9368	1
9370	7
9372	5
9375	2
9376	1
9378	1
9380	1
9381	1
9384	2
9386	1
9390	4
9392	2
9394	4
9398	3
9399	1
9400	2
9402	2
9403	1
9404	1
9405	8
9407	1
9408	4
9410	2
9414	1
9415	1
9416	3
9418	1
9420	1
9422	1
9424	2
9425	3
9426	1
9427	1
9429	2
9430	4
9431	1
9432	1
9434	3
9435	2
9436	2
9438	3
9439	1
9440	3
9444	1
9445	1
9448	2
9450	1
9452	4
9458	2
9460	69
9462	1
9463	1
9464	3
9465	2
9466	1
9468	2
9470	10
9471	3
9474	1
9475	1
9476	2
9477	1
9478	2
9480	8
9482	5
9484	1
9485	1
9490	1
9492	1
9493	1
9494	2
9495	2
9496	1
9498	1
9500	11
9502	1
9504	14
9505	1
9506	1
9508	2
9512	1
9513	1
9514	1
9515	13
9516	2
9518	2
9520	3
9521	1
9523	1
9524	3
9525	1
9526	1
9532	2
9534	1
9536	1
9537	1
9538	2
9540	6
9542	2
9544	2
9546	1
9548	2
9550	1
9554	1
9556	1
9559	1
9560	4
9563	1
9564	3
9566	1
9567	1
9568	4
9570	31
9572	3
9574	1
9576	3
9580	4
9581	1
9583	1
9586	3
9590	1
9592	4
9596	1
9600	711
9601	1
9602	9
9603	1
9604	40
9605	34
9606	7
9607	2
9608	36
9609	4
9610	91
9612	18
9613	4
9614	11
9615	22
9616	25
9617	1
9618	7
9620	103
9622	4
9623	1
9624	23
9625	17
9626	4
9627	2
9628	7
9630	66
9632	12
9634	5
9635	12
9636	6
9638	9
9639	2
9640	88
9641	1
9642	1
9644	19
9645	19
9646	2
9647	3
9648	23
9649	1
9650	39
9652	3
9654	9
9655	12
9656	10
9657	1
9658	1
9659	3
9660	87
9661	1
9662	1
9664	14
9665	3
9666	2
9668	7
9669	1
9670	22
9672	7
9673	3
9674	3
9675	2
9676	5
9677	3
9678	4
9680	109
9682	1
9684	9
9685	8
9687	1
9688	12
9690	40
9691	1
9692	5
9693	2
9694	4
9695	3
9696	12
9697	1
9698	3
9700	31
9702	6
9704	3
9705	5
9706	3
9708	8
9710	10
9711	1
9712	4
9713	1
9714	3
9716	1
9718	3
9720	61
9722	2
9724	12
9725	1
9726	3
9728	9
9730	10
9732	4
9734	3
9735	10
9736	3
9737	1
9738	4
9740	21
9742	2
9744	6
9745	1
9746	3
9748	3
9750	9
9752	4
9754	9
9755	2
9756	3
9757	1
9758	5
9760	27
9764	10
9765	3
9766	2
9768	10
9769	1
9770	8
9772	3
9774	1
9775	3
9776	3
9780	19
9781	1
9782	2
9784	3
9785	2
9786	1
9787	1
9788	3
9790	36
9792	5
9794	1
9795	2
9796	3
9798	3
9800	27
9802	1
9804	7
9805	1
9808	7
9809	1
9810	11
9812	4
9814	1
9815	2
9816	3
9818	1
9819	1
9820	12
9822	4
9823	1
9824	4
9826	1
9828	1
9830	1
9832	5
9833	1
9834	4
9835	2
9836	5
9837	1
9840	17
9842	1
9843	2
9844	4
9845	11
9846	1
9847	1
9848	3
9850	6
9851	1
9852	3
9855	4
9856	2
9857	2
9860	10
9862	2
9863	1
9864	7
9866	1
9868	2
9870	2
9872	6
9873	1
9875	3
9878	3
9880	7
9882	1
9884	2
9886	3
9888	4
9889	1
9890	10
9892	5
9893	1
9894	2
9896	2
9900	126
9901	1
9902	2
9904	2
9905	2
9906	1
9908	4
9910	4
9912	2
9914	2
9915	3
9917	1
9918	4
9920	6
9922	8
9924	1
9926	3
9928	6
9930	5
9932	2
9933	1
9934	1
9936	4
9938	2
9940	10
9941	1
9942	1
9943	1
9944	5
9945	3
9946	1
9947	1
9948	2
9950	2
9952	3
9953	1
9954	1
9955	9
9956	1
9958	1
9959	2
9960	13
9963	1
9964	3
9965	2
9966	2
9968	3
9970	4
9972	2
9974	1
9975	4
9977	1
9978	4
9980	7
9982	1
9983	3
9984	1
9985	2
9988	5
9990	2
9992	4
9994	2
9995	1
9996	2
9998	1
9999	1
10000	8
10004	2
10005	1
10006	1
10008	2
10010	27
10014	1
10016	2
10020	8
10024	2
10026	2
10028	2
10029	1
10030	3
10031	1
10032	5
10040	5
10041	1
10044	2
10046	1
10047	1
10048	3
10049	1
10050	5
10052	2
10053	1
10054	2
10056	2
10058	1
10060	7
10062	1
10064	2
10065	6
10068	2
10069	1
10070	1
10072	1
10075	1
10076	2
10080	9
10082	1
10084	1
10085	1
10086	1
10088	1
10090	1
10092	1
10094	1
10096	1
10098	2
10100	2
10102	4
10107	1
10109	1
10110	1
10112	1
10116	1
10118	1
10120	54
10124	7
10127	1
10128	4
10130	5
10134	2
10135	1
10136	2
10137	1
10140	7
10142	2
10144	3
10146	1
10148	2
10150	2
10152	3
10155	1
10156	1
10160	10
10164	7
10168	2
10170	2
10172	1
10175	3
10176	2
10177	1
10178	1
10180	5
10182	1
10184	3
10186	1
10188	2
10189	1
10190	2
10191	1
10192	2
10194	3
10195	2
10196	1
10197	1
10200	9
10201	1
10202	1
10204	2
10205	1
10206	1
10208	5
10209	1
10211	1
10212	3
10216	2
10218	2
10220	11
10223	1
10224	1
10226	1
10228	2
10230	16
10232	2
10234	2
10235	1
10236	6
10240	7
10244	2
10245	1
10247	1
10250	1
10251	1
10252	4
10254	1
10256	4
10260	6
10264	1
10268	2
10272	3
10274	3
10275	1
10276	2
10278	3
10280	1
10282	1
10283	1
10284	2
10285	5
10288	1
10290	3
10291	1
10292	1
10294	1
10295	2
10296	3
10298	3
10300	1
10303	1
10304	1
10306	2
10307	1
10308	2
10310	1
10312	2
10315	1
10316	1
10318	2
10320	8
10322	1
10324	1
10328	1
10330	5
10332	1
10338	1
10340	17
10342	1
10344	1
10345	1
10346	1
10348	2
10350	3
10354	1
10359	1
10360	6
10362	2
10364	2
10366	1
10367	1
10368	2
10370	1
10374	1
10380	3
10381	1
10382	3
10384	6
10385	1
10386	2
10392	4
10394	1
10395	1
10400	3
10404	3
10405	1
10408	1
10410	1
10412	1
10414	1
10416	2
10417	1
10418	1
10420	1
10422	1
10423	1
10424	2
10426	2
10428	4
10430	1
10435	1
10439	1
10440	8
10442	2
10444	1
10448	4
10450	13
10456	2
10460	3
10462	1
10464	1
10469	1
10470	1
10472	2
10476	2
10477	2
10480	2
10482	2
10484	3
10486	2
10488	2
10489	1
10490	1
10496	2
10500	3
10501	1
10502	3
10504	2
10505	3
10506	2
10508	2
10510	1
10512	1
10514	1
10515	1
10516	3
10518	1
10520	1
10522	1
10524	3
10526	2
10528	1
10530	1
10532	2
10536	2
10538	2
10539	1
10540	2
10543	1
10544	2
10548	3
10550	1
10552	4
10554	1
10556	2
10560	258
10564	5
10565	8
10567	1
10568	8
10570	11
10572	1
10574	3
10575	7
10576	2
10578	2
10579	1
10580	19
10582	19
10583	1
10584	6
10585	1
10586	2
10588	1
10589	1
10590	12
10592	2
10594	1
10595	4
10596	1
10597	1
10599	1
10600	10
10602	3
10604	19
10605	3
10606	1
10607	1
10608	3
10610	9
10612	1
10614	2
10615	29
10616	2
10620	8
10624	2
10625	3
10626	3
10628	1
10629	1
10630	4
10631	1
10632	4
10635	2
10636	4
10637	3
10640	5
10642	1
10643	1
10644	2
10645	5
10647	3
10648	7
10649	1
10650	2
10652	3
10655	3
10656	3
10657	1
10659	2
10660	4
10662	1
10664	1
10665	1
10668	1
10669	1
10670	38
10672	1
10674	4
10675	1
10676	1
10678	1
10680	9
10681	1
10682	1
10684	3
10685	1
10686	1
10688	3
10690	2
10691	1
10692	9
10695	1
10696	1
10698	3
10700	4
10702	1
10703	1
10710	5
10712	2
10714	9
10715	1
10716	3
10717	1
10718	1
10720	1
10721	1
10722	1
10725	11
10728	1
10730	4
10732	1
10733	1
10735	2
10736	2
10737	1
10740	3
10742	2
10744	1
10745	1
10747	1
10749	1
10752	4
10754	2
10756	2
10759	1
10760	2
10762	1
10769	2
10774	1
10776	4
10780	33
10784	3
10785	1
10786	1
10789	1
10790	4
10792	1
10794	1
10796	2
10798	1
10800	67
10802	4
10804	3
10805	4
10806	2
10807	2
10808	5
10809	1
10810	14
10812	1
10813	3
10814	1
10815	4
10816	6
10818	1
10820	16
10822	1
10824	8
10825	2
10828	2
10829	1
10830	6
10832	3
10835	5
10837	1
10838	1
10840	10
10842	3
10844	3
10845	1
10846	5
10848	4
10850	3
10852	1
10855	2
10856	3
10860	6
10862	3
10863	2
10864	4
10866	1
10868	4
10870	5
10872	3
10876	1
10880	10
10881	1
10882	2
10884	2
10886	1
10888	3
10890	24
10891	1
10892	3
10894	1
10896	1
10897	1
10900	3
10902	1
10904	2
10905	3
10908	4
10909	1
10910	2
10920	10
10922	1
10923	1
10926	1
10930	4
10932	1
10934	4
10935	1
10936	4
10938	1
10940	1
10945	3
10949	1
10950	2
10952	2
10954	1
10956	1
10960	3
10962	1
10964	4
10965	1
10967	1
10968	2
10971	1
10972	1
10974	2
10975	1
10976	2
10978	2
10980	5
10982	2
10983	1
10984	1
10985	1
10986	1
10988	1
10989	2
10990	2
10991	1
10994	3
10995	1
11000	32
11002	4
11005	1
11008	3
11010	2
11011	1
11012	2
11014	1
11020	2
11022	4
11029	1
11030	1
11031	1
11034	3
11040	4
11041	1
11042	2
11044	3
11045	2
11046	2
11048	2
11055	7
11056	2
11058	1
11060	2
11062	2
11064	1
11067	1
11072	2
11074	1
11076	1
11079	2
11080	2
11082	3
11084	3
11085	1
11088	3
11095	1
11096	6
11098	2
11099	2
11100	2
11104	1
11110	10
11112	1
11120	4
11126	1
11128	1
11130	2
11132	2
11134	1
11138	1
11140	1
11142	1
11144	4
11146	1
11150	2
11152	1
11154	2
11155	3
11165	5
11166	1
11168	1
11172	1
11176	4
11177	1
11178	1
11180	2
11181	1
11182	1
11184	1
11188	1
11190	1
11192	1
11194	1
11198	1
11200	4
11204	1
11208	2
11210	1
11212	1
11214	2
11216	1
11217	1
11219	1
11220	22
11221	1
11224	1
11228	1
11230	2
11231	1
11232	1
11233	1
11234	2
11235	1
11238	1
11240	1
11242	2
11248	1
11251	1
11254	1
11256	3
11257	1
11260	4
11261	1
11262	1
11264	1
11265	1
11266	2
11268	2
11270	1
11272	1
11274	1
11275	5
11280	3
11284	2
11286	1
11287	1
11291	1
11292	3
11296	1
11301	1
11302	2
11304	1
11312	1
11319	1
11327	1
11328	1
11330	13
11334	1
11336	1
11337	1
11338	1
11340	1
11341	1
11342	1
11343	1
11348	1
11352	2
11356	1
11358	1
11360	1
11365	1
11368	1
11370	2
11374	2
11376	1
11382	1
11384	2
11385	7
11393	1
11396	3
11400	6
11406	1
11408	1
11411	1
11412	2
11416	2
11418	1
11420	1
11424	1
11434	1
11436	1
11437	1
11440	33
11448	2
11456	2
11466	1
11467	1
11469	1
11472	2
11476	2
11480	1
11484	2
11488	1
11492	1
11495	2
11497	1
11503	1
11508	3
11512	1
11513	1
11514	1
11515	1
11516	2
11520	15
11524	1
11525	1
11528	4
11530	3
11532	1
11539	1
11540	1
11544	4
11546	3
11550	14
11552	1
11555	1
11556	1
11560	6
11561	1
11562	1
11564	3
11568	2
11570	2
11572	1
11576	1
11578	1
11579	1
11580	2
11583	1
11584	1
11586	1
11588	2
11592	2
11594	2
11596	1
11597	1
11600	2
11604	1
11605	3
11608	1
11610	1
11612	1
11613	1
11614	1
11616	2
11620	1
11622	1
11628	1
11632	2
11636	2
11639	1
11640	1
11642	1
11648	2
11652	1
11656	4
11660	13
11664	1
11670	1
11672	2
11675	1
11678	1
11680	3
11682	1
11684	1
11690	1
11692	2
11696	1
11700	1
11702	1
11704	3
11708	1
11714	1
11716	1
11718	1
11720	1
11724	1
11726	1
11728	1
11729	1
11731	1
11738	1
11741	1
11744	1
11745	1
11749	1
11750	3
11752	1
11754	1
11755	1
11756	2
11757	1
11760	6
11762	1
11770	12
11774	1
11778	1
11780	1
11788	1
11790	1
11792	2
11794	1
11798	1
11800	1
11808	3
11810	2
11814	1
11816	2
11822	1
11824	1
11825	2
11828	2
11829	1
11832	1
11836	1
11838	2
11839	1
11840	1
11844	1
11850	3
11851	1
11856	1
11860	1
11869	1
11872	1
11874	1
11880	103
11882	1
11884	2
11885	2
11888	3
11890	4
11891	1
11899	1
11900	6
11901	1
11902	4
11904	2
11905	2
11906	2
11910	1
11912	3
11917	1
11920	10
11924	7
11925	2
11930	5
11932	1
11934	1
11935	21
11938	1
11940	3
11944	1
11948	1
11949	1
11950	1
11952	2
11955	1
11960	1
11963	1
11964	1
11965	3
11966	1
11968	1
11978	2
11979	2
11980	3
11984	1
11988	1
11990	22
11992	1
11994	1
11995	1
11996	1
12000	5
12003	1
12006	1
12010	1
12012	2
12014	1
12020	1
12023	1
12030	1
12033	1
12034	1
12039	1
12045	2
12048	3
12049	1
12053	1
12054	1
12056	5
12060	1
12062	1
12068	1
12072	2
12078	2
12080	2
12084	1
12096	1
12100	16
12110	1
12115	1
12122	1
12124	1
12126	1
12129	1
12130	3
12132	1
12140	4
12141	1
12150	2
12155	4
12156	1
12158	1
12160	2
12164	1
12165	1
12166	1
12167	1
12168	1
12170	1
12172	1
12174	1
12175	1
12180	1
12185	1
12192	1
12202	1
12210	4
12211	1
12216	2
12218	1
12222	1
12224	1
12230	1
12234	1
12239	1
12240	2
12243	1
12254	1
12255	2
12257	1
12260	1
12268	2
12272	1
12276	1
12285	1
12298	2
12300	1
12305	1
12306	1
12309	1
12311	2
12312	3
12320	19
12322	1
12325	1
12330	1
12337	1
12339	1
12352	1
12354	1
12356	1
12360	1
12364	2
12375	1
12378	1
12382	1
12386	2
12396	2
12400	1
12404	1
12406	2
12407	1
12417	1
12420	1
12421	1
12428	1
12430	2
12432	1
12435	1
12440	1
12448	1
12456	2
12459	1
12464	1
12468	1
12472	1
12474	1
12477	1
12480	3
12485	1
12500	2
12504	1
12508	1
12510	1
12517	2
12524	1
12528	1
12529	1
12530	2
12532	1
12534	1
12540	8
12550	2
12554	1
12556	1
12560	1
12564	1
12566	1
12568	1
12569	1
12584	1
12586	1
12588	2
12595	1
12596	2
12600	3
12608	2
12611	1
12616	2
12620	3
12628	1
12629	1
12630	1
12636	2
12638	1
12640	3
12650	5
12652	2
12660	1
12662	1
12672	2
12678	1
12679	1
12682	1
12692	1
12694	1
12698	1
12700	1
12704	1
12705	1
12708	1
12710	1
12714	1
12724	1
12727	1
12740	1
12742	1
12748	1
12756	1
12760	12
12764	1
12766	1
12770	3
12784	1
12796	1
12798	1
12800	64
12802	1
12804	5
12805	2
12810	17
12814	1
12818	1
12820	18
12824	1
12825	3
12826	1
12830	6
12836	2
12838	1
12839	1
12840	7
12844	1
12845	1
12848	3
12849	1
12850	3
12852	1
12855	2
12856	2
12858	2
12860	9
12862	1
12864	1
12865	1
12866	1
12868	1
12870	4
12872	1
12878	1
12880	8
12885	1
12888	2
12890	6
12892	1
12893	1
12896	1
12900	4
12902	1
12904	2
12908	1
12910	2
12920	9
12925	1
12930	2
12932	1
12934	1
12936	2
12940	2
12944	1
12950	1
12955	1
12958	1
12960	11
12966	1
12970	3
12972	2
12976	1
12980	6
12982	1
12989	1
12990	2
13000	5
13008	3
13010	3
13014	2
13015	1
13016	2
13020	4
13023	1
13024	1
13026	1
13028	1
13035	2
13040	2
13045	1
13050	3
13056	2
13060	2
13063	1
13070	2
13072	1
13074	1
13076	1
13077	1
13078	1
13079	1
13080	4
13082	1
13084	1
13086	1
13088	2
13090	5
13092	1
13100	1
13102	1
13104	1
13108	1
13112	1
13120	1
13124	1
13133	1
13136	1
13138	1
13144	1
13145	1
13146	1
13147	1
13149	1
13150	1
13160	1
13167	1
13168	1
13171	1
13174	1
13176	2
13178	1
13180	1
13184	1
13200	554
13202	4
13204	13
13205	14
13206	2
13208	3
13210	24
13211	1
13212	2
13214	2
13215	2
13216	1
13218	1
13220	31
13222	23
13224	2
13225	4
13227	1
13228	3
13230	15
13235	1
13240	13
13244	19
13246	1
13248	1
13250	8
13252	1
13254	1
13255	55
13258	2
13259	3
13260	11
13262	1
13264	1
13265	1
13266	3
13270	4
13275	3
13277	2
13278	1
13280	15
13282	1
13284	2
13285	2
13288	15
13290	1
13292	1
13293	1
13295	1
13296	1
13299	2
13300	2
13302	1
13305	1
13310	82
13314	2
13315	3
13317	1
13318	1
13320	9
13324	1
13326	1
13328	1
13330	2
13332	12
13334	1
13335	2
13338	2
13340	7
13342	1
13343	2
13344	1
13345	1
13350	2
13352	2
13354	6
13357	1
13360	4
13362	2
13365	11
13370	2
13372	4
13375	1
13376	2
13380	3
13383	1
13385	1
13386	1
13387	1
13390	3
13398	2
13399	1
13400	3
13401	1
13404	1
13405	1
13408	1
13409	1
13410	1
13412	1
13414	1
13418	2
13420	33
13421	1
13425	2
13426	2
13427	1
13428	1
13429	1
13430	4
13431	1
13435	1
13438	1
13440	10
13442	4
13443	1
13444	2
13445	1
13446	1
13448	1
13450	4
13453	2
13455	1
13460	2
13462	2
13464	1
13468	1
13470	3
13474	1
13475	4
13480	5
13485	2
13486	5
13488	1
13491	1
13496	1
13500	3
13503	1
13505	1
13508	4
13524	1
13525	1
13526	1
13530	16
13532	1
13534	1
13535	1
13536	1
13538	1
13540	2
13544	1
13548	1
13550	2
13552	3
13556	1
13558	1
13560	3
13561	1
13570	2
13574	4
13581	2
13585	6
13588	1
13592	1
13598	1
13600	1
13602	1
13604	1
13605	1
13606	2
13607	1
13608	1
13618	2
13629	1
13634	1
13639	1
13640	38
13641	1
13642	1
13645	2
13650	4
13655	2
13660	2
13662	1
13670	1
13672	1
13678	1
13680	3
13682	2
13684	3
13688	1
13690	2
13695	5
13700	1
13705	1
13724	1
13725	1
13728	5
13730	1
13738	1
13739	1
13750	17
13754	1
13755	1
13760	1
13768	1
13770	1
13772	1
13782	1
13789	1
13794	1
13803	1
13805	5
13810	1
13816	1
13820	1
13824	1
13826	1
13828	1
13830	1
13834	2
13838	1
13846	1
13848	1
13849	1
13852	2
13853	1
13855	1
13856	1
13858	1
13860	17
13868	1
13870	2
13872	1
13882	1
13883	1
13888	1
13890	1
13891	1
13893	1
13895	1
13900	2
13905	1
13908	1
13915	4
13916	1
13920	4
13928	1
13936	1
13939	1
13944	1
13951	1
13955	1
13959	1
13970	5
13974	1
13978	2
13980	1
13984	1
13990	2
13992	1
13996	1
14000	2
14006	1
14008	1
14010	1
14016	1
14025	2
14031	1
14038	2
14040	1
14050	1
14052	1
14058	1
14060	1
14068	2
14080	21
14084	1
14088	1
14090	3
14100	3
14102	2
14106	1
14113	2
14123	1
14124	2
14130	1
14132	1
14135	4
14140	1
14146	1
14148	1
14152	1
14154	2
14155	1
14160	1
14165	1
14168	1
14180	2
14184	1
14190	11
14192	1
14194	1
14200	1
14204	1
14205	1
14210	1
14212	1
14215	1
14234	1
14240	1
14244	2
14245	1
14248	1
14250	2
14256	2
14280	1
14300	12
14305	2
14318	1
14320	2
14322	1
14326	1
14332	1
14338	1
14339	1
14340	1
14342	1
14344	1
14347	1
14355	4
14370	1
14377	1
14384	1
14390	1
14400	155
14402	1
14404	4
14405	9
14406	5
14408	13
14410	23
14412	3
14414	2
14415	7
14416	4
14418	1
14420	18
14423	1
14424	7
14425	2
14426	2
14427	1
14428	2
14429	3
14430	13
14432	2
14435	1
14436	2
14440	16
14442	4
14444	7
14445	1
14446	1
14448	3
14449	1
14450	8
14452	2
14453	2
14454	2
14455	4
14456	4
14458	4
14460	17
14462	2
14463	1
14464	2
14466	1
14468	1
14470	4
14473	1
14474	3
14475	1
14476	1
14477	1
14478	1
14480	10
14484	3
14485	5
14488	4
14490	4
14494	2
14495	1
14496	4
14498	2
14500	4
14503	1
14504	2
14508	1
14510	1
14511	1
14512	3
14516	2
14520	24
14522	1
14525	1
14526	1
14528	2
14530	7
14532	2
14533	1
14540	7
14542	1
14548	2
14549	1
14550	4
14551	1
14552	3
14554	2
14556	2
14560	1
14564	2
14566	1
14570	4
14572	1
14575	2
14580	6
14583	1
14584	1
14589	1
14590	1
14591	1
14592	1
14594	2
14595	1
14600	9
14604	1
14608	1
14609	1
14610	5
14612	1
14620	3
14626	1
14630	5
14635	1
14640	1
14642	1
14644	1
14648	1
14650	2
14655	1
14660	5
14666	1
14668	1
14670	2
14676	1
14680	3
14681	1
14682	1
14684	2
14685	1
14688	6
14690	1
14695	1
14700	3
14705	1
14710	1
14712	2
14713	1
14714	1
14724	1
14728	1
14740	6
14744	1
14760	1
14762	1
14764	2
14770	1
14772	1
14775	1
14780	1
14781	1
14784	2
14790	1
14792	1
14795	1
14800	5
14804	2
14805	1
14815	1
14820	2
14826	1
14832	1
14837	1
14840	3
14850	7
14862	2
14864	1
14866	1
14872	1
14878	1
14890	1
14900	2
14906	1
14913	1
14914	1
14916	2
14920	2
14928	2
14929	1
14938	1
14940	1
14948	1
14950	1
14960	8
14967	1
14971	1
14972	1
14974	1
14980	1
14985	1
14988	2
14994	1
14996	1
15000	3
15004	1
15015	2
15020	1
15034	1
15048	3
15060	2
15064	1
15066	1
15068	1
15069	1
15070	1
15072	2
15082	1
15104	1
15106	1
15114	1
15116	1
15120	5
15125	1
15130	1
15142	1
15144	1
15149	1
15150	1
15166	1
15168	1
15172	1
15176	1
15180	6
15189	1
15199	1
15200	1
15212	1
15216	2
15220	3
15224	1
15225	2
15229	1
15248	1
15268	1
15270	1
15278	1
15288	1
15290	1
15305	1
15310	1
15314	1
15332	1
15340	1
15344	1
15345	1
15348	1
15350	1
15360	1
15362	1
15365	1
15368	1
15372	1
15385	1
15396	1
15400	10
15410	1
15420	2
15422	1
15432	1
15440	1
15442	1
15444	1
15446	1
15455	1
15466	1
15494	1
15512	1
15524	1
15528	1
15534	1
15536	1
15538	1
15552	1
15560	1
15570	1
15592	1
15593	1
15600	4
15620	2
15626	1
15656	1
15658	1
15660	1
15668	1
15705	1
15708	1
15712	1
15714	1
15720	1
15730	1
15740	1
15747	1
15748	1
15750	1
15765	1
15768	1
15769	1
15792	1
15804	1
15808	1
15813	1
15832	1
15834	1
15838	2
15840	109
15848	1
15850	5
15852	1
15855	3
15860	6
15862	7
15864	1
15865	2
15867	1
15870	5
15872	1
15875	3
15876	1
15880	3
15884	8
15885	1
15890	4
15892	1
15894	1
15895	12
15900	6
15904	1
15905	1
15910	2
15912	1
15917	2
15918	1
15920	2
15923	1
15925	2
15928	2
15936	2
15938	1
15940	1
15944	1
15945	1
15950	15
15952	1
15960	2
15970	2
15972	1
15980	1
15984	1
15990	2
15994	1
16005	1
16010	1
16012	1
16015	1
16020	3
16027	1
16032	1
16038	1
16040	1
16048	1
16049	1
16056	1
16060	15
16067	1
16068	1
16070	1
16073	1
16075	1
16080	1
16082	1
16084	1
16090	1
16100	1
16115	4
16124	1
16125	1
16126	1
16130	1
16136	1
16166	1
16170	9
16192	1
16200	5
16210	1
16212	2
16220	2
16225	1
16230	1
16232	1
16236	1
16245	1
16249	1
16254	1
16257	1
16258	1
16260	1
16269	1
16270	1
16272	1
16277	1
16280	7
16288	1
16292	1
16295	1
16296	1
16320	2
16322	1
16324	1
16326	1
16335	2
16340	1
16348	1
16350	1
16354	1
16357	1
16360	1
16368	2
16385	1
16390	3
16398	1
16412	2
16418	1
16438	1
16452	1
16458	1
16460	1
16484	1
16490	1
16500	7
16510	1
16511	1
16520	2
16542	1
16552	1
16555	2
16558	1
16566	1
16568	2
16602	1
16604	1
16608	1
16610	1
16620	1
16624	1
16630	2
16634	1
16640	1
16650	1
16665	1
16676	1
16700	1
16708	2
16719	1
16720	3
16725	1
16728	1
16730	1
16732	1
16740	1
16742	1
16748	1
16766	1
16770	1
16775	1
16790	1
16800	3
16804	1
16807	1
16810	2
16820	1
16830	4
16840	1
16842	2
16854	1
16866	1
16879	1
16880	1
16884	1
16895	1
16896	1
16905	1
16932	1
16940	4
16946	1
16952	1
16960	1
16965	1
16967	1
16974	1
16976	1
16999	1
17001	1
17017	1
17034	1
17044	1
17050	2
17070	1
17072	1
17080	1
17093	1
17094	1
17105	1
17106	1
17112	1
17132	1
17136	1
17160	3
17164	2
17176	1
17180	1
17192	1
17204	1
17208	1
17215	1
17216	1
17228	1
17230	2
17262	1
17270	1
17274	1
17280	9
17282	1
17286	1
17292	1
17304	2
17308	1
17312	1
17313	1
17316	1
17324	2
17328	1
17340	1
17345	1
17356	1
17362	1
17363	1
17366	1
17368	1
17372	1
17376	1
17380	5
17384	1
17396	1
17398	1
17400	2
17413	1
17416	1
17428	2
17430	1
17434	1
17440	1
17452	1
17464	1
17480	2
17482	1
17487	1
17490	2
17492	1
17508	1
17520	3
17522	1
17530	2
17538	1
17542	1
17544	1
17573	1
17576	1
17591	1
17598	1
17600	429
17602	2
17604	11
17605	11
17606	1
17607	1
17608	7
17610	24
17614	1
17615	7
17616	1
17620	18
17622	21
17624	5
17625	2
17626	1
17630	17
17632	2
17634	1
17635	3
17640	13
17642	1
17644	30
17645	3
17646	1
17648	3
17649	1
17650	2
17652	1
17655	60
17658	1
17660	13
17665	3
17666	4
17670	5
17672	1
17674	1
17675	2
17677	4
17679	1
17680	4
17682	1
17684	4
17688	13
17690	3
17692	1
17693	1
17694	2
17695	1
17699	3
17700	3
17704	1
17705	2
17708	1
17710	55
17713	1
17715	4
17720	11
17725	3
17730	9
17732	3
17734	1
17742	1
17745	2
17748	1
17750	2
17753	1
17754	5
17760	1
17764	1
17765	16
17766	1
17770	3
17772	1
17774	1
17775	1
17776	5
17780	1
17784	2
17787	1
17798	3
17800	1
17809	1
17810	2
17820	53
17828	1
17830	3
17834	1
17835	1
17836	1
17840	8
17842	6
17848	2
17850	2
17853	1
17855	2
17860	1
17864	5
17874	1
17875	6
17880	4
17885	2
17895	2
17899	1
17900	1
17901	1
17905	1
17908	2
17909	1
17916	1
17919	1
17920	4
17930	23
17932	1
17934	2
17935	3
17938	1
17940	3
17948	1
17950	1
17952	1
17953	1
17958	1
17960	3
17966	1
17970	2
17972	1
17974	1
17977	1
17980	1
17985	7
17990	1
18000	1
18010	3
18032	1
18034	1
18040	27
18044	1
18045	2
18050	2
18055	1
18057	1
18060	5
18062	2
18064	2
18070	2
18080	1
18084	4
18085	1
18092	1
18095	3
18099	1
18100	2
18110	1
18113	1
18114	1
18117	1
18128	2
18130	1
18135	1
18140	1
18150	8
18154	1
18158	1
18160	1
18165	1
18170	1
18172	1
18176	1
18180	1
18188	1
18194	1
18198	1
18205	2
18210	1
18216	1
18220	1
18222	1
18240	1
18260	21
18265	1
18270	4
18275	1
18280	4
18282	1
18284	1
18290	1
18293	1
18300	1
18304	1
18320	1
18325	1
18333	1
18335	1
18337	1
18348	2
18359	1
18370	9
18380	3
18381	1
18392	1
18400	1
18414	1
18425	5
18435	1
18464	1
18468	1
18472	1
18480	12
18484	2
18490	1
18492	2
18510	1
18535	1
18546	1
18570	1
18575	1
18585	1
18590	9
18612	1
18615	1
18620	2
18650	1
18656	1
18662	1
18686	1
18700	10
18702	1
18715	1
18736	1
18754	1
18760	1
18810	4
18826	1
18840	1
18846	1
18854	1
18896	1
18920	10
18924	1
18930	1
18934	1
18975	2
18980	2
19030	9
19038	1
19040	1
19042	1
19060	1
19062	1
19074	1
19085	3
19098	1
19120	1
19128	1
19130	1
19140	2
19144	1
19152	1
19184	1
19195	3
19199	1
19200	62
19202	1
19204	4
19205	1
19208	3
19209	1
19210	6
19211	1
19215	1
19216	2
19220	7
19222	1
19224	2
19225	1
19226	1
19228	2
19230	5
19232	1
19234	1
19236	1
19240	5
19244	6
19245	2
19246	2
19248	6
19250	4
19252	1
19255	1
19256	3
19258	1
19260	3
19264	2
19266	1
19270	5
19272	2
19275	3
19280	3
19281	1
19284	1
19285	1
19288	2
19290	3
19293	1
19296	3
19302	1
19304	1
19310	2
19316	1
19320	3
19328	1
19330	1
19333	1
19334	1
19340	3
19344	1
19348	1
19350	4
19354	1
19356	1
19359	1
19360	2
19362	1
19365	1
19366	1
19368	2
19370	2
19372	1
19376	1
19380	4
19386	1
19388	1
19392	2
19396	1
19400	2
19402	1
19404	1
19415	3
19416	1
19420	2
19428	1
19440	4
19460	1
19464	1
19469	1
19470	3
19474	1
19480	1
19488	2
19490	1
19498	1
19500	1
19508	1
19512	1
19515	1
19520	1
19525	1
19530	1
19558	1
19562	1
19568	1
19578	1
19580	6
19590	1
19600	1
19618	1
19628	1
19640	1
19646	2
19664	1
19668	1
19680	2
19688	1
19698	1
19710	1
19719	1
19726	1
19728	1
19734	1
19745	1
19746	1
19758	1
19761	1
19764	1
19770	1
19788	2
19800	62
19804	1
19810	3
19815	1
19816	1
19818	1
19820	1
19822	1
19824	2
19825	2
19830	1
19831	1
19834	1
19835	1
19839	1
19840	3
19844	4
19848	1
19855	1
19860	1
19866	2
19870	1
19875	1
19880	1
19884	1
19888	1
19890	1
19910	4
19912	1
19920	3
19922	1
19928	1
19932	2
19935	1
19947	1
19948	1
19950	1
19952	1
19954	1
19965	1
19968	2
19969	1
19970	1
19976	1
19980	1
19984	2
20009	1
20020	5
20026	1
20030	1
20056	1
20064	1
20065	1
20084	1
20092	1
20097	1
20100	1
20106	1
20130	5
20158	1
20160	1
20174	2
20238	1
20240	14
20242	1
20245	1
20252	1
20255	1
20268	1
20280	1
20284	1
20285	1
20295	1
20299	1
20314	1
20328	1
20338	1
20340	1
20370	1
20372	1
20376	1
20386	1
20392	1
20405	1
20408	1
20442	1
20460	4
20470	1
20475	1
20480	1
20492	1
20508	1
20520	1
20527	1
20542	1
20554	1
20559	1
20560	1
20570	1
20578	1
20592	1
20597	1
20604	1
20608	1
20680	3
20682	1
20688	1
20691	1
20702	2
20724	1
20735	1
20750	1
20760	1
20767	1
20780	1
20790	4
20796	1
20812	1
20822	1
20824	2
20840	1
20847	1
20885	1
20900	3
20910	1
20911	1
20920	2
20921	1
20944	1
20950	1
20954	1
20955	1
20977	1
20980	1
21010	1
21060	2
21065	1
21072	1
21088	1
21106	1
21120	20
21130	4
21135	5
21136	1
21142	3
21150	1
21164	1
21170	1
21174	1
21175	1
21186	1
21200	2
21220	1
21222	1
21230	1
21285	1
21296	1
21314	1
21340	4
21362	1
21365	1
21384	2
21390	1
21410	1
21430	1
21450	2
21480	1
21483	1
21505	1
21512	1
21544	1
21552	1
21558	1
21560	3
21580	1
21584	1
21600	15
21602	3
21610	2
21614	3
21615	1
21618	1
21620	6
21622	1
21626	1
21630	3
21635	2
21640	2
21645	1
21656	1
21659	1
21660	3
21670	4
21680	3
21688	1
21690	1
21700	2
21710	1
21720	2
21728	1
21730	1
21747	1
21758	1
21771	1
21780	3
21796	1
21816	1
21832	1
21835	1
21840	1
21858	1
21864	1
21890	2
21916	1
21936	1
21964	2
21988	1
22000	3
22005	1
22016	1
22020	1
22060	1
22080	1
22095	1
22096	1
22098	1
22120	1
22132	1
22144	1
22175	1
22176	1
22200	1
22220	2
22236	1
22267	1
22276	1
22280	1
22333	1
22344	1
22378	1
22385	1
22440	4
22444	1
22452	1
22478	1
22504	1
22550	1
22596	1
22650	1
22682	1
22690	1
22706	1
22880	2
22890	1
22990	1
23016	1
23040	1
23056	1
23084	1
23098	1
23100	1
23120	1
23126	1
23170	1
23196	1
23224	1
23265	1
23310	1
23352	1
23368	1
23448	1
23518	1
23537	1
23540	1
23560	1
23562	1
23602	1
23605	1
23620	1
23668	1
23684	2
23748	1
23760	16
23764	1
23770	1
23773	1
23775	1
23780	3
23785	1
23790	2
23802	1
23815	2
23820	1
23824	1
23830	1
23848	1
23870	1
23890	1
23896	1
23910	1
23954	1
23970	1
23974	1
23980	5
23985	1
24032	1
24038	1
24052	1
24060	1
24067	1
24081	1
24108	1
24194	1
24200	2
24230	1
24255	2
24270	1
24274	1
24310	1
24385	1
24410	1
24420	1
24524	1
24538	1
24640	3
24650	1
24656	1
24725	1
24761	1
24792	1
24846	1
24856	1
24860	3
24870	1
24878	1
24884	1
24911	1
24960	1
24966	1
24986	1
25190	1
25200	1
25208	1
25251	1
25280	1
25472	1
25520	1
25600	2
25650	1
25680	1
25724	1
25726	1
25830	1
25920	1
25940	1
25949	1
25954	1
26040	2
26074	1
26112	1
26134	1
26224	1
26348	1
26360	1
26386	1
26400	212
26404	2
26405	5
26410	7
26415	2
26416	1
26420	9
26422	12
26424	2
26425	2
26429	1
26430	5
26432	1
26435	4
26440	4
26442	1
26444	11
26445	2
26450	4
26454	1
26455	21
26459	1
26460	3
26463	1
26464	1
26465	2
26466	4
26468	1
26470	2
26472	1
26473	1
26475	1
26480	4
26485	1
26488	4
26492	1
26496	1
26499	1
26500	2
26510	22
26515	1
26520	3
26521	1
26530	5
26540	1
26547	1
26565	5
26569	1
26570	1
26576	2
26580	2
26581	1
26585	1
26586	1
26590	2
26594	1
26598	1
26600	2
26610	1
26614	1
26620	14
26630	1
26638	1
26640	3
26642	3
26648	2
26668	1
26670	3
26675	1
26680	1
26694	1
26700	1
26701	1
26702	1
26705	1
26712	1
26728	1
26730	12
26740	1
26752	2
26770	1
26774	3
26780	1
26788	1
26790	1
26805	1
26840	9
26850	2
26880	2
26884	1
26888	1
26895	2
26910	1
26915	1
26925	1
26928	1
26934	1
26935	1
26939	1
26950	3
26955	1
26960	1
27059	1
27060	3
27065	2
27070	1
27080	1
27090	1
27099	1
27100	1
27109	1
27126	1
27135	1
27140	2
27170	3
27192	1
27230	1
27256	1
27258	1
27280	7
27335	3
27365	1
27390	1
27456	1
27500	3
27520	1
27530	1
27560	1
27621	1
27632	1
27664	1
27692	1
27700	1
27720	3
27734	1
27742	2
27760	1
27770	1
27775	1
27820	1
27830	4
27840	1
27896	1
27907	1
27929	1
27940	2
28040	1
28050	1
28105	1
28160	1
28167	1
28170	1
28280	1
28360	1
28470	1
28475	1
28490	1
28598	1
28600	2
28610	1
28655	1
28800	25
28804	1
28810	2
28815	1
28816	1
28820	1
28822	1
28824	3
28836	1
28840	1
28844	1
28846	1
28856	1
28860	1
28870	2
28874	1
28880	1
28884	1
28888	1
28896	3
28900	2
28902	1
28908	1
28910	1
28920	3
28925	1
28930	1
28932	2
28940	2
28948	1
28950	1
28954	1
28956	1
28960	1
28965	1
28968	1
28970	1
29009	1
29020	1
29040	3
29060	1
29064	2
29069	1
29084	1
29088	1
29092	1
29100	2
29103	1
29116	1
29121	1
29192	1
29249	1
29260	3
29320	2
29348	1
29370	1
29376	1
29414	1
29490	1
29550	1
29630	1
29694	1
29700	4
29790	1
29806	1
29820	1
29845	1
29850	1
29920	1
30074	1
30148	1
30160	1
30176	1
30195	1
30384	1
30422	1
30452	1
30486	1
30580	2
30660	1
30760	1
30800	2
30810	1
30820	1
30899	1
30920	1
30980	1
31020	1
31086	1
31148	1
31200	1
31204	1
31208	1
31240	1
31248	1
31250	1
31280	1
31288	1
31350	1
31512	1
31608	1
31680	5
31710	1
31719	1
31735	3
31790	3
31830	1
31850	1
31856	1
31868	1
31900	1
31914	1
31930	1
31970	1
31977	1
31990	1
32000	1
32020	1
32032	1
32120	1
32230	1
32274	1
32320	1
32340	1
32384	1
32454	1
32472	1
32520	1
32578	1
32758	1
32904	1
32970	1
33140	1
33540	1
33560	1
33600	4
33720	1
33858	1
33937	1
34200	1
34214	1
34356	1
34652	1
34740	1
34797	1
34882	1
35200	68
35204	1
35210	5
35212	1
35215	1
35220	2
35222	4
35225	1
35227	1
35230	3
35244	4
35245	1
35248	2
35250	1
35255	8
35260	3
35265	3
35266	2
35270	2
35272	1
35274	1
35275	1
35280	1
35285	1
35288	3
35290	1
35295	1
35310	9
35320	2
35330	1
35335	1
35340	1
35354	2
35365	2
35420	3
35430	1
35440	2
35449	1
35458	1
35464	1
35465	1
35475	1
35510	1
35530	4
35574	1
35600	1
35605	1
35614	1
35616	1
35640	3
35660	1
35670	1
35684	1
35695	1
35750	2
35759	1
35770	1
35771	1
35790	2
35846	1
35860	3
35890	1
35920	1
35948	1
35970	2
36025	1
36035	1
36045	1
36047	1
36080	1
36130	1
36140	1
36300	2
36410	1
36432	1
36474	1
36488	1
36520	1
36630	1
36640	1
36784	1
36795	1
37290	1
37380	1
37400	4
37510	1
37840	1
37850	1
37950	1
38280	1
38400	3
38402	1
38430	1
38448	1
38574	1
38575	1
38640	1
38684	1
38764	1
38800	1
38850	1
38936	1
39008	1
39050	1
39120	1
39150	1
39174	1
39600	25
39605	1
39606	1
39612	1
39620	1
39622	1
39644	1
39655	3
39660	2
39680	1
39694	1
39708	1
39710	3
39720	1
39730	1
39760	1
39765	2
39776	1
39780	1
39820	1
39860	1
39908	1
39930	1
40126	1
40128	1
40170	1
40205	1
40260	2
40390	1
40480	1
40590	1
40700	1
40865	1
41100	1
41250	1
41592	1
41880	1
42240	1
42334	1
43128	1
43200	2
43204	1
43235	1
43282	1
43320	1
43330	1
43390	1
43495	1
44000	1
44528	1
44776	1
45184	1
45216	1
46420	1
47000	1
47302	1
47630	1
47638	1
47640	1
47960	1
48125	1
50658	1
50715	1
52269	1
52800	34
52804	1
52810	4
52812	1
52815	1
52820	2
52822	1
52830	3
52835	1
52840	1
52844	1
52845	1
52855	3
52858	1
52860	3
52865	1
52877	1
52888	2
52896	1
52910	5
52980	1
52985	1
53000	1
53009	1
53010	1
53020	3
53035	1
53040	1
53044	1
53066	1
53075	1
53119	1
53130	1
53240	3
53306	1
53320	1
53328	1
53350	3
53400	1
53405	1
53460	1
53515	1
53560	1
53680	2
53760	1
53790	1
54098	1
54230	1
54340	1
54384	1
54560	1
54890	1
55075	1
55605	1
56325	1
57420	1
57530	1
57600	5
57622	1
57873	1
57960	1
58265	1
58738	1
59000	1
59400	1
59774	1
59920	1
60480	1
62313	1
70400	5
70410	2
70440	1
70499	1
70500	1
70594	1
70635	1
70675	1
70873	1
70884	1
71060	1
71390	1
71852	1
73260	1
75628	1
76800	2
79200	6
79220	1
79235	1
79255	1
79270	1
79296	1
79420	2
79428	1
79595	1
79640	1
80080	1
80102	1
80850	1
86408	1
105600	3
105635	1
105640	1
105644	1
105655	1
105820	1
107085	1
107140	1
107800	1
109780	1
118860	1
118900	1
174000	1
237930	1
318108	1
