Pay	Frequency
0	911923459
2	1564053
4	3304394
5	3072775
6	523673
7	174252
8	3615342
9	109919
10	4909681
11	45555
12	1641537
13	105135
14	690202
15	795422
16	2949979
17	99790
18	638267
19	94923
20	5498656
21	221422
22	413837
23	101246
24	2090968
25	279151
26	463882
27	78244
28	1114116
29	92529
30	1948961
31	84100
32	1947864
33	67503
34	459151
35	142745
36	1049856
37	70436
38	380091
39	67534
40	4095931
41	45999
42	574230
43	41086
44	732632
45	369668
46	345700
47	55383
48	1557170
49	42258
50	738504
51	71383
52	688330
53	57881
54	323123
55	133561
56	855279
57	56309
58	283507
59	32060
60	2169053
61	45880
62	286358
63	76684
64	905652
65	135135
66	274366
67	31023
68	559530
69	59697
70	423418
71	32540
72	824760
73	30463
74	197174
75	91096
76	490017
77	39985
78	259074
79	33690
80	2065522
81	41990
82	185231
83	24516
84	576061
85	160357
86	155268
87	50616
88	510495
89	28034
90	650554
91	21673
92	413640
93	53762
94	163261
95	92511
96	674793
97	23374
98	148166
99	32423
100	708838
101	30190
102	190961
103	23804
104	389433
105	86281
106	142428
107	17961
108	363658
109	24352
110	248698
111	33740
112	367017
113	20420
114	156198
115	47485
116	260323
117	34075
118	102257
119	19048
120	1333872
121	17618
122	129121
123	24088
124	279710
125	86576
126	151983
127	20910
128	367231
129	25104
130	237031
131	15426
132	277562
133	19330
134	99656
135	68917
136	300523
137	16008
138	135636
139	15401
140	357663
141	28549
142	85594
143	17775
144	349719
145	43903
146	81779
147	21219
148	175592
149	17352
150	178877
151	16116
152	239603
153	21235
154	78105
155	30264
156	200623
157	15378
158	70091
159	22740
160	739496
161	13066
162	97368
163	12551
164	153902
165	65300
166	62492
167	14859
168	249304
169	12755
170	164655
171	16173
172	132590
173	14247
174	80258
175	37155
176	181180
177	15149
178	57618
179	11510
180	441284
181	12577
182	54585
183	16943
184	171779
185	33289
186	78325
187	11373
188	126056
189	16178
190	108520
191	11989
192	210977
193	10183
194	51061
195	28331
196	118855
197	11185
198	60721
199	10888
200	358692
201	13734
202	47982
203	10030
204	134035
205	28060
206	41845
207	13414
208	131556
209	9623
210	98662
211	9060
212	103354
213	12379
214	38398
215	18193
216	139600
217	8529
218	39152
219	10521
220	153273
221	8885
222	48877
223	8713
224	108616
225	19941
226	35315
227	7768
228	105143
229	8225
230	55868
231	10433
232	92946
233	7564
234	42795
235	12422
236	71778
237	9937
238	30233
239	7692
240	557446
241	6960
242	38066
243	9216
244	89998
245	33149
246	39965
247	7942
248	109244
249	9344
250	93009
251	6923
252	95711
253	7233
254	31611
255	23283
256	109011
257	6547
258	36762
259	6639
260	137206
261	8994
262	26546
263	6983
264	103820
265	15624
266	26111
267	7540
268	63036
269	6431
270	79478
271	6063
272	88855
273	7067
274	25601
275	11085
276	71857
277	5652
278	25445
279	6998
280	126119
281	5685
282	33118
283	5300
284	52159
285	14742
286	24875
287	5508
288	93717
289	5355
290	38790
291	6217
292	47761
293	5673
294	29128
295	8715
296	57927
297	6027
298	21478
299	4743
300	114480
301	5070
302	22050
303	6037
304	60844
305	9064
306	25651
307	4524
308	42103
309	5950
310	31773
311	4562
312	59982
313	4508
314	18989
315	7724
316	37711
317	4321
318	25059
319	4118
320	174493
321	4803
322	18167
323	3970
324	47565
325	13719
326	17647
327	4863
328	44488
329	4147
330	47589
331	3747
332	33833
333	5171
334	17086
335	9143
336	53960
337	3685
338	15361
339	4396
340	62153
341	3794
342	19682
343	3572
344	36211
345	7636
346	14665
347	3395
348	35876
349	3455
350	26825
351	4086
352	37745
353	3168
354	16542
355	5142
356	26340
357	3734
358	13024
359	3164
360	171623
361	3075
362	13855
363	3543
364	31051
365	9769
366	19777
367	3269
368	41743
369	3748
370	28302
371	2988
372	38007
373	3019
374	13819
375	8209
376	39832
377	2876
378	16723
379	2875
380	48702
381	4085
382	12666
383	3046
384	49137
385	5436
386	11261
387	3158
388	26724
389	2805
390	25771
391	2792
392	37169
393	3044
394	11115
395	4127
396	31421
397	2667
398	11880
399	2934
400	162702
401	2437
402	15068
403	2467
404	24320
405	11144
406	10794
407	2394
408	40963
409	2467
410	26846
411	2724
412	21438
413	2472
414	13126
415	5570
416	29101
417	2814
418	9038
419	2133
420	51161
421	2429
422	9521
423	2837
424	26832
425	4967
426	11225
427	2088
428	18805
429	2903
430	17243
431	2128
432	32229
433	2121
434	7824
435	3979
436	17731
437	2108
438	10224
439	1985
440	44884
441	2339
442	7803
443	1834
444	20954
445	4427
446	7557
447	2443
448	21077
449	1882
450	17568
451	1664
452	15157
453	2366
454	6912
455	2965
456	23828
457	1749
458	6855
459	2019
460	24305
461	1881
462	8681
463	1677
464	18216
465	3369
466	6555
467	1580
468	16697
469	1746
470	9741
471	1957
472	16286
473	1562
474	7592
475	2299
476	11599
477	1999
478	6087
479	1487
480	159460
481	1529
482	7747
483	1732
484	17088
485	10181
486	8728
487	1717
488	23327
489	1980
490	26595
491	1432
492	18199
493	1656
494	6911
495	6589
496	23686
497	1480
498	8102
499	1454
500	35082
501	2024
502	5976
503	1590
504	24128
505	3943
506	5956
507	1699
508	12955
509	1462
510	17808
511	1332
512	20608
513	1679
514	5848
515	2557
516	14950
517	1443
518	5784
519	1475
520	34017
521	1289
522	7240
523	1161
524	10956
525	3838
526	5311
527	1191
528	21143
529	1231
530	9969
531	1212
532	10360
533	1288
534	6242
535	2038
536	13714
537	1442
538	4783
539	1035
540	34898
541	1204
542	4812
543	1331
544	15230
545	2444
546	6221
547	980
548	10323
549	1441
550	8149
551	1032
552	17005
553	998
554	4652
555	2030
556	10725
557	1090
558	5805
559	1004
560	24049
561	1296
562	4177
563	1046
564	12953
565	1940
566	3946
567	1208
568	11837
569	987
570	9453
571	937
572	9619
573	1289
574	4012
575	1566
576	15683
577	907
578	4227
579	1106
580	13725
581	934
582	4957
583	824
584	10061
585	1808
586	3902
587	906
588	11467
589	911
590	5260
591	1045
592	10117
593	888
594	4579
595	1163
596	7706
597	1131
598	3032
599	780
600	46543
601	808
602	3665
603	962
604	8076
605	2246
606	4358
607	813
608	9846
609	957
610	7077
611	717
612	9265
613	790
614	3034
615	1675
616	8315
617	755
618	4036
619	719
620	12456
621	973
622	2772
623	709
624	10877
625	1366
626	2818
627	780
628	6212
629	696
630	5942
631	603
632	7324
633	831
634	2642
635	1017
636	7976
637	686
638	2676
639	805
640	26896
641	645
642	3548
643	597
644	6000
645	2038
646	2490
647	593
648	9657
649	685
650	5890
651	703
652	5592
653	653
654	3191
655	1407
656	6691
657	769
658	2319
659	563
660	12883
661	631
662	2221
663	711
664	6434
665	1100
666	3108
667	567
668	5251
669	683
670	4096
671	491
672	7935
673	540
674	2191
675	981
676	4844
677	526
678	2899
679	519
680	11440
681	593
682	2072
683	483
684	6102
685	955
686	1989
687	599
688	5318
689	514
690	3893
691	480
692	4365
693	588
694	1980
695	711
696	6502
697	480
698	1780
699	510
700	6975
701	435
702	2343
703	483
704	4938
705	739
706	1745
707	427
708	4945
709	449
710	2475
711	522
712	4325
713	420
714	2136
715	569
716	3541
717	509
718	1597
719	377
720	48053
721	444
722	2070
723	478
724	5140
725	2604
726	2725
727	465
728	6977
729	556
730	7483
731	467
732	6619
733	452
734	2249
735	2025
736	8133
737	468
738	2750
739	489
740	10089
741	705
742	1936
743	577
744	9291
745	1127
746	1885
747	576
748	5027
749	475
750	5839
751	497
752	7988
753	533
754	1942
755	779
756	6120
757	439
758	2121
759	552
760	11109
761	399
762	2710
763	413
764	4151
765	1251
766	2019
767	436
768	9477
769	443
770	2994
771	471
772	3973
773	469
774	2368
775	665
776	5593
777	505
778	1585
779	396
780	9274
781	429
782	1708
783	573
784	6077
785	635
786	2113
787	331
788	3693
789	561
790	2388
791	347
792	6757
793	351
794	1449
795	637
796	3584
797	388
798	1977
799	347
800	73899
801	399
802	1955
803	322
804	5878
805	4343
806	1468
807	496
808	5191
809	350
810	11872
811	329
812	3458
813	487
814	1508
815	2146
816	6458
817	327
818	1385
819	413
820	12383
821	421
822	1873
823	350
824	4134
825	1553
826	1441
827	317
828	3775
829	317
830	5306
831	435
832	4097
833	297
834	1761
835	956
836	2427
837	397
838	1199
839	305
840	13638
841	254
842	1277
843	331
844	2717
845	1281
846	1603
847	302
848	3738
849	309
850	3237
851	246
852	3177
853	278
854	1111
855	744
856	3136
857	235
858	1653
859	268
860	6533
861	340
862	1112
863	272
864	4283
865	789
866	1114
867	308
868	2098
869	250
870	2674
871	236
872	2688
873	280
874	1053
875	513
876	2552
877	217
878	992
879	283
880	7435
881	261
882	1386
883	197
884	1947
885	717
886	955
887	237
888	3324
889	221
890	2494
891	268
892	1734
893	250
894	1203
895	442
896	2399
897	219
898	869
899	201
900	7145
901	205
902	858
903	270
904	2198
905	472
906	1180
907	191
908	1691
909	255
910	1722
911	238
912	2873
913	184
914	818
915	445
916	1647
917	192
918	1027
919	188
920	5240
921	189
922	826
923	187
924	2151
925	450
926	665
927	226
928	2168
929	179
930	1871
931	137
932	1577
933	223
934	680
935	364
936	2489
937	170
938	782
939	201
940	2704
941	157
942	930
943	141
944	1892
945	375
946	727
947	159
948	1960
949	154
950	1159
951	191
952	1650
953	155
954	921
955	263
956	1399
957	207
958	611
959	167
960	30042
961	139
962	906
963	174
964	2396
965	1692
966	1015
967	199
968	3094
969	234
970	4894
971	161
972	2484
973	180
974	898
975	1195
976	3256
977	202
978	1116
979	183
980	6564
981	274
982	724
983	195
984	3482
985	554
986	744
987	204
988	1916
989	154
990	3191
991	184
992	3184
993	208
994	711
995	341
996	2249
997	164
998	781
999	184
1000	5941
1001	175
1002	1088
1003	129
1004	1664
1005	619
1006	778
1007	143
1008	3745
1009	169
1010	1628
1011	191
1012	1668
1013	183
1014	856
1015	265
1016	2061
1017	202
1018	660
1019	140
1020	4615
1021	155
1022	751
1023	191
1024	2412
1025	283
1026	803
1027	123
1028	1578
1029	198
1030	1087
1031	126
1032	2557
1033	126
1034	568
1035	252
1036	1502
1037	136
1038	738
1039	124
1040	4442
1041	205
1042	550
1043	123
1044	1929
1045	285
1046	556
1047	172
1048	1610
1049	131
1050	1486
1051	134
1052	1264
1053	138
1054	489
1055	228
1056	2375
1057	123
1058	495
1059	130
1060	2179
1061	120
1062	721
1063	100
1064	1401
1065	232
1066	516
1067	121
1068	1509
1069	121
1070	817
1071	133
1072	1529
1073	116
1074	632
1075	155
1076	1023
1077	159
1078	437
1079	94
1080	8208
1081	89
1082	480
1083	136
1084	1157
1085	417
1086	790
1087	120
1088	1759
1089	140
1090	1330
1091	114
1092	1771
1093	106
1094	520
1095	406
1096	1845
1097	101
1098	691
1099	129
1100	2249
1101	196
1102	526
1103	118
1104	2636
1105	208
1106	463
1107	143
1108	1321
1109	122
1110	1175
1111	126
1112	1796
1113	146
1114	483
1115	181
1116	1539
1117	98
1118	555
1119	164
1120	3118
1121	105
1122	714
1123	113
1124	1169
1125	246
1126	505
1127	108
1128	2486
1129	126
1130	742
1131	146
1132	1062
1133	110
1134	725
1135	187
1136	1676
1137	126
1138	419
1139	70
1140	2466
1141	92
1142	415
1143	161
1144	1518
1145	144
1146	548
1147	90
1148	1015
1149	137
1150	694
1151	92
1152	1989
1153	99
1154	424
1155	163
1156	979
1157	98
1158	537
1159	86
1160	2244
1161	105
1162	405
1163	90
1164	1398
1165	150
1166	362
1167	111
1168	1269
1169	81
1170	722
1171	100
1172	880
1173	125
1174	335
1175	124
1176	1705
1177	77
1178	379
1179	105
1180	1196
1181	75
1182	529
1183	74
1184	1155
1185	142
1186	374
1187	85
1188	1113
1189	86
1190	476
1191	116
1192	1029
1193	70
1194	459
1195	102
1196	661
1197	111
1198	313
1199	67
1200	21183
1201	77
1202	493
1203	78
1204	1028
1205	1093
1206	527
1207	100
1208	1373
1209	118
1210	2576
1211	77
1212	1156
1213	104
1214	366
1215	614
1216	1129
1217	87
1218	479
1219	63
1220	3255
1221	124
1222	315
1223	80
1224	1496
1225	379
1226	319
1227	101
1228	787
1229	79
1230	1536
1231	65
1232	991
1233	81
1234	281
1235	221
1236	885
1237	70
1238	290
1239	85
1240	3070
1241	75
1242	489
1243	64
1244	655
1245	375
1246	291
1247	55
1248	1408
1249	72
1250	802
1251	84
1252	616
1253	67
1254	408
1255	183
1256	881
1257	88
1258	309
1259	54
1260	2306
1261	87
1262	269
1263	94
1264	785
1265	208
1266	409
1267	59
1268	610
1269	104
1270	563
1271	57
1272	1160
1273	42
1274	248
1275	144
1276	573
1277	75
1278	348
1279	49
1280	3164
1281	92
1282	234
1283	65
1284	839
1285	185
1286	260
1287	93
1288	805
1289	63
1290	868
1291	52
1292	552
1293	78
1294	228
1295	143
1296	1087
1297	49
1298	259
1299	65
1300	1129
1301	63
1302	347
1303	64
1304	681
1305	157
1306	245
1307	44
1308	740
1309	48
1310	477
1311	91
1312	675
1313	53
1314	304
1315	100
1316	507
1317	67
1318	198
1319	62
1320	2114
1321	44
1322	223
1323	65
1324	496
1325	147
1326	292
1327	51
1328	697
1329	56
1330	442
1331	56
1332	671
1333	45
1334	214
1335	99
1336	655
1337	63
1338	261
1339	46
1340	795
1341	64
1342	184
1343	46
1344	856
1345	84
1346	196
1347	61
1348	404
1349	45
1350	507
1351	34
1352	542
1353	65
1354	174
1355	71
1356	611
1357	52
1358	174
1359	69
1360	1350
1361	43
1362	231
1363	35
1364	380
1365	106
1366	184
1367	43
1368	743
1369	48
1370	354
1371	54
1372	348
1373	38
1374	249
1375	65
1376	474
1377	38
1378	175
1379	38
1380	919
1381	39
1382	188
1383	58
1384	427
1385	71
1386	210
1387	31
1388	348
1389	55
1390	292
1391	40
1392	647
1393	33
1394	164
1395	75
1396	307
1397	25
1398	239
1399	43
1400	873
1401	57
1402	150
1403	29
1404	477
1405	58
1406	160
1407	47
1408	410
1409	26
1410	330
1411	37
1412	285
1413	46
1414	163
1415	55
1416	494
1417	45
1418	143
1419	49
1420	425
1421	25
1422	204
1423	33
1424	358
1425	52
1426	123
1427	29
1428	371
1429	32
1430	208
1431	36
1432	293
1433	33
1434	201
1435	28
1436	239
1437	35
1438	138
1439	25
1440	10471
1441	36
1442	204
1443	21
1444	576
1445	536
1446	300
1447	38
1448	793
1449	58
1450	1683
1451	40
1452	681
1453	55
1454	241
1455	406
1456	946
1457	45
1458	341
1459	43
1460	1912
1461	97
1462	220
1463	51
1464	1153
1465	185
1466	211
1467	63
1468	563
1469	45
1470	1101
1471	83
1472	1091
1473	69
1474	253
1475	121
1476	771
1477	62
1478	263
1479	60
1480	1825
1481	63
1482	361
1483	43
1484	467
1485	189
1486	255
1487	45
1488	1333
1489	49
1490	500
1491	89
1492	462
1493	55
1494	361
1495	76
1496	745
1497	77
1498	225
1499	35
1500	1521
1501	61
1502	234
1503	78
1504	873
1505	85
1506	283
1507	33
1508	500
1509	76
1510	360
1511	52
1512	1044
1513	42
1514	182
1515	93
1516	502
1517	54
1518	287
1519	36
1520	1419
1521	68
1522	159
1523	42
1524	625
1525	98
1526	188
1527	75
1528	664
1529	41
1530	605
1531	38
1532	426
1533	60
1534	191
1535	61
1536	944
1537	42
1538	160
1539	37
1540	639
1541	46
1542	232
1543	22
1544	533
1545	81
1546	179
1547	32
1548	534
1549	42
1550	265
1551	52
1552	515
1553	25
1554	234
1555	46
1556	328
1557	58
1558	124
1559	39
1560	1391
1561	30
1562	146
1563	49
1564	341
1565	55
1566	232
1567	34
1568	507
1569	44
1570	264
1571	34
1572	506
1573	32
1574	164
1575	78
1576	453
1577	31
1578	220
1579	21
1580	443
1581	63
1582	125
1583	33
1584	692
1585	56
1586	128
1587	43
1588	271
1589	36
1590	238
1591	30
1592	432
1593	36
1594	141
1595	32
1596	391
1597	32
1598	127
1599	34
1600	25352
1601	22
1602	428
1603	28
1604	787
1605	1636
1606	154
1607	47
1608	965
1609	56
1610	3795
1611	33
1612	365
1613	44
1614	263
1615	810
1616	585
1617	42
1618	148
1619	50
1620	4410
1621	48
1622	148
1623	51
1624	451
1625	433
1626	239
1627	32
1628	352
1629	37
1630	1804
1631	37
1632	595
1633	33
1634	126
1635	248
1636	316
1637	28
1638	197
1639	41
1640	2924
1641	45
1642	161
1643	38
1644	464
1645	336
1646	144
1647	41
1648	447
1649	25
1650	850
1651	40
1652	292
1653	43
1654	127
1655	158
1656	478
1657	18
1658	123
1659	29
1660	2001
1661	42
1662	182
1663	40
1664	371
1665	199
1666	116
1667	25
1668	388
1669	29
1670	508
1671	29
1672	294
1673	24
1674	174
1675	80
1676	253
1677	21
1678	120
1679	21
1680	1940
1681	29
1682	105
1683	35
1684	289
1685	129
1686	120
1687	29
1688	307
1689	27
1690	644
1691	30
1692	359
1693	19
1694	108
1695	103
1696	310
1697	17
1698	133
1699	18
1700	788
1701	36
1702	77
1703	16
1704	366
1705	100
1706	85
1707	25
1708	231
1709	23
1710	378
1711	17
1712	279
1713	35
1714	83
1715	69
1716	275
1717	17
1718	74
1719	19
1720	1206
1721	18
1722	142
1723	19
1724	201
1725	93
1726	77
1727	12
1728	348
1729	15
1730	281
1731	24
1732	175
1733	28
1734	114
1735	70
1736	198
1737	28
1738	67
1739	15
1740	561
1741	26
1742	73
1743	17
1744	202
1745	53
1746	106
1747	11
1748	152
1749	21
1750	234
1751	14
1752	245
1753	19
1754	78
1755	57
1756	165
1757	20
1758	91
1759	15
1760	746
1761	21
1762	70
1763	15
1764	224
1765	46
1766	75
1767	21
1768	169
1769	14
1770	241
1771	12
1772	155
1773	22
1774	65
1775	27
1776	281
1777	18
1778	49
1779	13
1780	506
1781	21
1782	84
1783	15
1784	153
1785	50
1786	53
1787	14
1788	186
1789	10
1790	135
1791	16
1792	179
1793	13
1794	73
1795	31
1796	130
1797	15
1798	53
1799	19
1800	2714
1801	9
1802	83
1803	22
1804	182
1805	122
1806	99
1807	11
1808	165
1809	19
1810	344
1811	6
1812	199
1813	9
1814	73
1815	75
1816	195
1817	13
1818	81
1819	14
1820	484
1821	25
1822	48
1823	15
1824	274
1825	53
1826	56
1827	17
1828	123
1829	10
1830	242
1831	19
1832	193
1833	22
1834	52
1835	30
1836	193
1837	15
1838	64
1839	19
1840	838
1841	9
1842	121
1843	13
1844	174
1845	61
1846	67
1847	9
1848	294
1849	17
1850	179
1851	30
1852	141
1853	13
1854	119
1855	32
1856	199
1857	20
1858	65
1859	24
1860	490
1861	18
1862	57
1863	40
1864	186
1865	38
1866	83
1867	15
1868	150
1869	17
1870	177
1871	8
1872	320
1873	12
1874	61
1875	37
1876	131
1877	7
1878	78
1879	10
1880	457
1881	23
1882	61
1883	7
1884	217
1885	25
1886	62
1887	27
1888	194
1889	13
1890	181
1891	10
1892	148
1893	23
1894	55
1895	18
1896	278
1897	11
1898	54
1899	19
1900	286
1901	17
1902	76
1903	20
1904	129
1905	22
1906	42
1907	11
1908	217
1909	18
1910	105
1911	17
1912	152
1913	11
1914	82
1915	18
1916	103
1917	16
1918	47
1919	12
1920	3365
1921	11
1922	77
1923	13
1924	202
1925	123
1926	99
1927	14
1928	313
1929	32
1930	478
1931	10
1932	224
1933	6
1934	84
1935	115
1936	285
1937	17
1938	102
1939	11
1940	656
1941	32
1942	63
1943	19
1944	347
1945	41
1946	75
1947	19
1948	171
1949	18
1950	313
1951	25
1952	317
1953	22
1954	84
1955	33
1956	229
1957	14
1958	72
1959	17
1960	793
1961	23
1962	122
1963	16
1964	165
1965	68
1966	76
1967	25
1968	383
1969	11
1970	143
1971	22
1972	144
1973	14
1974	108
1975	16
1976	226
1977	18
1978	53
1979	5
1980	488
1981	11
1982	71
1983	13
1984	258
1985	28
1986	84
1987	10
1988	133
1989	20
1990	124
1991	13
1992	306
1993	9
1994	50
1995	20
1996	118
1997	8
1998	67
1999	13
2000	591
2001	25
2002	48
2003	11
2004	191
2005	22
2006	71
2007	19
2008	204
2009	11
2010	163
2011	5
2012	118
2013	17
2014	44
2015	18
2016	307
2017	10
2018	50
2019	17
2020	234
2021	9
2022	81
2023	9
2024	159
2025	18
2026	47
2027	8
2028	165
2029	18
2030	78
2031	15
2032	140
2033	10
2034	76
2035	14
2036	104
2037	17
2038	34
2039	4
2040	518
2041	5
2042	45
2043	18
2044	99
2045	13
2046	51
2047	8
2048	171
2049	12
2050	97
2051	6
2052	147
2053	10
2054	33
2055	34
2056	116
2057	12
2058	67
2059	11
2060	146
2061	13
2062	23
2063	16
2064	212
2065	15
2066	34
2067	9
2068	99
2069	7
2070	85
2071	9
2072	121
2073	17
2074	40
2075	11
2076	109
2077	12
2078	35
2079	14
2080	321
2081	7
2082	62
2083	11
2084	64
2085	20
2086	30
2087	4
2088	161
2089	9
2090	69
2091	9
2092	77
2093	8
2094	54
2095	17
2096	119
2097	13
2098	38
2099	9
2100	226
2101	8
2102	30
2103	15
2104	99
2105	9
2106	43
2107	8
2108	66
2109	12
2110	47
2111	9
2112	122
2113	6
2114	42
2115	7
2116	69
2117	8
2118	39
2119	10
2120	168
2121	5
2122	32
2123	2
2124	93
2125	22
2126	28
2127	8
2128	69
2129	5
2130	59
2131	7
2132	50
2133	13
2134	20
2135	8
2136	115
2137	7
2138	26
2139	6
2140	102
2141	6
2142	42
2143	5
2144	67
2145	9
2146	18
2147	9
2148	89
2149	6
2150	32
2151	5
2152	80
2153	6
2154	26
2155	14
2156	48
2157	8
2158	18
2159	4
2160	1706
2161	10
2162	31
2163	6
2164	74
2165	95
2166	47
2167	8
2168	123
2169	8
2170	257
2171	10
2172	121
2173	8
2174	35
2175	68
2176	164
2177	11
2178	68
2179	12
2180	344
2181	30
2182	44
2183	13
2184	216
2185	31
2186	42
2187	9
2188	96
2189	13
2190	181
2191	15
2192	202
2193	19
2194	46
2195	25
2196	167
2197	9
2198	48
2199	16
2200	399
2201	16
2202	69
2203	12
2204	114
2205	29
2206	50
2207	10
2208	282
2209	10
2210	90
2211	20
2212	107
2213	15
2214	93
2215	18
2216	147
2217	13
2218	49
2219	10
2220	332
2221	10
2222	45
2223	20
2224	192
2225	13
2226	59
2227	6
2228	105
2229	16
2230	64
2231	6
2232	203
2233	15
2234	31
2235	16
2236	102
2237	17
2238	57
2239	8
2240	301
2241	19
2242	36
2243	12
2244	156
2245	21
2246	34
2247	11
2248	157
2249	13
2250	103
2251	5
2252	93
2253	12
2254	31
2255	5
2256	251
2257	7
2258	44
2259	9
2260	117
2261	7
2262	54
2263	14
2264	155
2265	25
2266	42
2267	5
2268	140
2269	7
2270	59
2271	11
2272	111
2273	5
2274	61
2275	10
2276	84
2277	13
2278	31
2279	9
2280	328
2281	9
2282	33
2283	8
2284	68
2285	20
2286	45
2287	10
2288	127
2289	10
2290	45
2291	5
2292	121
2293	5
2294	32
2295	19
2296	109
2297	9
2298	46
2299	4
2300	102
2301	18
2302	18
2303	7
2304	156
2305	11
2306	37
2307	4
2308	93
2309	2
2310	58
2311	11
2312	94
2313	7
2314	28
2315	7
2316	83
2317	5
2318	28
2319	14
2320	196
2321	9
2322	42
2323	7
2324	59
2325	18
2326	18
2327	4
2328	155
2329	4
2330	51
2331	6
2332	51
2333	3
2334	28
2335	10
2336	93
2337	6
2338	26
2339	5
2340	173
2341	4
2342	24
2343	9
2344	70
2345	8
2346	30
2347	4
2348	44
2349	8
2350	33
2351	8
2352	151
2353	4
2354	27
2355	12
2356	41
2357	5
2358	29
2359	2
2360	113
2361	13
2362	27
2363	5
2364	93
2365	7
2366	23
2367	9
2368	86
2369	6
2370	47
2371	5
2372	49
2373	7
2374	17
2375	11
2376	111
2377	6
2378	18
2379	4
2380	63
2381	7
2382	27
2383	4
2384	67
2385	10
2386	14
2387	3
2388	86
2389	7
2390	29
2391	5
2392	49
2393	3
2394	35
2395	8
2396	39
2397	13
2398	17
2399	3
2400	8812
2401	4
2402	88
2403	4
2404	267
2405	535
2406	84
2407	16
2408	202
2409	16
2410	1312
2411	5
2412	136
2413	18
2414	67
2415	315
2416	158
2417	8
2418	57
2419	6
2420	1273
2421	14
2422	34
2423	17
2424	200
2425	158
2426	40
2427	14
2428	89
2429	10
2430	666
2431	11
2432	112
2433	9
2434	39
2435	86
2436	102
2437	6
2438	48
2439	8
2440	1046
2441	10
2442	52
2443	5
2444	85
2445	107
2446	39
2447	6
2448	168
2449	11
2450	226
2451	14
2452	57
2453	10
2454	40
2455	48
2456	85
2457	14
2458	32
2459	3
2460	698
2461	8
2462	35
2463	9
2464	79
2465	67
2466	39
2467	6
2468	69
2469	12
2470	169
2471	6
2472	122
2473	10
2474	21
2475	45
2476	48
2477	8
2478	40
2479	2
2480	587
2481	15
2482	23
2483	5
2484	94
2485	43
2486	32
2487	7
2488	84
2489	4
2490	262
2491	10
2492	46
2493	9
2494	24
2495	29
2496	124
2497	2
2498	19
2499	5
2500	251
2501	10
2502	42
2503	6
2504	49
2505	24
2506	22
2507	6
2508	67
2509	2
2510	83
2511	5
2512	52
2513	2
2514	28
2515	22
2516	38
2517	11
2518	23
2519	3
2520	558
2521	4
2522	15
2523	6
2524	53
2525	29
2526	31
2527	7
2528	54
2529	7
2530	89
2531	3
2532	71
2533	3
2534	20
2535	28
2536	60
2537	2
2538	36
2539	5
2540	132
2541	8
2542	15
2543	2
2544	91
2545	21
2546	16
2547	6
2548	40
2549	3
2550	77
2551	2
2552	43
2553	11
2554	19
2555	12
2556	61
2557	4
2558	18
2559	4
2560	276
2561	7
2562	33
2563	2
2564	31
2565	24
2566	13
2567	3
2568	81
2569	4
2570	55
2571	7
2572	40
2573	6
2574	26
2575	11
2576	55
2577	3
2578	12
2579	4
2580	192
2581	5
2582	21
2583	7
2584	36
2585	15
2586	35
2587	5
2588	24
2589	6
2590	48
2591	5
2592	76
2593	8
2594	14
2595	13
2596	34
2597	5
2598	22
2599	4
2600	155
2601	8
2602	18
2603	7
2604	47
2605	10
2606	14
2607	2
2608	43
2609	5
2610	58
2611	4
2612	32
2613	4
2614	12
2615	7
2616	55
2617	2
2618	8
2619	1
2620	72
2621	4
2622	24
2623	3
2624	36
2625	9
2626	11
2627	2
2628	32
2629	2
2630	34
2631	4
2632	37
2633	3
2634	26
2635	5
2636	19
2637	4
2638	9
2639	5
2640	272
2641	5
2642	10
2643	2
2644	31
2645	9
2646	12
2647	1
2648	41
2649	6
2650	41
2651	3
2652	41
2653	3
2654	12
2655	21
2656	34
2657	6
2658	20
2659	3
2660	68
2661	3
2662	17
2664	53
2665	5
2666	13
2667	2
2668	17
2669	3
2670	55
2671	3
2672	34
2673	4
2674	13
2675	3
2676	29
2677	2
2678	10
2679	4
2680	61
2681	4
2682	25
2683	2
2684	16
2685	15
2686	12
2688	42
2689	2
2690	27
2691	5
2692	18
2693	2
2694	15
2695	9
2696	28
2697	4
2698	11
2699	2
2700	201
2701	5
2702	10
2703	2
2704	31
2705	3
2706	19
2707	1
2708	19
2709	1
2710	29
2711	3
2712	32
2714	7
2715	9
2716	23
2717	3
2718	20
2719	2
2720	109
2721	2
2722	6
2723	2
2724	27
2725	5
2726	7
2727	1
2728	29
2729	2
2730	38
2731	2
2732	29
2733	2
2734	7
2735	5
2736	43
2737	3
2738	10
2739	5
2740	49
2741	5
2742	19
2743	1
2744	33
2745	1
2746	11
2747	3
2748	28
2749	1
2750	26
2751	7
2752	19
2753	4
2754	13
2755	6
2756	27
2757	3
2758	12
2760	126
2761	4
2762	8
2763	4
2764	23
2765	9
2766	16
2768	35
2769	7
2770	24
2772	44
2773	2
2774	14
2775	8
2776	24
2777	5
2778	14
2780	60
2781	7
2782	8
2783	1
2784	48
2785	5
2786	12
2787	5
2788	27
2789	2
2790	20
2791	3
2792	35
2793	2
2794	8
2795	4
2796	30
2797	2
2798	10
2799	1
2800	113
2802	19
2803	1
2804	15
2805	7
2806	5
2808	40
2809	1
2810	23
2811	3
2812	32
2813	1
2814	17
2815	3
2816	24
2817	2
2818	10
2819	3
2820	77
2821	1
2822	11
2823	3
2824	22
2825	6
2826	17
2827	1
2828	21
2829	6
2830	12
2831	2
2832	30
2833	4
2834	8
2835	8
2836	21
2837	1
2838	15
2840	30
2841	4
2842	12
2843	1
2844	31
2845	2
2846	9
2847	3
2848	20
2850	18
2852	21
2853	2
2854	8
2855	4
2856	26
2857	1
2858	7
2859	1
2860	25
2861	1
2862	12
2864	19
2865	5
2866	6
2867	4
2868	21
2869	3
2870	4
2871	2
2872	14
2874	15
2876	16
2877	3
2878	7
2879	4
2880	1450
2881	4
2882	8
2883	4
2884	36
2885	49
2886	24
2887	7
2888	55
2889	5
2890	201
2891	5
2892	38
2893	7
2894	23
2895	68
2896	51
2897	2
2898	26
2899	4
2900	238
2901	12
2902	17
2903	8
2904	92
2905	15
2906	28
2907	3
2908	52
2909	5
2910	135
2911	5
2912	86
2913	5
2914	21
2915	14
2916	56
2917	2
2918	17
2919	4
2920	207
2921	11
2922	23
2923	1
2924	56
2925	20
2926	23
2927	4
2928	123
2929	4
2930	46
2931	7
2932	45
2933	8
2934	27
2935	11
2936	52
2937	9
2938	22
2939	6
2940	199
2941	4
2942	20
2943	7
2944	81
2945	3
2946	26
2947	2
2948	42
2949	5
2950	41
2951	2
2952	120
2953	6
2954	19
2955	6
2956	56
2957	3
2958	29
2959	5
2960	147
2961	12
2962	11
2964	60
2965	5
2966	13
2967	10
2968	64
2970	65
2971	3
2972	40
2973	7
2974	12
2975	2
2976	100
2977	2
2978	15
2979	1
2980	74
2981	4
2982	30
2983	2
2984	47
2985	8
2986	13
2987	2
2988	48
2989	2
2990	22
2991	8
2992	45
2993	2
2994	26
2995	4
2996	49
2997	7
2998	15
2999	2
3000	154
3001	2
3002	19
3003	3
3004	45
3005	7
3006	23
3007	2
3008	50
3009	7
3010	25
3011	4
3012	57
3013	4
3014	12
3015	10
3016	53
3017	1
3018	21
3019	2
3020	64
3021	12
3022	13
3023	3
3024	77
3025	5
3026	4
3027	2
3028	39
3029	5
3030	31
3031	4
3032	39
3033	1
3034	5
3036	52
3037	3
3038	12
3039	3
3040	104
3041	1
3042	27
3043	2
3044	22
3045	10
3046	17
3047	2
3048	65
3049	2
3050	21
3051	1
3052	33
3053	4
3054	18
3055	5
3056	48
3057	2
3058	11
3059	4
3060	77
3061	2
3062	7
3063	2
3064	24
3066	13
3067	2
3068	18
3069	2
3070	19
3071	3
3072	51
3073	2
3074	10
3075	5
3076	14
3077	2
3078	11
3079	3
3080	59
3081	2
3082	7
3084	29
3085	8
3086	8
3087	5
3088	26
3089	2
3090	15
3092	12
3093	4
3094	4
3095	4
3096	42
3098	10
3099	2
3100	25
3101	3
3102	10
3103	1
3104	24
3105	3
3106	7
3108	24
3110	15
3111	5
3112	21
3114	16
3115	2
3116	17
3117	1
3118	2
3119	1
3120	96
3122	5
3123	5
3124	19
3126	10
3127	1
3128	24
3129	3
3130	9
3132	31
3134	3
3135	5
3136	28
3137	1
3138	16
3139	1
3140	21
3141	3
3142	6
3143	3
3144	32
3145	1
3146	3
3147	3
3148	15
3149	2
3150	17
3151	1
3152	22
3153	4
3154	5
3155	1
3156	15
3157	1
3158	7
3159	2
3160	22
3161	1
3162	8
3164	8
3165	2
3166	7
3167	1
3168	41
3170	7
3171	2
3172	10
3174	9
3175	1
3176	11
3178	4
3180	30
3181	4
3182	5
3184	16
3185	4
3186	7
3187	3
3188	9
3190	5
3192	30
3193	1
3194	5
3195	3
3196	16
3197	1
3198	5
3199	2
3200	5677
3201	2
3202	44
3203	2
3204	133
3205	353
3206	14
3207	14
3208	129
3209	7
3210	854
3211	1
3212	43
3213	4
3214	38
3215	192
3216	85
3217	8
3218	19
3219	8
3220	881
3221	12
3222	13
3223	4
3224	43
3225	58
3226	28
3227	3
3228	61
3229	1
3230	372
3231	6
3232	43
3233	5
3234	18
3235	45
3236	25
3237	4
3238	14
3239	2
3240	753
3241	2
3242	14
3243	4
3244	34
3245	70
3246	19
3247	3
3248	47
3249	3
3250	225
3251	2
3252	21
3253	5
3254	11
3255	36
3256	36
3257	4
3258	11
3259	2
3260	460
3261	5
3262	7
3263	4
3264	40
3265	34
3266	11
3268	34
3269	6
3270	125
3271	3
3272	28
3273	3
3274	6
3275	13
3276	35
3278	12
3279	3
3280	336
3281	1
3282	15
3283	1
3284	14
3285	20
3286	10
3287	4
3288	43
3289	3
3290	151
3291	6
3292	21
3293	1
3294	17
3295	17
3296	41
3297	2
3298	7
3300	170
3301	1
3302	9
3304	19
3305	10
3306	17
3307	4
3308	20
3309	5
3310	56
3311	2
3312	33
3313	1
3314	10
3315	10
3316	12
3317	3
3318	12
3319	4
3320	311
3321	2
3322	12
3323	1
3324	28
3325	13
3326	4
3327	1
3328	18
3329	1
3330	61
3331	1
3332	11
3333	5
3334	11
3335	16
3336	38
3337	3
3338	4
3339	1
3340	84
3341	2
3342	10
3343	4
3344	22
3345	8
3346	4
3348	24
3349	1
3350	46
3351	3
3352	20
3353	2
3354	11
3355	5
3356	10
3357	3
3358	10
3359	1
3360	154
3362	5
3363	1
3364	9
3365	8
3366	5
3367	3
3368	27
3369	5
3370	25
3371	2
3372	23
3373	1
3374	6
3375	4
3376	14
3377	1
3378	16
3379	2
3380	122
3381	5
3382	6
3383	1
3384	40
3385	4
3386	8
3387	3
3388	12
3389	1
3390	32
3391	2
3392	13
3394	5
3395	3
3396	23
3397	1
3398	7
3399	6
3400	126
3402	19
3403	2
3404	18
3405	7
3406	6
3407	1
3408	20
3409	1
3410	28
3411	3
3412	7
3414	5
3415	4
3416	24
3418	5
3420	52
3421	1
3422	4
3424	11
3425	5
3426	11
3427	1
3428	12
3429	2
3430	12
3431	2
3432	14
3433	3
3434	6
3435	2
3436	10
3438	8
3440	107
3441	1
3442	3
3443	1
3444	20
3445	4
3446	8
3447	3
3448	12
3449	5
3450	22
3451	2
3452	10
3453	1
3454	6
3455	4
3456	25
3457	1
3458	8
3460	44
3461	3
3462	7
3464	11
3465	2
3466	3
3467	2
3468	18
3469	2
3470	21
3471	2
3472	10
3473	2
3474	11
3476	8
3479	2
3480	61
3481	1
3482	6
3484	7
3485	5
3486	8
3488	3
3490	11
3492	17
3493	1
3494	4
3495	5
3496	7
3497	1
3498	9
3500	45
3501	4
3502	6
3504	17
3505	1
3506	3
3508	7
3509	1
3510	14
3511	3
3512	8
3514	4
3515	3
3516	7
3518	1
3519	2
3520	25
3522	5
3524	9
3525	6
3528	15
3529	1
3530	11
3531	1
3532	8
3533	3
3534	3
3535	1
3536	4
3538	3
3540	24
3542	2
3544	9
3545	1
3546	8
3548	6
3549	1
3550	7
3552	16
3554	3
3555	4
3556	9
3557	2
3558	5
3560	47
3561	2
3562	2
3564	14
3565	3
3568	10
3569	1
3570	12
3572	5
3573	1
3574	4
3576	7
3578	2
3580	10
3581	1
3582	1
3584	5
3585	2
3586	6
3588	9
3589	1
3590	10
3592	7
3594	5
3596	4
3597	1
3598	1
3599	1
3600	1174
3601	1
3602	12
3604	20
3605	63
3606	15
3607	2
3608	29
3610	156
3612	22
3613	2
3614	7
3615	40
3616	24
3617	2
3618	10
3619	3
3620	162
3622	3
3623	4
3624	29
3625	19
3626	8
3627	2
3628	22
3629	2
3630	85
3631	3
3632	15
3633	2
3634	5
3635	15
3636	19
3637	1
3638	7
3640	151
3641	6
3642	15
3643	2
3644	17
3645	22
3646	12
3647	1
3648	30
3649	2
3650	42
3651	3
3652	17
3653	2
3654	8
3655	7
3656	16
3657	1
3658	8
3659	4
3660	107
3661	5
3662	4
3663	1
3664	22
3665	5
3666	10
3667	3
3668	16
3669	2
3670	36
3671	2
3672	42
3674	5
3675	11
3676	13
3677	2
3678	5
3679	2
3680	124
3681	4
3682	4
3683	3
3684	21
3685	9
3686	5
3687	5
3688	21
3689	1
3690	47
3691	2
3692	12
3693	1
3694	1
3695	7
3696	36
3698	2
3700	42
3702	11
3703	1
3704	9
3705	4
3706	2
3708	18
3709	3
3710	18
3711	6
3712	12
3713	2
3714	11
3715	3
3716	10
3717	5
3718	7
3719	2
3720	84
3722	3
3723	3
3724	15
3725	8
3726	13
3728	17
3729	1
3730	13
3731	1
3732	26
3734	3
3735	10
3736	16
3738	4
3740	32
3741	4
3742	5
3744	24
3745	6
3746	1
3747	1
3748	11
3750	17
3752	11
3753	3
3754	3
3755	4
3756	14
3758	2
3759	5
3760	57
3762	7
3763	1
3764	11
3765	7
3766	3
3767	1
3768	31
3770	14
3771	1
3772	8
3773	1
3774	7
3775	4
3776	22
3777	1
3778	7
3780	38
3781	3
3782	2
3784	6
3785	5
3786	15
3787	1
3788	9
3790	4
3791	1
3792	15
3794	3
3795	3
3796	9
3797	2
3798	3
3800	50
3802	4
3803	1
3804	17
3805	2
3806	6
3807	1
3808	12
3810	8
3811	1
3812	4
3813	1
3814	2
3815	2
3816	22
3818	3
3820	22
3821	1
3822	5
3824	10
3825	1
3826	3
3827	1
3828	16
3830	3
3832	7
3833	1
3834	2
3836	8
3837	1
3838	1
3840	227
3841	2
3842	1
3843	1
3844	11
3845	1
3846	4
3847	2
3848	14
3849	1
3850	41
3851	1
3852	6
3853	2
3854	9
3855	11
3856	14
3857	2
3858	4
3860	39
3861	2
3863	1
3864	25
3865	4
3866	3
3867	3
3868	10
3870	20
3871	3
3872	23
3873	1
3874	6
3875	3
3876	10
3877	3
3878	8
3879	2
3880	34
3882	13
3884	9
3885	3
3886	5
3887	1
3888	36
3889	1
3890	8
3892	11
3893	1
3894	10
3895	6
3896	24
3897	1
3898	7
3899	1
3900	39
3902	7
3903	1
3904	19
3905	3
3906	7
3908	10
3909	2
3910	5
3911	2
3912	21
3914	3
3915	2
3916	10
3918	7
3920	44
3922	4
3923	1
3924	11
3925	4
3926	1
3927	1
3928	20
3930	12
3931	1
3932	13
3933	1
3934	4
3935	2
3936	18
3938	3
3939	1
3940	18
3941	1
3942	6
3944	11
3945	5
3947	1
3948	18
3949	3
3950	8
3951	3
3952	7
3953	1
3954	5
3956	6
3957	2
3958	5
3960	45
3962	6
3963	1
3964	2
3965	3
3966	5
3967	1
3968	12
3969	1
3970	4
3971	1
3972	18
3974	3
3975	3
3976	7
3978	3
3980	10
3981	1
3982	1
3983	1
3984	12
3985	1
3986	1
3988	4
3990	5
3992	4
3993	1
3994	4
3995	1
3996	5
3998	5
4000	48
4001	1
4002	5
4004	7
4005	4
4006	2
4008	15
4009	1
4010	8
4011	1
4012	1
4014	5
4015	3
4016	7
4017	1
4018	2
4020	27
4021	1
4022	4
4024	11
4025	2
4026	5
4028	3
4030	7
4032	13
4034	3
4035	1
4038	3
4040	24
4041	1
4042	3
4044	11
4045	4
4046	4
4048	9
4050	12
4051	1
4052	6
4054	1
4055	2
4056	10
4060	8
4062	4
4064	2
4065	2
4067	1
4068	5
4069	1
4070	3
4071	1
4074	1
4076	4
4077	1
4078	2
4080	29
4081	1
4082	1
4083	1
4084	2
4086	2
4088	3
4090	2
4092	7
4094	4
4095	1
4096	9
4098	2
4100	11
4101	1
4102	1
4104	7
4106	3
4108	4
4110	8
4112	3
4114	2
4115	1
4116	6
4117	1
4118	1
4120	9
4121	1
4122	1
4124	1
4127	1
4128	9
4130	2
4132	1
4134	3
4136	10
4138	3
4140	8
4142	1
4144	4
4146	3
4148	3
4150	2
4152	4
4154	3
4155	1
4156	5
4160	9
4162	2
4164	5
4166	1
4170	5
4172	3
4173	2
4174	1
4176	1
4177	1
4179	1
4180	7
4182	4
4183	1
4184	2
4185	2
4186	1
4188	2
4190	1
4191	1
4192	4
4194	3
4196	4
4198	1
4199	1
4200	14
4201	1
4203	1
4204	1
4206	1
4208	4
4210	7
4212	10
4216	3
4218	1
4220	5
4222	1
4224	7
4226	2
4227	1
4228	4
4230	5
4232	2
4234	1
4236	4
4238	1
4240	11
4242	1
4244	2
4246	5
4248	4
4249	2
4250	3
4251	1
4252	3
4254	1
4256	2
4258	1
4260	5
4261	1
4262	1
4264	2
4266	4
4270	5
4272	4
4274	2
4276	2
4278	1
4280	2
4283	1
4284	3
4286	1
4288	4
4290	3
4293	1
4297	1
4299	1
4300	2
4302	1
4308	7
4309	1
4310	1
4314	1
4316	2
4319	1
4320	261
4321	1
4322	1
4324	4
4325	14
4326	3
4328	12
4329	1
4330	51
4332	5
4333	3
4334	3
4335	18
4336	10
4338	3
4340	59
4341	3
4342	3
4344	20
4345	2
4346	3
4347	3
4348	7
4350	37
4351	1
4352	13
4353	4
4354	3
4355	2
4356	11
4358	5
4360	39
4361	2
4362	6
4364	9
4365	1
4366	5
4367	1
4368	24
4369	1
4370	10
4371	2
4372	4
4374	6
4375	3
4376	10
4377	1
4378	2
4380	34
4381	1
4382	3
4383	2
4384	10
4385	1
4386	8
4388	9
4389	2
4390	4
4391	1
4392	26
4393	1
4394	4
4396	10
4398	4
4399	2
4400	42
4401	3
4402	3
4404	14
4405	2
4406	3
4407	2
4408	21
4410	17
4411	1
4412	10
4413	1
4414	3
4415	1
4416	29
4418	3
4419	1
4420	10
4421	1
4422	6
4423	2
4424	14
4425	2
4426	4
4428	12
4429	2
4430	8
4431	1
4432	10
4434	5
4435	2
4436	8
4437	3
4438	5
4440	38
4442	5
4444	3
4445	1
4446	7
4447	2
4448	15
4449	1
4450	4
4452	12
4453	1
4454	2
4455	4
4456	13
4457	1
4458	2
4460	9
4461	2
4464	17
4465	1
4466	3
4468	8
4470	10
4471	1
4472	16
4474	5
4476	8
4478	1
4480	13
4482	4
4484	1
4485	1
4486	1
4488	13
4490	3
4492	6
4493	1
4494	7
4495	2
4496	8
4497	3
4498	1
4500	23
4502	3
4503	1
4504	6
4505	3
4506	5
4508	2
4509	1
4510	5
4512	14
4513	1
4514	5
4515	2
4516	4
4517	1
4518	6
4519	1
4520	7
4522	2
4524	11
4525	2
4526	2
4528	4
4530	2
4531	3
4532	2
4533	1
4534	1
4536	9
4538	2
4539	2
4540	5
4542	9
4543	2
4544	5
4545	1
4546	2
4548	9
4549	1
4552	10
4554	2
4556	2
4560	36
4561	1
4562	1
4563	2
4564	1
4565	1
4566	3
4567	1
4568	5
4569	1
4570	3
4572	5
4574	1
4575	2
4576	4
4577	1
4578	3
4580	1
4584	13
4586	1
4588	1
4590	4
4592	1
4596	5
4599	3
4600	6
4604	5
4605	1
4606	1
4608	6
4609	1
4610	1
4612	4
4614	2
4616	6
4620	9
4622	2
4624	2
4625	1
4626	1
4628	3
4630	3
4632	8
4635	1
4636	2
4638	2
4640	8
4642	3
4644	6
4646	1
4647	1
4649	1
4650	2
4651	1
4655	1
4656	7
4658	1
4660	3
4662	3
4664	1
4666	1
4668	1
4670	1
4672	3
4674	2
4675	1
4676	1
4680	9
4681	1
4686	3
4688	4
4690	3
4692	4
4694	1
4695	1
4698	4
4700	3
4704	4
4709	2
4710	5
4711	1
4712	3
4714	1
4716	3
4720	1
4722	1
4724	3
4728	5
4735	1
4736	3
4740	3
4742	1
4746	1
4748	1
4750	1
4752	2
4754	1
4756	3
4757	1
4758	2
4760	3
4762	1
4764	4
4767	1
4772	2
4775	1
4776	5
4780	2
4782	2
4792	1
4794	2
4796	1
4800	2525
4802	18
4804	59
4805	158
4806	21
4807	3
4808	64
4809	1
4810	370
4811	1
4812	17
4813	3
4814	17
4815	99
4816	39
4817	1
4818	10
4819	2
4820	378
4821	3
4822	6
4823	3
4824	36
4825	36
4826	8
4828	18
4829	2
4830	202
4831	3
4832	12
4833	1
4834	9
4835	21
4836	14
4838	9
4839	5
4840	277
4841	2
4842	6
4844	11
4845	44
4846	8
4847	1
4848	20
4849	1
4850	62
4851	4
4852	12
4854	8
4855	16
4856	12
4857	2
4858	5
4859	1
4860	210
4861	1
4862	3
4863	1
4864	14
4865	22
4866	5
4868	13
4870	38
4871	1
4872	14
4874	2
4875	6
4876	9
4877	1
4878	1
4880	151
4881	2
4882	1
4884	13
4885	5
4886	3
4887	1
4888	15
4889	2
4890	77
4892	12
4894	4
4895	10
4896	21
4897	1
4898	4
4900	61
4902	9
4904	7
4905	2
4906	2
4908	7
4909	2
4910	24
4912	11
4913	4
4914	5
4915	2
4916	2
4917	2
4920	144
4922	4
4923	2
4924	5
4925	6
4926	1
4928	9
4929	1
4930	31
4932	15
4933	1
4934	5
4935	5
4936	12
4938	2
4940	46
4941	1
4942	3
4944	11
4945	3
4946	2
4947	1
4948	4
4949	1
4950	24
4951	1
4952	2
4953	1
4954	3
4956	9
4959	1
4960	52
4962	6
4963	1
4964	7
4965	3
4966	2
4968	9
4970	6
4972	5
4974	3
4975	3
4976	4
4977	2
4980	49
4983	2
4984	3
4985	2
4986	1
4988	3
4990	10
4992	9
4993	1
4995	3
4996	7
4997	1
4998	1
5000	40
5002	2
5004	2
5005	2
5006	1
5007	2
5008	7
5010	11
5011	1
5012	2
5013	1
5014	2
5015	1
5016	8
5017	2
5020	24
5021	1
5022	2
5024	4
5025	6
5026	1
5028	5
5030	3
5032	3
5034	2
5036	1
5037	2
5038	1
5040	65
5041	1
5044	2
5045	2
5046	2
5047	1
5048	5
5050	2
5052	4
5054	1
5055	7
5056	2
5060	9
5064	3
5065	1
5066	2
5068	1
5070	13
5072	2
5073	1
5074	2
5075	1
5076	3
5077	1
5078	2
5080	11
5081	2
5082	2
5084	1
5086	2
5088	7
5090	3
5092	2
5094	2
5096	2
5098	1
5100	22
5102	1
5103	1
5104	4
5108	3
5110	2
5112	3
5113	1
5115	1
5116	1
5118	3
5120	17
5122	1
5124	6
5125	1
5126	1
5127	2
5128	3
5129	1
5130	6
5132	1
5136	4
5138	3
5139	1
5140	9
5144	1
5145	1
5147	1
5148	4
5150	2
5152	1
5155	1
5156	1
5159	1
5160	28
5164	3
5165	4
5166	3
5168	4
5172	2
5174	1
5176	2
5177	1
5178	1
5180	12
5181	2
5184	2
5185	1
5186	2
5187	1
5188	5
5190	3
5192	3
5193	1
5194	1
5195	1
5196	2
5200	25
5202	1
5204	4
5206	1
5208	5
5209	1
5210	4
5212	3
5214	1
5215	1
5216	4
5218	1
5220	10
5224	3
5228	3
5229	1
5230	1
5232	2
5235	2
5236	1
5238	1
5240	8
5242	2
5244	1
5246	1
5250	5
5252	1
5260	4
5261	1
5264	3
5268	1
5270	2
5272	2
5279	1
5280	22
5282	1
5284	1
5286	1
5290	3
5291	1
5292	1
5295	1
5296	1
5300	4
5306	1
5310	2
5312	1
5318	2
5320	1
5326	1
5328	2
5330	3
5332	3
5334	1
5339	1
5340	6
5346	2
5348	1
5350	2
5352	2
5356	1
5360	3
5362	1
5364	1
5365	1
5370	1
5376	3
5380	2
5384	1
5385	1
5386	1
5388	1
5390	2
5394	1
5396	1
5400	85
5402	3
5403	1
5404	2
5405	2
5406	1
5408	3
5410	5
5412	2
5415	4
5416	2
5420	9
5421	1
5424	5
5425	1
5426	1
5430	8
5432	3
5434	1
5436	2
5438	1
5440	15
5444	3
5445	2
5446	1
5448	3
5450	4
5452	1
5454	1
5455	1
5456	1
5458	1
5460	8
5462	2
5464	3
5468	2
5470	3
5472	4
5475	1
5476	1
5478	1
5480	7
5482	1
5483	1
5484	5
5488	3
5490	4
5492	1
5494	2
5495	1
5496	5
5497	1
5498	1
5500	4
5502	3
5504	3
5505	4
5508	4
5512	2
5516	1
5518	2
5520	15
5521	1
5522	1
5524	1
5525	1
5528	1
5530	4
5532	3
5534	1
5535	1
5536	1
5540	6
5542	1
5544	7
5548	4
5550	3
5552	4
5553	1
5556	2
5560	3
5561	1
5564	1
5565	1
5566	1
5568	3
5571	1
5572	3
5576	2
5578	2
5579	1
5580	9
5584	1
5586	2
5588	1
5592	4
5595	2
5596	3
5600	7
5604	3
5608	3
5610	4
5612	2
5615	1
5616	5
5620	3
5622	1
5628	2
5629	1
5631	1
5632	2
5634	2
5637	1
5640	7
5644	3
5646	4
5649	1
5650	2
5652	4
5655	3
5656	2
5658	1
5660	3
5664	5
5667	1
5672	1
5680	3
5684	1
5686	1
5688	4
5690	3
5692	1
5694	3
5700	4
5704	1
5706	1
5710	2
5712	5
5718	1
5719	1
5720	2
5721	1
5724	2
5728	1
5730	1
5732	1
5735	1
5736	2
5738	1
5740	1
5746	1
5748	1
5754	1
5756	1
5760	119
5764	1
5766	5
5768	4
5770	11
5772	5
5775	2
5776	3
5778	1
5780	12
5784	4
5786	1
5788	1
5789	1
5790	13
5791	1
5792	4
5794	5
5796	4
5797	1
5798	1
5800	15
5801	1
5802	3
5804	2
5805	2
5806	1
5807	1
5808	3
5809	1
5810	6
5812	6
5814	1
5816	4
5818	4
5820	10
5821	2
5822	1
5824	5
5825	1
5826	1
5828	6
5830	2
5832	7
5836	5
5837	2
5838	2
5840	6
5842	1
5843	1
5844	6
5845	1
5846	1
5848	4
5850	2
5852	4
5854	1
5856	6
5857	1
5858	1
5859	1
5860	10
5862	8
5864	5
5865	1
5868	2
5869	1
5870	5
5871	3
5872	4
5873	1
5874	3
5876	5
5880	11
5881	1
5882	1
5884	4
5886	2
5888	5
5889	1
5890	4
5892	3
5894	1
5895	2
5896	3
5900	1
5902	2
5904	7
5905	1
5908	2
5910	4
5911	1
5912	4
5914	1
5916	2
5919	1
5920	6
5922	3
5923	1
5924	1
5928	7
5929	2
5936	2
5937	1
5940	8
5941	1
5944	2
5945	1
5946	1
5949	1
5950	1
5952	7
5956	1
5957	1
5958	2
5960	2
5964	1
5966	2
5967	1
5970	1
5972	1
5975	1
5976	7
5979	1
5980	2
5982	2
5984	1
5988	6
5994	2
5996	2
6000	17
6006	1
6008	2
6010	5
6012	5
6015	2
6016	3
6020	1
6024	7
6028	3
6030	2
6032	2
6036	1
6040	4
6044	2
6050	1
6053	1
6054	2
6056	2
6057	1
6060	4
6062	1
6064	1
6070	1
6071	1
6072	4
6073	1
6074	1
6075	1
6080	3
6084	2
6088	2
6090	2
6096	5
6098	1
6100	1
6108	2
6116	2
6117	1
6119	1
6120	1
6128	1
6132	3
6135	1
6140	2
6141	1
6144	2
6148	1
6150	1
6152	1
6160	2
6162	1
6165	1
6172	1
6178	1
6180	2
6184	1
6188	1
6196	1
6204	2
6206	2
6216	2
6220	1
6222	1
6228	3
6240	3
6246	1
6248	1
6255	1
6264	1
6265	1
6267	1
6276	2
6294	1
6298	1
6301	1
6308	1
6312	1
6336	2
6340	1
6348	1
6358	1
6360	1
6375	1
6380	1
6384	1
6400	739
6402	4
6403	1
6404	25
6405	35
6406	4
6407	1
6408	23
6409	1
6410	122
6412	4
6414	6
6415	24
6416	10
6417	1
6418	2
6419	2
6420	107
6421	1
6422	1
6423	2
6424	5
6425	8
6426	2
6428	13
6430	45
6431	1
6432	2
6434	3
6435	5
6436	1
6438	3
6440	79
6442	1
6444	4
6445	6
6448	8
6449	1
6450	20
6452	3
6453	2
6454	1
6455	2
6458	2
6460	54
6464	4
6465	3
6466	3
6468	4
6470	8
6472	2
6474	2
6476	2
6480	75
6482	2
6484	6
6485	1
6486	3
6488	4
6490	30
6492	1
6494	2
6495	4
6496	1
6498	2
6499	1
6500	23
6502	2
6504	3
6505	1
6506	2
6508	3
6510	5
6512	2
6516	1
6518	1
6520	38
6522	2
6524	4
6526	1
6528	5
6529	1
6530	8
6532	2
6535	2
6536	4
6538	2
6540	17
6544	1
6545	1
6550	3
6552	4
6554	1
6555	1
6556	3
6558	1
6560	19
6562	1
6564	3
6566	1
6568	2
6570	3
6571	1
6576	3
6578	1
6580	10
6582	1
6584	6
6585	1
6588	1
6590	5
6592	2
6595	1
6596	2
6600	13
6602	1
6604	1
6608	3
6610	2
6612	1
6615	2
6616	1
6618	3
6620	11
6621	1
6622	1
6624	2
6628	2
6634	1
6636	3
6638	1
6640	18
6642	2
6643	1
6644	2
6645	2
6646	1
6648	2
6649	1
6650	6
6654	3
6656	1
6660	6
6665	2
6670	4
6672	3
6676	1
6678	2
6680	3
6682	1
6686	1
6690	1
6691	1
6693	1
6694	1
6698	1
6699	1
6700	8
6702	2
6705	4
6706	1
6712	1
6716	1
6718	1
6720	6
6722	2
6728	3
6729	1
6732	3
6736	1
6744	3
6750	2
6752	3
6760	6
6764	1
6766	2
6768	3
6770	2
6775	1
6778	3
6780	3
6784	2
6786	3
6792	2
6794	1
6796	3
6797	1
6800	9
6804	1
6807	1
6808	1
6810	2
6812	2
6816	3
6820	7
6822	1
6828	4
6830	1
6832	3
6838	1
6840	3
6844	1
6846	2
6847	1
6848	1
6849	1
6850	1
6852	1
6858	1
6860	2
6864	3
6868	1
6872	1
6873	1
6874	1
6876	1
6880	3
6884	1
6887	1
6888	2
6895	1
6898	1
6900	2
6902	1
6904	1
6910	1
6911	1
6912	2
6914	1
6916	2
6918	1
6920	3
6921	1
6924	1
6926	1
6930	1
6936	2
6948	1
6952	1
6960	3
6964	2
6970	1
6976	1
6980	1
6981	1
6984	1
6990	1
6995	1
6996	2
6998	1
7000	3
7008	3
7014	1
7015	1
7020	2
7022	1
7028	1
7032	2
7040	1
7044	1
7048	2
7054	1
7068	2
7069	1
7071	1
7072	1
7074	1
7078	1
7080	1
7097	1
7099	1
7100	2
7108	1
7116	2
7128	1
7134	1
7136	3
7152	1
7176	2
7187	1
7196	1
7200	436
7202	1
7204	7
7205	25
7206	6
7207	1
7208	9
7210	74
7212	5
7213	2
7214	2
7215	20
7216	8
7218	4
7220	62
7221	1
7222	5
7223	2
7224	5
7225	4
7226	1
7227	1
7228	5
7230	40
7232	6
7233	1
7235	1
7236	1
7238	2
7240	46
7242	1
7243	1
7244	2
7245	7
7246	2
7248	10
7249	1
7250	12
7252	3
7254	4
7255	2
7256	2
7258	4
7259	1
7260	41
7261	1
7262	2
7264	3
7265	5
7266	1
7268	1
7269	2
7270	12
7272	9
7274	1
7275	4
7276	3
7277	1
7278	3
7280	33
7284	3
7285	3
7287	1
7288	6
7290	18
7292	6
7295	1
7296	5
7298	1
7300	12
7301	1
7302	1
7304	2
7308	2
7310	4
7311	1
7312	1
7314	2
7317	1
7320	33
7324	1
7325	2
7326	1
7328	8
7330	2
7334	1
7336	3
7338	2
7340	8
7344	2
7345	2
7348	4
7350	6
7352	2
7355	2
7356	3
7357	1
7360	13
7362	2
7364	2
7365	1
7368	5
7370	1
7376	2
7378	1
7380	12
7384	3
7386	1
7389	1
7390	6
7392	1
7394	1
7395	1
7396	1
7400	8
7404	1
7406	1
7408	1
7410	3
7412	1
7416	1
7420	1
7424	1
7428	2
7430	4
7432	2
7435	1
7436	1
7440	12
7442	2
7448	2
7450	1
7452	2
7454	1
7456	1
7458	2
7460	1
7464	3
7467	1
7468	1
7470	1
7476	2
7484	1
7488	2
7494	1
7497	1
7500	5
7504	1
7508	2
7510	1
7512	1
7515	1
7518	1
7520	4
7524	1
7526	1
7528	1
7530	1
7532	1
7534	2
7536	3
7540	1
7542	2
7545	1
7553	1
7554	1
7560	11
7568	4
7572	1
7576	1
7578	1
7580	2
7581	1
7587	1
7600	5
7604	1
7610	1
7611	2
7616	1
7618	1
7620	2
7624	1
7640	1
7645	1
7650	2
7665	1
7680	9
7690	1
7692	1
7695	1
7696	1
7712	1
7720	1
7726	1
7740	3
7756	1
7768	1
7770	1
7772	1
7776	1
7778	1
7780	1
7786	1
7790	1
7792	1
7800	3
7812	1
7823	1
7824	1
7826	1
7827	1
7830	1
7831	1
7834	1
7836	1
7842	1
7848	1
7860	4
7869	1
7872	2
7873	1
7876	1
7877	1
7896	1
7899	1
7902	1
7914	2
7916	1
7920	2
7932	1
7940	1
7956	1
7960	1
7990	1
7992	2
7996	1
8000	7
8005	1
8012	1
8016	1
8020	1
8022	1
8032	1
8034	2
8035	1
8050	1
8054	1
8073	1
8075	1
8076	1
8078	1
8080	1
8100	6
8110	1
8116	2
8120	2
8121	1
8126	1
8136	1
8160	1
8166	1
8168	2
8172	1
8190	1
8204	1
8216	1
8226	1
8230	1
8250	1
8254	1
8260	1
8262	1
8267	1
8268	1
8276	1
8280	1
8299	1
8304	2
8316	1
8324	1
8331	1
8346	1
8358	1
8360	1
8376	1
8389	1
8392	2
8400	3
8404	1
8415	1
8432	1
8436	1
8442	1
8464	1
8472	1
8490	2
8520	1
8526	1
8532	1
8535	2
8540	1
8544	1
8569	1
8594	1
8600	1
8608	1
8616	1
8640	28
8646	1
8648	2
8650	2
8655	3
8658	1
8660	6
8664	2
8666	1
8668	1
8670	2
8672	1
8674	1
8676	1
8680	3
8682	1
8684	2
8685	1
8688	4
8690	1
8692	2
8694	1
8700	2
8702	1
8705	1
8708	2
8712	1
8715	1
8716	2
8720	3
8721	1
8724	1
8730	2
8733	1
8736	4
8738	1
8740	4
8741	2
8749	1
8752	1
8754	1
8756	1
8760	4
8762	1
8768	2
8772	2
8776	2
8780	1
8784	1
8786	1
8802	1
8808	1
8814	1
8819	1
8820	2
8826	1
8828	1
8832	3
8838	1
8841	1
8848	1
8856	1
8868	1
8874	1
8877	1
8880	3
8884	2
8886	1
8896	1
8904	4
8912	1
8920	1
8928	1
8930	1
8936	1
8940	1
8946	1
8952	3
8958	1
8964	1
8984	1
8994	1
9000	1
9012	3
9014	1
9033	1
9036	2
9060	1
9063	1
9064	1
9080	1
9123	1
9128	1
9129	1
9132	1
9140	1
9182	1
9215	1
9240	1
9256	1
9282	1
9306	1
9320	1
9344	1
9360	1
9372	1
9397	1
9448	1
9498	1
9540	1
9543	1
9600	401
9602	2
9604	9
9605	13
9606	2
9608	14
9610	51
9612	4
9614	2
9615	12
9616	2
9618	3
9620	68
9622	2
9623	1
9624	5
9625	1
9626	1
9627	2
9628	2
9630	36
9632	3
9634	6
9635	2
9636	2
9640	48
9642	2
9645	2
9646	1
9648	5
9650	8
9652	1
9654	2
9656	1
9660	33
9664	2
9665	2
9668	1
9670	4
9672	2
9675	3
9676	1
9678	1
9680	24
9684	4
9686	1
9690	15
9691	1
9695	1
9696	3
9700	9
9708	4
9710	2
9712	1
9715	2
9716	1
9717	1
9718	1
9720	28
9724	2
9727	1
9730	3
9732	1
9734	3
9735	1
9736	1
9738	1
9740	8
9744	1
9750	5
9760	8
9764	2
9765	1
9768	2
9770	1
9778	1
9780	6
9785	1
9790	2
9792	1
9795	1
9800	4
9804	1
9810	3
9812	1
9820	2
9828	1
9830	2
9840	10
9845	1
9850	1
9860	1
9862	1
9868	1
9870	1
9875	1
9880	1
9890	1
9896	1
9900	6
9904	1
9908	1
9912	1
9918	2
9920	2
9932	1
9936	1
9939	1
9940	1
9948	1
9950	1
9960	3
9963	1
9966	1
9975	1
9980	3
9982	1
10000	3
10002	1
10006	1
10016	1
10024	3
10032	1
10036	1
10040	1
10050	1
10066	1
10070	1
10080	1
10092	1
10095	1
10096	1
10098	1
10100	1
10104	1
10120	2
10130	2
10140	2
10158	1
10160	1
10170	1
10172	1
10182	1
10200	1
10204	1
10205	1
10212	1
10224	1
10226	1
10236	1
10238	1
10240	2
10248	1
10256	1
10258	1
10292	1
10308	1
10320	4
10347	1
10350	1
10356	1
10380	1
10400	1
10410	1
10452	1
10484	1
10501	1
10510	1
10572	1
10648	1
10660	1
10674	1
10800	29
10806	1
10808	1
10810	8
10813	1
10815	1
10816	1
10820	7
10824	1
10825	1
10830	1
10835	1
10840	3
10850	1
10851	1
10852	1
10856	1
10860	2
10862	1
10864	1
10870	2
10872	1
10875	2
10876	1
10880	1
10884	1
10890	1
10892	1
10896	1
10904	1
10910	2
10920	4
10926	1
10930	1
10932	1
10935	1
10944	2
10950	2
10953	1
10960	1
10968	1
10978	1
10986	1
10988	1
11012	1
11013	1
11020	1
11022	1
11040	1
11048	1
11068	1
11088	1
11094	1
11100	2
11124	1
11158	1
11184	1
11190	1
11241	1
11249	1
11320	1
11334	1
11340	2
11358	1
11442	1
11508	1
11520	2
11546	1
11550	1
11576	1
11580	1
11585	1
11598	1
11628	1
11632	1
11640	1
11646	2
11670	1
11712	2
11742	1
11754	1
11792	1
11800	1
11844	2
11868	1
11884	1
12000	1
12006	1
12010	1
12024	1
12050	1
12054	1
12068	1
12070	2
12096	1
12140	1
12213	1
12247	1
12582	1
12616	1
12630	1
12786	1
12800	42
12804	3
12808	1
12810	4
12812	1
12815	1
12816	2
12820	8
12825	1
12828	1
12830	6
12836	2
12840	6
12844	1
12845	1
12850	3
12856	1
12860	4
12864	1
12880	2
12882	1
12890	1
12900	1
12904	1
12920	2
12928	1
12950	2
12960	4
12987	1
12990	2
13000	1
13005	1
13012	1
13020	1
13026	1
13040	2
13044	1
13056	1
13080	1
13082	1
13084	1
13116	1
13120	1
13136	1
13140	1
13144	1
13180	1
13181	1
13190	1
13194	1
13212	1
13240	1
13258	1
13290	1
13296	2
13350	1
13378	1
13380	1
13440	1
13462	1
13516	1
14400	88
14404	2
14405	3
14408	3
14410	10
14412	2
14414	1
14415	1
14416	1
14417	1
14420	16
14422	1
14424	1
14430	7
14432	2
14435	2
14436	1
14440	6
14441	1
14444	4
14445	1
14446	1
14452	1
14455	1
14458	1
14460	4
14461	1
14468	3
14470	3
14474	1
14476	2
14478	1
14480	9
14484	1
14490	1
14492	1
14494	1
14500	4
14504	1
14512	1
14520	4
14525	1
14534	1
14535	1
14550	2
14580	1
14588	1
14590	2
14600	1
14606	1
14640	7
14644	1
14648	1
14650	1
14659	1
14663	1
14716	1
14720	2
14732	1
14740	1
14760	2
14826	1
14900	1
14910	1
14956	1
15000	1
15004	1
15048	1
15050	1
15058	1
15170	1
15196	1
15210	1
15312	1
15360	1
15460	1
15560	1
15724	1
16006	1
16034	1
16150	1
16200	4
16230	1
16580	1
17322	1
18173	1
18352	1
19200	40
19207	1
19210	2
19212	1
19215	1
19216	1
19218	1
19220	4
19224	2
19226	1
19230	3
19240	3
19250	1
19252	1
19260	3
19265	1
19280	2
19289	1
19296	1
19308	1
19320	3
19328	1
19333	1
19335	1
19400	2
19440	1
19470	1
19480	1
19500	1
19520	1
19530	1
19551	1
20100	1
21600	13
21619	1
21620	2
21624	1
21630	1
21632	1
21660	1
21666	1
21684	1
21690	2
21700	1
21705	1
21708	1
21720	1
21760	1
22118	1
22420	1
22860	1
24000	1
24300	1
24527	1
25600	1
25648	1
25664	1
25740	1
28800	11
28810	2
28820	1
28830	1
28840	2
28845	1
28860	1
28876	1
28935	1
28950	1
28974	1
29304	1
32430	1
32636	1
38400	2
38420	1
38498	1
38550	1
43210	1
43220	1
43230	1
43338	1
44136	1
57600	2
57630	1
