RTP and Standard Deviation Breakdown
Name	RTP	StDev
Initial	0.297368	50.06
Tumbles	0.3673	68.77
Base Total	0.664668	88.88
Free Spins	0.301966	179.9
Total	0.966635	200.7
----------------------------------------
Iterations	100000000
Total Pay	6.039e+08
Feature Hits
Feature	Hits	Hit Rate
Base	22230078	4.4984098
Base Win	21980835	4.5494177
FS Tease	3527802	28.346262
Free Spins	303425	329.57073
FS Trigger 3	290071	344.74318
FS Trigger 4	13020	7680.4916
FS Trigger 5	330	303030.3
FS Trigger 6	4	25000000
----------------------------------------
Base Hits
Symbol	1	2	3	4	5	6
WL	0	0	0	0	0	0
R1	0	0	1908326	877775	524783	154640
R2	0	0	1903396	959623	670978	155438
R3	0	0	2835683	1437673	1060821	396898
R4	0	0	3172949	1482556	897158	262270
R5	0	0	5416101	3251158	1724122	652302
R6	0	0	8671470	4617628	2390451	1129828
S1	0	0	7274336	4372006	1841893	1229891
S2	0	0	11340755	6011129	1958410	1415258
S3	0	0	4550328	2307546	1339467	892567
S4	0	0	6175381	3199778	1592149	969587
F1	0	0	0	0	0	0
F2	0	0	0	0	0	0
F3	0	0	0	0	0	0
----------------------------------------
Free Hits
Symbol	1	2	3	4	5	6
WL	0	0	0	0	0	0
R1	0	0	8761	2357	660	384
R2	0	0	16160	4743	1380	859
R3	0	0	23488	7714	2225	1562
R4	0	0	21537	5768	1813	784
R5	0	0	206704	131448	44697	31776
R6	0	0	346600	180150	48182	38116
S1	0	0	774980	516061	231590	186161
S2	0	0	1145917	660693	237474	199401
S3	0	0	518757	325032	208894	184751
S4	0	0	701173	418537	226587	185686
F1	0	0	0	0	0	0
F2	0	0	0	0	0	0
F3	0	0	0	0	0	0
----------------------------------------
Average Free Spins: 	10.225624
----------------------------------------
Average Tumbles Base: 	1.7104097
----------------------------------------
Average Tumbles Free: 	1.9423704
----------------------------------------
Tumble Frequencies Base
Number Tumble	Frequency
1	13171485
2	4702480
3	2393444
4	1084770
5	386603
6	157471
7	60365
8	19362
9	3913
10	590
11	279
12	54
13	16
14	3
----------------------------------------
Multiplier Hit Rate: 	15.514835
Average Final Multiplier: 	1.1662611
Final Multiplier Frequencies
Multiplier	Frequency
1	93554556
2	3687605
3	1204876
4	525590
5	229398
6	96574
7	39112
8	15634
9	5710
10	1918
11	315885
12	156167
13	81318
14	39888
15	18027
16	7752
17	3065
18	1180
19	466
20	141
21	5266
22	4476
23	2721
24	1371
25	597
26	283
27	110
28	37
29	20
30	3
31	93
32	69
33	48
34	18
35	12
36	8
37	2
38	1
39	1
41	2
----------------------------------------
Average Final Multiplier Free Spins: 	22.249304
Final Multiplier Frequencies Free Spins
Multiplier	Frequency
1	1123
2	1321
3	3162
4	3530
5	5169
6	5668
7	7089
8	7280
9	8492
10	8701
11	9780
12	9723
13	10056
14	10263
15	10486
16	10507
17	10350
18	10364
19	9976
20	10037
21	9755
22	9505
23	9170
24	8710
25	8335
26	7893
27	7696
28	7190
29	6771
30	6273
31	5902
32	5412
33	5213
34	4741
35	4449
36	3998
37	3750
38	3399
39	3280
40	2951
41	2737
42	2317
43	2198
44	2039
45	1765
46	1631
47	1499
48	1351
49	1200
50	1015
51	920
52	842
53	719
54	695
55	569
56	517
57	463
58	435
59	374
60	323
61	288
62	264
63	217
64	212
65	182
66	147
67	135
68	118
69	98
70	108
71	69
72	70
73	52
74	56
75	35
76	36
77	34
78	29
79	42
80	21
81	23
82	6
83	15
84	16
85	8
86	11
87	6
88	6
89	4
90	7
91	6
92	5
93	2
94	3
95	4
96	1
97	1
98	1
101	2
102	1
104	1
105	2
121	1
139	1
----------------------------------------
Boost Statistics (Free Games)
Standard Boosts (+1):	5005680	(Total Mult: 5005680)
Superboosts (+10):	144189	(Total Mult: 1441890)
Superboost %:	2.8%
Avg Mult per Boost:	1.252

Boost Level Frequencies (Free Games)
Boost Level	Frequency
1	5005680
2	144189
----------------------------------------
Wins with Superboosts
Base Game Wins:	21980835
Base Game Wins with Superboost:	638125	(2.903%)
Free Game Wins:	1373722
Free Game Wins with Superboost:	136030	(9.902%)
----------------------------------------
Final Multiplier Frequencies Free Spins (split by initial multiplier)
Init Multiplier: 1
Average Final Multiplier (init 1):	22.25
Final Mult	Frequency
1	1123
2	1321
3	3162
4	3530
5	5169
6	5668
7	7089
8	7280
9	8492
10	8701
11	9780
12	9723
13	10056
14	10263
15	10486
16	10507
17	10350
18	10364
19	9976
20	10037
21	9755
22	9505
23	9170
24	8710
25	8335
26	7893
27	7696
28	7190
29	6771
30	6273
31	5902
32	5412
33	5213
34	4741
35	4449
36	3998
37	3750
38	3399
39	3280
40	2951
41	2737
42	2317
43	2198
44	2039
45	1765
46	1631
47	1499
48	1351
49	1200
50	1015
51	920
52	842
53	719
54	695
55	569
56	517
57	463
58	435
59	374
60	323
61	288
62	264
63	217
64	212
65	182
66	147
67	135
68	118
69	98
70	108
71	69
72	70
73	52
74	56
75	35
76	36
77	34
78	29
79	42
80	21
81	23
82	6
83	15
84	16
85	8
86	11
87	6
88	6
89	4
90	7
91	6
92	5
93	2
94	3
95	4
96	1
97	1
98	1
101	2
102	1
104	1
105	2
121	1
139	1
----------------------------------------
Elapsed time: 61.3 seconds
