RTP and Standard Deviation Breakdown
Name	RTP	StDev
Initial	0.142108	27.24
Tumbles	0.186686	46.15
Base Total	0.328794	56.68
Free Spins	0.279588	190.8
Total	0.608382	199.3
----------------------------------------
Iterations	100000000
Total Pay	8.388e+08
Feature Hits
Feature	Hits	Hit Rate
Base	22215546	4.5013523
Base Win	21793499	4.5885243
FS Tease	4459296	22.425064
Free Spins	623418	160.40602
FS Trigger 3	577172	173.25858
FS Trigger 4	43930	2276.3487
FS Trigger 5	2241	44622.936
FS Trigger 6	75	1333333.3
----------------------------------------
Base Hits
Symbol	1	2	3	4	5	6
WL	0	0	0	0	0	0
R1	0	0	161034	26442	5463	4397
R2	0	0	389635	98112	14796	16433
R3	0	0	448479	173499	24930	28874
R4	0	0	4487342	2157215	1309784	381431
R5	0	0	4200443	2322062	1734688	367841
R6	0	0	6651566	3447646	2728303	977959
S1	0	0	7763170	4940562	1650445	1159609
S2	0	0	12928250	6855886	1764877	1416284
S3	0	0	6432031	3350109	2071380	1361681
S4	0	0	9333131	4984158	2541124	1533093
F1	0	0	0	0	0	0
F2	0	0	0	0	0	0
F3	0	0	0	0	0	0
----------------------------------------
Free Hits
Symbol	1	2	3	4	5	6
WL	0	0	0	0	0	0
R1	0	0	4218	559	56	10
R2	0	0	12881	2713	426	121
R3	0	0	19495	4540	1007	339
R4	0	0	40110	12044	3170	1920
R5	0	0	56692	20598	6239	4123
R6	0	0	96554	30299	10245	7207
S1	0	0	1294821	874912	346982	273036
S2	0	0	1938359	1101539	336521	292622
S3	0	0	1026684	643522	421247	350489
S4	0	0	1409396	836581	449358	353270
F1	0	0	0	0	0	0
F2	0	0	0	0	0	0
F3	0	0	0	0	0	0
----------------------------------------
Average Free Spins: 	10.390083
----------------------------------------
Average Tumbles Base: 	1.7105762
----------------------------------------
Average Tumbles Free: 	1.9429261
----------------------------------------
Tumble Frequencies Base
Number Tumble	Frequency
1	13052584
2	4649474
3	2395458
4	1079037
5	382562
6	154038
7	58943
8	17467
9	3424
10	450
11	53
12	6
13	2
15	1
----------------------------------------
Multiplier Hit Rate: 	15.398801
Average Final Multiplier: 	1.1678152
Final Multiplier Frequencies
Multiplier	Frequency
1	93505988
2	3697122
3	1224609
4	532646
5	233943
6	98817
7	40098
8	15755
9	5811
10	1895
11	316387
12	157521
13	83023
14	40486
15	18269
16	7724
17	3151
18	1191
19	478
20	138
21	5229
22	4454
23	2657
24	1327
25	602
26	285
27	102
28	35
29	14
30	7
31	81
32	71
33	44
34	21
35	8
36	5
37	1
38	1
39	2
41	1
42	1
----------------------------------------
Average Final Multiplier Free Spins: 	20.448741
Final Multiplier Frequencies Free Spins
Multiplier	Frequency
1	12150
2	9378
3	18727
4	15570
5	20740
6	18190
7	20990
8	18863
9	19985
10	18240
11	18598
12	18604
13	18350
14	18977
15	18072
16	19085
17	18184
18	18484
19	17692
20	17522
21	16548
22	16144
23	14902
24	14301
25	13531
26	12960
27	12464
28	11817
29	11364
30	10724
31	10028
32	9482
33	9028
34	8244
35	7616
36	7200
37	6628
38	6123
39	5739
40	5312
41	4885
42	4693
43	4230
44	3845
45	3522
46	3312
47	3012
48	2713
49	2511
50	2314
51	2108
52	1888
53	1749
54	1612
55	1494
56	1345
57	1182
58	1082
59	904
60	836
61	831
62	705
63	665
64	559
65	475
66	513
67	433
68	375
69	329
70	292
71	275
72	244
73	205
74	186
75	185
76	176
77	147
78	120
79	105
80	89
81	80
82	54
83	57
84	62
85	52
86	53
87	40
88	30
89	27
90	24
91	27
92	26
93	20
94	28
95	13
96	11
97	20
98	14
99	11
100	6
101	3
102	5
103	5
104	2
105	8
106	5
107	5
108	4
109	1
110	3
111	3
112	3
113	1
114	1
117	2
118	3
119	2
129	2
130	1
134	1
145	1
----------------------------------------
Boost Statistics (Free Games)
Standard Boosts (+1):	7615185	(Total Mult: 7615185)
Superboosts (+10):	450951	(Total Mult: 4509510)
Superboost %:	5.591%
Avg Mult per Boost:	1.503

Boost Level Frequencies (Free Games)
Boost Level	Frequency
1	7615185
2	450951
----------------------------------------
Wins with Superboosts
Base Game Wins:	21793499
Base Game Wins with Superboost:	642452	(2.948%)
Free Game Wins:	2150423
Free Game Wins with Superboost:	400850	(18.64%)
----------------------------------------
Final Multiplier Frequencies Free Spins (split by initial multiplier)
Init Multiplier: 1
Average Final Multiplier (init 1):	20.45
Final Mult	Frequency
1	12150
2	9378
3	18727
4	15570
5	20740
6	18190
7	20990
8	18863
9	19985
10	18240
11	18598
12	18604
13	18350
14	18977
15	18072
16	19085
17	18184
18	18484
19	17692
20	17522
21	16548
22	16144
23	14902
24	14301
25	13531
26	12960
27	12464
28	11817
29	11364
30	10724
31	10028
32	9482
33	9028
34	8244
35	7616
36	7200
37	6628
38	6123
39	5739
40	5312
41	4885
42	4693
43	4230
44	3845
45	3522
46	3312
47	3012
48	2713
49	2511
50	2314
51	2108
52	1888
53	1749
54	1612
55	1494
56	1345
57	1182
58	1082
59	904
60	836
61	831
62	705
63	665
64	559
65	475
66	513
67	433
68	375
69	329
70	292
71	275
72	244
73	205
74	186
75	185
76	176
77	147
78	120
79	105
80	89
81	80
82	54
83	57
84	62
85	52
86	53
87	40
88	30
89	27
90	24
91	27
92	26
93	20
94	28
95	13
96	11
97	20
98	14
99	11
100	6
101	3
102	5
103	5
104	2
105	8
106	5
107	5
108	4
109	1
110	3
111	3
112	3
113	1
114	1
117	2
118	3
119	2
129	2
130	1
134	1
145	1
----------------------------------------
Elapsed time: 56.94 seconds
