RTP and Standard Deviation Breakdown
Name	RTP	StDev
Initial	0.195003	20.86
Tumbles	0.240439	33.91
Base Total	0.435442	42.18
Free Spins	0.339573	187.1
Total	0.775014	192.1
----------------------------------------
Iterations	1000000000
Total Pay	6.791e+09
Feature Hits
Feature	Hits	Hit Rate
Base	199957606	5.0010601
Base Win	196056924	5.1005595
Free Spins	5000368	199.98528
FS Trigger 3	4715627	212.06088
FS Trigger 4	275480	3630.0276
FS Trigger 5	9121	109637.1
FS Trigger 6	140	7142857.1
----------------------------------------
Base Hits
Symbol	1	2	3	4	5	6
WL	0	0	0	0	0	0
R1	0	0	1476747	268455	63749	51625
R2	0	0	3970172	1150060	156803	201909
R3	0	0	4925132	1534266	257931	268652
R4	0	0	44666379	23110247	16262841	4084066
R5	0	0	46475220	23931808	18348370	4444368
R6	0	0	56176917	30375867	24852490	7981730
S1	0	0	67576035	42340063	14082680	9837103
S2	0	0	108888989	57652714	14749990	11713977
S3	0	0	56359325	29540328	17892835	11894253
S4	0	0	82924023	43911781	21554345	13178730
F1	0	0	0	0	0	0
F2	0	0	0	0	0	0
F3	0	0	0	0	0	0
----------------------------------------
Base Pays
Symbol	1	2	3	4	5	6
WL	0	0	0	0	0	0
R1	0	0	29534940	10738200	3824940	10325000
R2	0	0	39701720	23001200	4704090	20190900
R3	0	0	24625660	15342660	3868965	13432600
R4	0	0	2.233319e+08	2.3110247e+08	2.4394262e+08	1.6336264e+08
R5	0	0	2.323761e+08	2.3931808e+08	2.7522555e+08	1.3333104e+08
R6	0	0	2.2470767e+08	2.4300694e+08	2.9822988e+08	1.596346e+08
S1	0	0	1.3515207e+08	1.6936025e+08	98578760	1.4755654e+08
S2	0	0	2.1777798e+08	2.3061086e+08	1.0324993e+08	1.4056772e+08
S3	0	0	1.1271865e+08	1.1816131e+08	1.0735701e+08	1.1894253e+08
S4	0	0	1.6584805e+08	1.7564712e+08	1.2932607e+08	1.0542984e+08
F1	0	0	0	0	0	0
F2	0	0	0	0	0	0
F3	0	0	0	0	0	0
----------------------------------------
Average Free Spins: 	10.29412
----------------------------------------
Average Tumbles: 	1.7106694
----------------------------------------
Tumble Frequencies
Number Tumble	Frequency
2	41608915
1	117872909
4	9621457
3	21201606
8	192858
5	3487488
6	1439197
7	564289
9	50865
10	10414
11	4048
12	2332
13	412
14	118
15	14
16	2
----------------------------------------
Average Final Multiplier: 	1.138541
----------------------------------------
Average Final Multiplier Free Spins: 	12.260899
Elapsed time: 606.87882 seconds
