RTP and Standard Deviation Breakdown
Name	RTP	StDev
Initial	0.434618	75.32
Tumbles	0.513807	95.43
Base Total	0.948425	126.3
Free Spins	0.401684	235.6
Total	1.35011	267.5
----------------------------------------
Iterations	1000000000
Total Pay	8.034e+09
Feature Hits
Feature	Hits	Hit Rate
Base	222191430	4.5006236
Base Win	219702582	4.5516079
FS Tease	35251466	28.367615
Free Spins	3031474	329.87253
FS Trigger 3	2896993	345.18551
FS Trigger 4	131321	7614.9283
FS Trigger 5	3138	318674.31
FS Trigger 6	22	45454545
----------------------------------------
Base Hits
Symbol	1	2	3	4	5	6
WL	0	0	0	0	0	0
R1	0	0	48866449	23366940	14116187	4125526
R2	0	0	43715456	24068595	17888409	3823806
R3	0	0	67914889	35552916	28167471	10091259
R4	0	0	2398330	274059	56607	46343
R5	0	0	71891995	46953054	15991593	11041381
R6	0	0	117239482	64160095	16539607	13168852
S1	0	0	66067264	35333665	22197435	13949615
S2	0	0	89529886	47362307	23413964	14624306
S3	0	0	15375276	5356258	1153098	1165110
S4	0	0	9263311	2757061	416271	564475
F1	0	0	0	0	0	0
F2	0	0	0	0	0	0
F3	0	0	0	0	0	0
----------------------------------------
Free Hits
Symbol	1	2	3	4	5	6
WL	0	0	0	0	0	0
R1	0	0	256379	77836	21752	11771
R2	0	0	362332	130891	40341	27212
R3	0	0	538365	198123	64375	52423
R4	0	0	99792	3556	515	69
R5	0	0	6586643	4438018	1529682	1049533
R6	0	0	10930797	6036250	1571281	1233628
S1	0	0	6448996	3995423	2594155	2142132
S2	0	0	9106427	5453243	2955304	2353866
S3	0	0	1552241	1028928	586636	646053
S4	0	0	1778897	1162546	666352	702302
F1	0	0	0	0	0	0
F2	0	0	0	0	0	0
F3	0	0	0	0	0	0
----------------------------------------
Average Free Spins: 	10.227056
----------------------------------------
Average Tumbles Base: 	1.7105481
----------------------------------------
Average Tumbles Free: 	1.943954
----------------------------------------
Tumble Frequencies Base
Number Tumble	Frequency
1	131615645
2	47036395
3	23926450
4	10838880
5	3870409
6	1571405
7	602025
8	192908
9	38690
10	6091
11	2913
12	605
13	132
14	28
15	4
16	2
----------------------------------------
Multiplier Hit Rate: 	15.515583
Average Final Multiplier: 	1.1661673
Final Multiplier Frequencies
Multiplier	Frequency
1	935548669
2	36879618
3	12063300
4	5232082
5	2297777
6	969474
7	393712
8	153315
9	56405
10	19198
11	3162615
12	1557731
13	813239
14	399101
15	179763
16	76195
17	31130
18	11997
19	4436
20	1615
21	52502
22	43267
23	26530
24	13482
25	6137
26	2566
27	1016
28	383
29	152
30	50
31	728
32	853
33	461
34	285
35	127
36	42
37	18
38	9
39	4
40	1
41	3
42	5
43	4
44	1
45	2
----------------------------------------
Average Final Multiplier Free Spins: 	22.263855
Final Multiplier Frequencies Free Spins
Multiplier	Frequency
1	10912
2	13719
3	30988
4	35238
5	52046
6	57034
7	70992
8	74350
9	85373
10	87354
11	95257
12	96524
13	100360
14	101689
15	103288
16	103975
17	103440
18	103088
19	101192
20	100049
21	97177
22	94702
23	91076
24	87294
25	83791
26	79811
27	75688
28	71758
29	67634
30	63145
31	59686
32	55368
33	51955
34	47822
35	44257
36	40907
37	37518
38	34738
39	32119
40	29021
41	26320
42	24159
43	21900
44	20089
45	17766
46	16224
47	14629
48	13081
49	11748
50	10691
51	9389
52	8490
53	7532
54	6671
55	6041
56	5302
57	4654
58	4175
59	3762
60	3219
61	2814
62	2577
63	2280
64	1978
65	1833
66	1478
67	1333
68	1165
69	1056
70	861
71	790
72	656
73	603
74	503
75	440
76	407
77	363
78	304
79	252
80	194
81	190
82	153
83	162
84	126
85	96
86	97
87	78
88	74
89	81
90	49
91	50
92	29
93	26
94	35
95	22
96	16
97	20
98	15
99	16
100	13
101	11
102	5
103	4
104	8
105	5
106	6
107	5
108	6
109	2
110	1
112	1
113	2
115	2
116	2
122	2
----------------------------------------
Boost Statistics (Free Games)
Standard Boosts (+1):	50055734	(Total Mult: 50055734)
Superboosts (+10):	1440509	(Total Mult: 14405090)
Superboost %:	2.797%
Avg Mult per Boost:	1.252

Boost Level Frequencies (Free Games)
Boost Level	Frequency
1	50055734
2	1440509
----------------------------------------
Wins with Superboosts
Base Game Wins:	219702582
Base Game Wins with Superboost:	6377994	(2.903%)
Free Game Wins:	13722928
Free Game Wins with Superboost:	1357009	(9.889%)
----------------------------------------
Final Multiplier Frequencies Free Spins (split by initial multiplier)
Init Multiplier: 1
Average Final Multiplier (init 1):	22.26
Final Mult	Frequency
1	10912
2	13719
3	30988
4	35238
5	52046
6	57034
7	70992
8	74350
9	85373
10	87354
11	95257
12	96524
13	100360
14	101689
15	103288
16	103975
17	103440
18	103088
19	101192
20	100049
21	97177
22	94702
23	91076
24	87294
25	83791
26	79811
27	75688
28	71758
29	67634
30	63145
31	59686
32	55368
33	51955
34	47822
35	44257
36	40907
37	37518
38	34738
39	32119
40	29021
41	26320
42	24159
43	21900
44	20089
45	17766
46	16224
47	14629
48	13081
49	11748
50	10691
51	9389
52	8490
53	7532
54	6671
55	6041
56	5302
57	4654
58	4175
59	3762
60	3219
61	2814
62	2577
63	2280
64	1978
65	1833
66	1478
67	1333
68	1165
69	1056
70	861
71	790
72	656
73	603
74	503
75	440
76	407
77	363
78	304
79	252
80	194
81	190
82	153
83	162
84	126
85	96
86	97
87	78
88	74
89	81
90	49
91	50
92	29
93	26
94	35
95	22
96	16
97	20
98	15
99	16
100	13
101	11
102	5
103	4
104	8
105	5
106	6
107	5
108	6
109	2
110	1
112	1
113	2
115	2
116	2
122	2
----------------------------------------
Elapsed time: 850.4 seconds
