RTP and Standard Deviation Breakdown
Name	RTP	StDev
Initial	0.275401	27.77
Tumbles	0.114101	23.27
Base Total	0.389502	38.01
Free Spins	0.390466	203.1
Total	0.779968	207.5
----------------------------------------
Iterations	100000000
Total Pay	7.809e+08
Feature Hits
Feature	Hits	Hit Rate
Base	23109576	4.3272105
Base Win	22756049	4.394436
Free Spins	573544	174.35454
FS Trigger 3	539652	185.3046
FS Trigger 4	32701	3058.0105
FS Trigger 5	1166	85763.293
FS Trigger 6	25	4000000
----------------------------------------
Base Hits
Symbol	1	2	3	4	5	6
WL	0	0	0	0	0	0
R1	0	0	300532	54741	13080	10519
R2	0	0	809056	235160	31943	42137
R3	0	0	1005516	315378	53061	54858
R4	0	0	9107206	4708944	3312079	838094
R5	0	0	9474979	4885498	3741608	910169
R6	0	0	11317247	6193192	5072132	1623314
S1	0	0	1872454	535263	75581	89529
S2	0	0	2405728	762593	140203	127398
S3	0	0	3163374	1131101	295474	197008
S4	0	0	3917430	1611927	524957	256310
F1	0	0	0	0	0	0
F2	0	0	0	0	0	0
F3	0	0	0	0	0	0
----------------------------------------
Base Pays
Symbol	1	2	3	4	5	6
WL	0	0	0	0	0	0
R1	0	0	6010640	2189640	784800	2103800
R2	0	0	8090560	4703200	958290	4213700
R3	0	0	5027580	3153780	795915	2742900
R4	0	0	45536030	47089440	49681185	33523760
R5	0	0	47374895	48854980	56124120	27305070
R6	0	0	45268988	49545536	60865584	32466280
S1	0	0	3744908	2141052	529067	1342935
S2	0	0	4811456	3050372	981421	1528776
S3	0	0	6326748	4524404	1772844	1970080
S4	0	0	7834860	6447708	3149742	2050480
F1	0	0	0	0	0	0
F2	0	0	0	0	0	0
F3	0	0	0	0	0	0
----------------------------------------
Average Free Spins: 	10.306062
----------------------------------------
Average Tumbles: 	1.3425496
----------------------------------------
Tumble Frequencies
Number Tumble	Frequency
1	17148770
9	5167
4	283386
2	4183702
3	972433
5	91607
7	18028
6	39175
8	10811
13	99
11	807
10	1578
15	4
12	460
14	21
17	1
----------------------------------------
Average Final Multiplier: 	1.0532904
----------------------------------------
Average Final Multiplier Free Spins: 	12.25927
Elapsed time: 63.742584 seconds
