RTP and Standard Deviation Breakdown
Name	RTP	StDev
Initial	0.282179	72.81
Tumbles	0.338007	92.92
Base Total	0.620186	122.7
Free Spins	0.42911	296.6
Total	1.0493	321.7
----------------------------------------
Iterations	100000000
Total Pay	1.287e+09
Feature Hits
Feature	Hits	Hit Rate
Base	22211251	4.5022228
Base Win	21788202	4.5896398
FS Tease	4456928	22.436979
Free Spins	624795	160.0525
FS Trigger 3	578209	172.94784
FS Trigger 4	44278	2258.4579
FS Trigger 5	2231	44822.949
FS Trigger 6	77	1298701.3
----------------------------------------
Base Hits
Symbol	1	2	3	4	5	6
WL	0	0	0	0	0	0
R1	0	0	4488363	2159147	1304012	380748
R2	0	0	4190815	2325812	1727722	366275
R3	0	0	6571728	3445161	2723838	975786
R4	0	0	237558	26880	5567	4568
R5	0	0	7250276	4767857	1627564	1121419
R6	0	0	11864780	6514927	1677402	1327223
S1	0	0	6648811	3558169	2250941	1413082
S2	0	0	9112239	4754243	2361117	1479704
S3	0	0	1504277	524763	112136	113316
S4	0	0	905697	270573	40629	54823
F1	0	0	0	0	0	0
F2	0	0	0	0	0	0
F3	0	0	0	0	0	0
----------------------------------------
Free Hits
Symbol	1	2	3	4	5	6
WL	0	0	0	0	0	0
R1	0	0	40621	12315	3630	1861
R2	0	0	56588	20196	6300	4225
R3	0	0	84923	31411	9980	7313
R4	0	0	15882	478	51	16
R5	0	0	1030609	696097	239970	166127
R6	0	0	1716280	946807	246665	195158
S1	0	0	1010923	628510	410385	336549
S2	0	0	1427991	855208	465873	368988
S3	0	0	242276	161918	93030	101309
S4	0	0	278526	180263	103015	111441
F1	0	0	0	0	0	0
F2	0	0	0	0	0	0
F3	0	0	0	0	0	0
----------------------------------------
Average Free Spins: 	10.391897
----------------------------------------
Average Tumbles Base: 	1.7104089
----------------------------------------
Average Tumbles Free: 	1.9446321
----------------------------------------
Tumble Frequencies Base
Number Tumble	Frequency
1	13052376
2	4646232
3	2393370
4	1078784
5	383590
6	154006
7	58614
8	17282
9	3420
10	481
11	45
12	2
----------------------------------------
Multiplier Hit Rate: 	15.400582
Average Final Multiplier: 	1.1678117
Final Multiplier Frequencies
Multiplier	Frequency
1	93506739
2	3699928
3	1223389
4	531163
5	232837
6	98712
7	40069
8	15532
9	5778
10	1938
11	316429
12	157934
13	82693
14	40550
15	18389
16	7645
17	3233
18	1249
19	404
20	120
21	5367
22	4381
23	2823
24	1364
25	643
26	259
27	108
28	32
29	15
30	2
31	63
32	84
33	73
34	27
35	15
36	6
37	1
38	1
41	1
42	2
43	1
44	1
----------------------------------------
Average Final Multiplier Free Spins: 	20.445228
Final Multiplier Frequencies Free Spins
Multiplier	Frequency
1	12573
2	9298
3	18797
4	15563
5	20816
6	18232
7	20856
8	18585
9	19884
10	18363
11	18805
12	18614
13	18465
14	18799
15	18147
16	18871
17	18206
18	18839
19	17617
20	17832
21	16457
22	15983
23	15166
24	14571
25	13856
26	13237
27	12329
28	11907
29	11214
30	10743
31	9960
32	9417
33	8720
34	8262
35	7804
36	7236
37	6718
38	6241
39	5675
40	5275
41	4979
42	4537
43	4166
44	3866
45	3586
46	3218
47	2999
48	2788
49	2474
50	2255
51	2164
52	1906
53	1728
54	1585
55	1413
56	1385
57	1206
58	1039
59	976
60	944
61	841
62	697
63	638
64	596
65	521
66	451
67	434
68	363
69	331
70	346
71	294
72	261
73	216
74	186
75	162
76	159
77	127
78	134
79	98
80	91
81	89
82	65
83	54
84	52
85	51
86	42
87	42
88	38
89	25
90	34
91	31
92	21
93	18
94	15
95	19
96	9
97	11
98	12
99	8
100	8
101	5
102	8
103	6
104	2
105	4
106	10
107	5
108	1
109	2
110	2
111	1
112	1
113	3
114	1
115	1
116	1
118	1
119	1
124	1
126	1
142	1
----------------------------------------
Boost Statistics (Free Games)
Standard Boosts (+1):	7626851	(Total Mult: 7626851)
Superboosts (+10):	452243	(Total Mult: 4522430)
Superboost %:	5.598%
Avg Mult per Boost:	1.504

Boost Level Frequencies (Free Games)
Boost Level	Frequency
1	7626851
2	452243
----------------------------------------
Wins with Superboosts
Base Game Wins:	21788202
Base Game Wins with Superboost:	643085	(2.952%)
Free Game Wins:	2151808
Free Game Wins with Superboost:	402151	(18.69%)
----------------------------------------
Final Multiplier Frequencies Free Spins (split by initial multiplier)
Init Multiplier: 1
Average Final Multiplier (init 1):	20.45
Final Mult	Frequency
1	12573
2	9298
3	18797
4	15563
5	20816
6	18232
7	20856
8	18585
9	19884
10	18363
11	18805
12	18614
13	18465
14	18799
15	18147
16	18871
17	18206
18	18839
19	17617
20	17832
21	16457
22	15983
23	15166
24	14571
25	13856
26	13237
27	12329
28	11907
29	11214
30	10743
31	9960
32	9417
33	8720
34	8262
35	7804
36	7236
37	6718
38	6241
39	5675
40	5275
41	4979
42	4537
43	4166
44	3866
45	3586
46	3218
47	2999
48	2788
49	2474
50	2255
51	2164
52	1906
53	1728
54	1585
55	1413
56	1385
57	1206
58	1039
59	976
60	944
61	841
62	697
63	638
64	596
65	521
66	451
67	434
68	363
69	331
70	346
71	294
72	261
73	216
74	186
75	162
76	159
77	127
78	134
79	98
80	91
81	89
82	65
83	54
84	52
85	51
86	42
87	42
88	38
89	25
90	34
91	31
92	21
93	18
94	15
95	19
96	9
97	11
98	12
99	8
100	8
101	5
102	8
103	6
104	2
105	4
106	10
107	5
108	1
109	2
110	2
111	1
112	1
113	3
114	1
115	1
116	1
118	1
119	1
124	1
126	1
142	1
----------------------------------------
Elapsed time: 56.87 seconds
