RTP and Standard Deviation Breakdown
Name	RTP	StDev
Initial	0.250485	64.76
Tumbles	0.303199	84.43
Base Total	0.553684	110.9
Free Spins	0.412851	295
Total	0.966535	315.8
----------------------------------------
Iterations	100000000
Total Pay	1.239e+09
Feature Hits
Feature	Hits	Hit Rate
Base	22214881	4.5014871
Base Win	21791855	4.5888705
FS Tease	4460518	22.418921
Free Spins	624829	160.04379
FS Trigger 3	577968	173.01996
FS Trigger 4	44411	2251.6944
FS Trigger 5	2357	42426.814
FS Trigger 6	93	1075268.8
----------------------------------------
Base Hits
Symbol	1	2	3	4	5	6
WL	0	0	0	0	0	0
R1	0	0	3488383	1663598	1003237	295349
R2	0	0	3311564	1811821	1335643	289088
R3	0	0	5148438	2679506	2106420	757886
R4	0	0	1225595	522351	308761	91680
R5	0	0	6545855	4202356	1649145	946274
R6	0	0	10655429	5798965	1920303	1249251
S1	0	0	6914556	3888680	2107383	1353814
S2	0	0	10003837	5243846	2221308	1463298
S3	0	0	2646717	1177325	572063	405660
S4	0	0	2863995	1366197	625374	394900
F1	0	0	0	0	0	0
F2	0	0	0	0	0	0
F3	0	0	0	0	0	0
----------------------------------------
Free Hits
Symbol	1	2	3	4	5	6
WL	0	0	0	0	0	0
R1	0	0	36424	10726	3139	1684
R2	0	0	52743	18231	5864	4136
R3	0	0	77476	28321	9643	6735
R4	0	0	18667	1620	415	247
R5	0	0	922112	619802	214087	145906
R6	0	0	1533849	845044	219550	175173
S1	0	0	1045087	654633	401540	327421
S2	0	0	1485507	882919	450458	360336
S3	0	0	331657	214034	129997	129570
S4	0	0	407100	256566	143420	134447
F1	0	0	0	0	0	0
F2	0	0	0	0	0	0
F3	0	0	0	0	0	0
----------------------------------------
Average Free Spins: 	10.39534
----------------------------------------
Average Tumbles Base: 	1.7107165
----------------------------------------
Average Tumbles Free: 	1.943016
----------------------------------------
Tumble Frequencies Base
Number Tumble	Frequency
1	13049455
2	4648334
3	2399230
4	1078570
5	382097
6	153952
7	58856
8	17462
9	3348
10	493
11	51
12	7
----------------------------------------
Multiplier Hit Rate: 	15.400008
Average Final Multiplier: 	1.1678526
Final Multiplier Frequencies
Multiplier	Frequency
1	93506497
2	3697183
3	1224642
4	532745
5	233641
6	98312
7	39999
8	15673
9	5705
10	2027
11	316004
12	157869
13	82537
14	40757
15	18371
16	7680
17	3156
18	1238
19	465
20	157
21	5461
22	4445
23	2789
24	1339
25	617
26	278
27	87
28	50
29	16
30	6
31	78
32	87
33	49
34	24
35	9
36	2
37	2
38	2
41	1
----------------------------------------
Average Final Multiplier Free Spins: 	20.446167
Final Multiplier Frequencies Free Spins
Multiplier	Frequency
1	12326
2	9339
3	18926
4	15725
5	21001
6	18146
7	21052
8	18750
9	19716
10	18054
11	18617
12	18505
13	18290
14	18749
15	18233
16	18888
17	17992
18	18699
19	17789
20	17780
21	16758
22	16098
23	15203
24	14683
25	13765
26	13216
27	12639
28	11705
29	11305
30	10580
31	10031
32	9506
33	8879
34	8169
35	7698
36	7307
37	6666
38	6152
39	5832
40	5361
41	5054
42	4516
43	4180
44	3856
45	3614
46	3256
47	3006
48	2714
49	2562
50	2301
51	2135
52	1890
53	1685
54	1589
55	1434
56	1239
57	1211
58	1056
59	959
60	899
61	809
62	696
63	634
64	544
65	546
66	474
67	402
68	359
69	314
70	267
71	269
72	227
73	220
74	184
75	190
76	147
77	124
78	119
79	119
80	90
81	88
82	71
83	80
84	68
85	64
86	50
87	38
88	51
89	28
90	34
91	22
92	28
93	21
94	15
95	12
96	14
97	16
98	15
99	9
100	11
101	12
102	7
103	5
104	4
105	4
106	2
107	4
108	2
109	7
110	2
111	2
112	4
113	2
114	2
115	2
116	1
117	1
118	1
119	1
121	2
122	2
124	1
129	1
132	1
136	1
152	1
----------------------------------------
Boost Statistics (Free Games)
Standard Boosts (+1):	7623939	(Total Mult: 7623939)
Superboosts (+10):	452659	(Total Mult: 4526590)
Superboost %:	5.605%
Avg Mult per Boost:	1.504

Boost Level Frequencies (Free Games)
Boost Level	Frequency
1	7623939
2	452659
----------------------------------------
Wins with Superboosts
Base Game Wins:	21791855
Base Game Wins with Superboost:	642714	(2.949%)
Free Game Wins:	2154061
Free Game Wins with Superboost:	402562	(18.69%)
----------------------------------------
Final Multiplier Frequencies Free Spins (split by initial multiplier)
Init Multiplier: 1
Average Final Multiplier (init 1):	20.45
Final Mult	Frequency
1	12326
2	9339
3	18926
4	15725
5	21001
6	18146
7	21052
8	18750
9	19716
10	18054
11	18617
12	18505
13	18290
14	18749
15	18233
16	18888
17	17992
18	18699
19	17789
20	17780
21	16758
22	16098
23	15203
24	14683
25	13765
26	13216
27	12639
28	11705
29	11305
30	10580
31	10031
32	9506
33	8879
34	8169
35	7698
36	7307
37	6666
38	6152
39	5832
40	5361
41	5054
42	4516
43	4180
44	3856
45	3614
46	3256
47	3006
48	2714
49	2562
50	2301
51	2135
52	1890
53	1685
54	1589
55	1434
56	1239
57	1211
58	1056
59	959
60	899
61	809
62	696
63	634
64	544
65	546
66	474
67	402
68	359
69	314
70	267
71	269
72	227
73	220
74	184
75	190
76	147
77	124
78	119
79	119
80	90
81	88
82	71
83	80
84	68
85	64
86	50
87	38
88	51
89	28
90	34
91	22
92	28
93	21
94	15
95	12
96	14
97	16
98	15
99	9
100	11
101	12
102	7
103	5
104	4
105	4
106	2
107	4
108	2
109	7
110	2
111	2
112	4
113	2
114	2
115	2
116	1
117	1
118	1
119	1
121	2
122	2
124	1
129	1
132	1
136	1
152	1
----------------------------------------
Elapsed time: 58.06 seconds
