Pay	Frequency
0	780297418
2	12178422
4	24314054
5	12764525
6	2732315
7	953615
8	21708109
9	634228
10	22398465
11	121813
12	6134191
13	625257
14	2176569
15	2951293
16	10823076
17	201164
18	1713712
19	164889
20	23368394
21	402850
22	812719
23	170393
24	4426426
25	461693
26	706696
27	46362
28	1729854
29	79888
30	5612272
31	68203
32	3517933
33	32593
34	426356
35	116232
36	1207605
37	48243
38	254043
39	39585
40	15263271
41	8758
42	535429
43	5033
44	818356
45	613849
46	186509
47	19163
48	1712354
49	12262
50	663990
51	17241
52	335656
53	19196
54	137277
55	132146
56	638233
57	17060
58	65025
59	982
60	5709186
61	7478
62	122021
63	27576
64	689129
65	89815
66	139602
67	4498
68	254321
69	22095
70	192627
71	1527
72	409118
73	951
74	33317
75	21252
76	133713
77	32086
78	62370
79	751
80	6227892
81	7160
82	64172
83	245
84	280617
85	111120
86	9844
87	9596
88	486705
89	1243
90	829074
91	219
92	72614
93	10409
94	24556
95	20619
96	359885
97	668
98	18106
99	18508
100	627824
101	941
102	34694
103	167
104	57960
105	10263
106	14660
107	98
108	62638
109	106
110	255684
111	4882
112	95432
113	98
114	23463
115	853
116	16173
117	4089
118	1134
119	68
120	3573684
121	4990
122	43392
123	1566
124	80525
125	58606
126	30178
127	1994
128	116929
129	1617
130	89872
131	135
132	205952
133	237
134	4916
135	38389
136	60932
137	258
138	15623
139	290
140	105436
141	2627
142	1669
143	20561
144	110311
145	1273
146	1018
147	1766
148	7153
149	123
150	72427
151	61
152	25824
153	651
154	65451
155	1018
156	19101
157	21
158	699
159	2029
160	1747034
161	8
162	20429
163	3
164	27959
165	75248
166	1020
167	381
168	71172
169	416
170	47173
171	843
172	3772
173	119
174	4481
175	3741
176	224079
177	278
178	735
179	18
180	659239
181	33
182	5214
183	1166
184	15138
185	7907
186	7189
187	8998
188	10782
189	1000
190	18479
191	20
192	75910
193	26
194	658
195	2675
196	7640
197	28
198	65741
199	14
200	623784
201	762
202	3984
203	7
204	18706
205	9802
206	412
207	595
208	6727
209	7676
210	23279
211	7
212	3725
213	303
214	217
215	1591
216	29691
217	12
218	126
219	173
220	211499
221	237
222	1652
223	2
224	8208
225	1134
226	100
227	2
228	8992
229	11
230	3143
231	15951
232	1355
233	4
234	2865
235	46
236	300
237	162
238	49
240	1484239
242	36258
243	148
244	26177
245	22265
246	3210
247	662
248	25625
249	210
250	34150
251	10
252	17094
253	9050
254	1644
255	3732
256	17384
257	36
258	1084
259	20
260	34303
261	301
262	171
263	9
264	106635
265	276
266	129
267	112
268	1524
269	1
270	53758
271	2
272	7110
273	625
274	337
275	5578
276	6120
277	2
278	247
279	82
280	22305
282	1580
284	409
285	765
286	25999
287	1
288	32025
290	1689
291	144
292	269
293	8
294	2028
295	46
296	776
297	2380
298	46
299	449
300	116228
301	1
302	527
303	75
304	2214
305	611
306	721
307	3
308	45247
309	46
310	2664
312	11209
314	41
315	579
316	149
318	807
319	4063
320	336128
321	29
322	2613
324	7507
325	3970
326	91
327	79
328	3513
329	20
330	78705
332	424
333	38
334	212
335	422
336	20043
337	1
338	1057
339	28
340	9061
341	4234
342	315
344	408
345	56
346	35
348	1953
350	1361
351	244
352	47530
353	1
354	94
355	16
356	99
357	161
358	11
360	341729
362	2027
363	1353
364	4686
365	4645
366	2570
367	58
368	3116
369	28
370	5935
371	3
372	5860
373	9
374	15955
375	1096
376	2176
377	185
378	1792
379	2
380	6927
381	343
382	25
383	2
384	16457
385	2043
386	22
387	82
388	175
389	4
390	2516
391	2
392	1118
393	21
394	28
395	15
396	22188
398	8
399	165
400	502393
402	3834
403	288
404	3825
405	11142
406	264
407	2453
408	9115
409	36
410	13217
411	54
412	277
413	11
414	317
415	1426
416	1549
417	67
418	9368
419	3
420	16030
421	5
422	34
423	41
424	327
425	151
426	120
427	1
428	79
429	1373
430	2105
431	2
432	9590
434	31
435	36
436	50
437	2
438	71
440	98360
441	234
442	622
444	1151
445	173
446	1
447	14
448	488
450	7111
451	526
452	47
453	13
454	20
455	117
456	4102
458	11
459	5
460	2268
462	12281
464	48
465	39
466	1
468	1589
470	270
471	3
472	31
473	353
474	22
476	27
477	12
480	404532
481	115
482	2852
483	204
484	15539
485	4801
486	601
487	55
488	4927
489	29
490	8688
491	2
492	1227
493	7
494	710
495	7945
496	2913
497	6
498	146
499	2
500	7399
501	46
502	17
504	6337
505	55
506	5419
507	125
508	262
510	1407
512	1194
513	1
514	19
515	9
516	349
517	1094
518	23
519	9
520	5272
522	67
524	60
525	180
526	5
527	4
528	23515
529	3
530	212
531	2
532	43
533	61
534	20
535	5
536	112
537	2
538	3
539	668
540	35777
542	138
543	6
544	420
545	315
546	1249
547	1
548	107
549	10
550	8521
552	3005
554	4
555	99
556	62
558	61
559	43
560	2396
561	240
562	1
563	1
564	876
565	10
567	72
568	21
570	387
572	5150
573	9
574	6
575	2
576	6182
578	5
579	3
580	602
582	37
583	976
584	26
585	91
586	6
588	1225
589	2
590	20
591	3
592	33
594	1672
595	1
596	7
597	4
598	416
600	119776
602	610
603	4
604	634
605	2376
606	154
607	15
608	338
609	64
610	2238
611	93
612	278
613	1
614	14
615	197
616	7372
617	2
618	27
620	2628
621	11
622	6
624	2246
625	21
627	246
628	11
630	895
632	19
633	2
635	3
636	409
637	46
638	1275
640	38622
642	230
644	751
645	247
647	2
648	1391
649	64
650	886
651	82
652	32
654	27
655	25
656	128
658	12
660	62014
662	2
663	29
664	28
665	7
666	16
667	1
668	19
670	107
671	429
672	2891
674	1
675	9
676	225
678	4
680	1098
681	1
682	3664
684	145
685	2
686	7
688	15
689	48
690	52
692	2
693	358
695	1
696	586
700	244
702	186
704	8271
705	1
708	58
712	3
713	3
714	291
715	1409
716	1
720	119575
722	692
724	996
725	1423
726	1802
727	12
728	930
729	7
730	1975
731	1
732	930
734	42
735	293
736	293
737	290
738	94
740	1505
741	73
742	5
744	1785
745	12
746	1
747	12
748	4867
750	477
752	152
753	3
754	93
755	1
756	789
759	210
760	1069
762	68
764	11
765	64
767	11
768	2891
770	3052
771	3
772	7
774	12
775	2
776	13
777	50
778	1
780	727
781	129
782	6
783	5
784	53
786	7
788	5
789	3
790	3
792	4275
793	37
795	1
796	3
798	182
800	264834
801	3
802	2008
803	70
804	2418
805	4588
806	272
807	34
808	1211
809	16
810	8290
811	1
812	173
813	8
814	602
815	643
816	2180
818	18
819	60
820	5472
821	2
822	20
824	73
825	473
826	9
828	138
830	967
831	1
832	309
834	18
835	10
836	2196
837	2
838	2
840	4148
842	11
844	10
845	95
846	8
847	125
848	31
850	153
851	1
852	57
854	3
855	10
856	12
858	396
860	817
861	17
862	1
864	1659
865	7
868	14
869	54
870	31
871	27
872	4
874	5
875	1
876	28
879	1
880	38001
882	162
884	232
885	6
888	287
890	85
891	49
892	1
894	1
895	1
896	36
897	32
900	10849
902	1918
903	6
904	49
905	49
906	19
908	12
910	233
912	1032
913	21
914	1
915	4
916	2
918	1
920	698
922	2
923	12
924	3512
925	4
928	4
930	35
935	1251
936	408
938	3
940	134
942	2
945	52
946	284
948	33
949	4
950	20
952	11
957	115
960	69871
961	2
962	435
964	1120
965	591
966	204
967	2
968	1786
970	1185
971	1
972	136
973	1
974	31
975	134
976	271
977	2
978	9
979	72
980	1145
981	8
982	3
984	516
985	8
986	2
987	25
988	216
990	10033
992	105
994	4
996	25
998	1
999	1
1000	861
1001	26
1002	9
1004	3
1005	12
1008	1285
1010	27
1011	3
1012	918
1014	44
1015	1
1016	10
1020	317
1023	30
1024	46
1026	2
1027	3
1028	2
1029	12
1030	3
1032	137
1034	701
1035	1
1036	3
1040	434
1044	55
1045	356
1048	2
1050	99
1053	8
1054	1
1056	2280
1058	6
1060	37
1064	19
1066	50
1067	49
1068	21
1070	5
1071	8
1072	2
1076	1
1078	598
1079	9
1080	15012
1082	54
1084	78
1085	151
1086	91
1087	1
1088	38
1089	29
1090	187
1092	280
1094	3
1095	42
1096	22
1098	11
1100	5710
1101	8
1104	413
1105	9
1106	1
1108	3
1110	54
1111	48
1112	6
1113	19
1115	1
1116	31
1118	29
1120	186
1122	273
1125	5
1127	2
1128	296
1130	7
1131	7
1133	12
1134	60
1140	114
1144	447
1150	4
1152	543
1155	141
1156	2
1157	5
1158	1
1160	74
1164	30
1166	312
1167	1
1170	49
1173	1
1176	354
1177	8
1180	3
1183	6
1188	279
1190	1
1196	46
1197	9
1199	10
1200	77146
1202	474
1204	509
1205	1115
1206	139
1207	9
1208	214
1209	13
1210	2215
1212	127
1214	11
1215	214
1216	74
1217	2
1218	45
1219	2
1220	1356
1221	13
1222	35
1224	168
1225	11
1228	10
1230	205
1232	634
1234	1
1235	13
1236	13
1239	3
1240	776
1242	5
1243	6
1244	4
1245	16
1248	168
1250	29
1252	1
1254	85
1256	3
1260	554
1261	3
1264	1
1265	15
1270	2
1272	160
1274	28
1276	89
1280	2071
1281	11
1282	1
1284	61
1285	1
1287	12
1288	25
1290	62
1294	1
1295	1
1296	168
1298	25
1300	118
1302	72
1303	1
1304	1
1306	1
1308	9
1309	5
1310	1
1312	5
1313	2
1316	5
1320	34446
1323	5
1325	3
1326	24
1330	1
1331	6
1332	4
1334	1
1335	3
1339	1
1340	7
1342	1594
1344	260
1350	411
1352	20
1353	3
1356	5
1360	74
1362	1
1364	1911
1365	18
1368	47
1370	10
1372	3
1375	825
1378	28
1380	31
1386	372
1390	1
1391	1
1392	43
1397	132
1400	34
1403	1
1404	17
1405	1
1407	11
1408	1483
1410	2
1416	12
1417	2
1419	16
1420	1
1424	1
1426	1
1428	102
1430	1336
1432	1
1440	28108
1441	4
1442	157
1443	3
1444	278
1445	220
1446	112
1447	1
1448	158
1449	7
1450	400
1452	536
1454	4
1455	41
1456	51
1457	1
1458	9
1460	309
1461	2
1463	13
1464	526
1465	3
1467	2
1468	2
1470	114
1472	14
1474	108
1475	1
1476	9
1480	148
1482	9
1485	550
1488	708
1490	4
1491	3
1494	1
1496	566
1497	1
1500	178
1504	1
1507	9
1508	4
1512	178
1515	1
1516	1
1518	50
1520	70
1521	1
1524	50
1525	2
1529	20
1530	11
1533	3
1534	5
1536	566
1540	1279
1545	1
1548	15
1551	13
1552	1
1554	12
1560	313
1562	41
1564	2
1568	1
1570	1
1572	10
1573	14
1575	1
1581	1
1584	725
1586	50
1590	1
1595	25
1596	53
1600	85934
1602	597
1604	882
1605	1208
1606	54
1607	1
1608	541
1609	5
1610	1870
1611	2
1612	130
1614	17
1615	146
1616	114
1617	4
1618	11
1619	1
1620	2658
1621	1
1622	7
1624	35
1625	27
1626	9
1628	72
1630	260
1632	280
1634	1
1635	2
1636	5
1638	21
1639	5
1640	851
1644	15
1645	17
1648	8
1650	899
1651	12
1652	1
1655	1
1656	36
1659	2
1660	218
1661	2
1664	65
1665	2
1668	6
1670	3
1672	123
1676	1
1677	2
1680	580
1683	2
1684	2
1685	3
1690	47
1692	8
1694	33
1696	2
1700	52
1701	5
1702	1
1703	2
1704	16
1705	23
1708	2
1710	4
1712	3
1716	71
1720	130
1722	16
1727	4
1728	202
1730	4
1735	1
1736	9
1738	4
1740	7
1742	10
1743	2
1744	1
1749	3
1750	4
1752	13
1755	12
1760	10198
1764	53
1768	39
1770	3
1771	2
1776	38
1778	2
1780	10
1781	1
1782	479
1785	5
1788	1
1792	2
1794	11
1800	8580
1802	28
1804	353
1805	95
1806	34
1807	4
1808	17
1809	1
1810	98
1812	19
1815	283
1816	4
1818	2
1820	143
1824	64
1825	2
1826	37
1827	1
1828	2
1830	18
1833	1
1837	19
1839	1
1840	124
1842	1
1845	2
1846	2
1848	394
1850	3
1859	9
1860	30
1870	486
1872	25
1876	1
1880	22
1881	1
1884	5
1885	1
1890	63
1891	1
1892	36
1896	9
1900	9
1903	6
1908	2
1911	1
1914	10
1918	1
1920	6983
1922	25
1924	153
1925	90
1926	5
1927	1
1928	65
1930	89
1932	26
1934	1
1935	2
1936	60
1937	2
1940	104
1944	100
1945	1
1947	2
1948	1
1950	25
1952	6
1956	3
1958	8
1960	71
1963	1
1965	1
1968	85
1970	1
1974	7
1976	10
1978	1
1980	6798
1989	2
1991	2
1992	13
1995	2
1996	1
2000	113
2002	211
2004	8
2010	3
2012	1
2013	2
2016	107
2020	2
2024	258
2026	1
2028	2
2035	124
2040	40
2044	2
2046	35
2048	1
2052	1
2057	16
2058	9
2064	14
2068	215
2072	1
2076	2
2079	16
2080	17
2088	8
2090	282
2100	45
2101	1
2106	6
2112	211
2120	2
2121	1
2123	3
2124	1
2132	7
2134	22
2136	3
2142	8
2145	32
2148	2
2156	92
2158	2
2160	4314
2162	22
2163	1
2164	33
2165	38
2166	29
2167	3
2168	15
2170	52
2171	1
2172	19
2175	2
2176	3
2178	9
2180	35
2184	67
2190	15
2196	4
2200	5232
2205	1
2208	81
2210	2
2211	1
2220	22
2222	106
2226	12
2232	10
2233	1
2236	1
2240	2
2244	124
2250	4
2255	100
2256	73
2260	1
2262	3
2266	8
2268	7
2275	1
2277	4
2280	33
2288	50
2292	3
2299	1
2304	66
2310	275
2316	2
2320	4
2328	7
2332	22
2340	6
2346	1
2352	51
2354	4
2364	1
2365	18
2366	3
2373	1
2376	80
2379	1
2388	1
2392	15
2394	2
2398	5
2400	31483
2402	198
2404	261
2405	435
2406	75
2407	5
2408	129
2410	567
2412	56
2413	1
2414	7
2415	60
2416	33
2417	1
2418	5
2420	816
2421	3
2422	1
2424	55
2425	2
2428	4
2430	146
2432	4
2434	1
2435	1
2436	10
2438	1
2440	247
2442	4
2444	8
2445	5
2448	41
2450	13
2460	62
2464	38
2466	1
2470	3
2472	4
2475	3
2480	88
2484	1
2485	1
2486	2
2490	6
2496	20
2500	6
2505	1
2508	11
2510	1
2511	1
2520	215
2530	37
2535	1
2540	1
2544	13
2548	11
2550	5
2552	4
2560	60
2562	27
2564	1
2568	5
2574	3
2580	7
2592	23
2600	9
2604	43
2616	2
2618	1
2625	4
2639	1
2640	12198
2646	6
2652	3
2662	392
2664	3
2667	2
2670	1
2684	421
2688	49
2695	321
2697	1
2700	451
2704	3
2705	1
2706	53
2710	2
2712	2
2715	1
2717	24
2720	6
2728	245
2730	17
2736	3
2739	3
2740	4
2742	1
2750	414
2760	8
2761	2
2772	102
2780	1
2782	1
2783	3
2784	1
2790	1
2794	18
2800	3
2805	54
2814	1
2816	89
2832	1
2834	1
2835	1
2838	7
2840	1
2849	4
2856	9
2860	309
2880	3814
2882	10
2884	50
2885	8
2886	7
2888	27
2890	39
2892	5
2893	1
2895	2
2896	5
2898	1
2900	27
2904	116
2910	8
2912	1
2915	4
2916	3
2920	21
2926	1
2928	109
2940	39
2948	5
2952	16
2960	5
2964	11
2970	615
2976	75
2981	1
2982	1
2988	4
2992	30
3000	67
3006	1
3014	14
3020	1
3024	41
3025	13
3036	5
3047	1
3048	11
3058	4
3060	8
3072	40
3080	170
3084	4
3096	3
3102	2
3108	3
3120	27
3124	2
3135	5
3144	2
3146	8
3150	5
3168	83
3172	13
3180	1
3185	2
3190	22
3192	3
3198	2
3200	16915
3202	107
3204	217
3205	155
3206	2
3207	1
3208	114
3210	336
3211	4
3212	10
3214	8
3215	17
3216	33
3220	295
3224	12
3225	1
3228	4
3230	46
3232	9
3234	1
3240	472
3242	1
3244	1
3245	5
3246	4
3248	1
3250	16
3252	6
3255	1
3256	1
3260	39
3264	5
3276	7
3280	52
3282	1
3288	6
3290	2
3300	1137
3302	2
3312	1
3315	1
3318	1
3320	28
3322	18
3328	4
3336	2
3344	13
3350	1
3354	3
3355	9
3360	60
3366	2
3380	5
3384	1
3388	5
3400	2
3402	1
3410	29
3416	1
3420	2
3432	4
3440	5
3444	2
3456	24
3465	1
3472	2
3476	1
3480	2
3510	2
3520	1767
3523	1
3528	6
3536	2
3542	76
3552	1
3560	3
3564	35
3570	6
3575	38
3584	1
3586	1
3597	2
3600	4268
3602	19
3604	31
3605	39
3606	34
3608	32
3610	49
3612	14
3615	16
3616	4
3617	1
3619	1
3620	39
3621	1
3624	10
3628	1
3630	86
3640	35
3642	1
3645	2
3648	4
3652	1
3654	1
3660	10
3680	11
3685	5
3690	1
3696	22
3700	1
3718	1
3720	9
3740	74
3750	1
3760	2
3762	1
3770	1
3780	18
3800	2
3822	3
3828	1
3840	456
3844	7
3848	5
3850	17
3860	4
3864	21
3880	2
3885	1
3888	10
3900	2
3904	1
3905	1
3912	1
3920	2
3924	1
3936	1
3937	1
3948	1
3960	3158
3982	76
3984	1
3990	1
4000	36
4004	67
4008	1
4015	59
4026	7
4032	11
4037	3
4048	15
4050	17
4070	93
4074	1
4080	5
4081	1
4092	4
4114	2
4125	10
4136	11
4147	1
4158	5
4180	54
4186	1
4191	1
4200	16
4212	2
4216	1
4224	18
4235	3
4242	1
4268	1
4284	2
4290	16
4312	2
4316	2
4320	761
4322	3
4324	9
4325	4
4326	9
4328	3
4330	7
4335	1
4340	5
4344	19
4350	1
4356	1
4360	2
4362	1
4368	10
4380	6
4394	1
4400	4234
4410	1
4416	8
4422	116
4440	5
4444	89
4455	154
4464	7
4466	8
4477	5
4488	29
4500	3
4510	154
4512	4
4526	1
4532	8
4536	3
4543	2
4554	2
4560	5
4565	17
4576	5
4596	1
4608	3
4620	146
4664	1
4675	2
4680	3
4704	1
4706	2
4708	2
4730	33
4752	23
4784	3
4800	7726
4802	35
4804	102
4805	71
4806	26
4807	2
4808	52
4810	115
4812	19
4814	2
4815	6
4816	8
4818	2
4820	92
4821	2
4824	20
4825	2
4828	1
4830	22
4836	2
4840	137
4842	1
4844	1
4845	2
4848	22
4860	33
4875	1
4880	15
4884	2
4888	1
4890	3
4895	5
4896	5
4900	4
4908	1
4920	16
4928	2
4944	1
4950	81
4980	3
4992	4
5004	1
5040	55
5044	1
5060	35
5064	1
5082	2
5088	1
5115	1
5124	4
5145	2
5160	2
5166	1
5170	1
5184	2
5200	1
5208	6
5220	1
5250	4
5252	1
5280	2762
5292	1
5302	68
5304	1
5313	1
5324	56
5328	2
5335	66
5346	4
5355	1
5357	2
5368	21
5376	4
5379	2
5390	90
5400	287
5402	1
5405	1
5406	2
5408	2
5412	4
5418	1
5430	1
5434	4
5445	4
5456	7
5460	4
5478	1
5489	1
5500	56
5520	3
5522	1
5523	1
5544	5
5560	1
5566	1
5588	1
5610	10
5632	1
5640	2
5670	3
5712	2
5720	27
5760	343
5764	5
5766	1
5768	2
5770	1
5772	2
5775	1
5780	2
5784	16
5800	2
5808	21
5810	1
5820	4
5830	1
5832	3
5856	8
5880	9
5885	2
5904	2
5940	387
5952	2
5962	8
5976	1
5984	6
5995	8
6000	15
6004	2
6006	2
6028	5
6048	3
6050	6
6116	1
6120	2
6160	21
6237	1
6240	2
6270	2
6292	1
6300	3
6318	1
6336	5
6358	1
6380	9
6400	1873
6402	7
6404	29
6405	9
6406	1
6408	10
6410	32
6412	4
6416	6
6418	1
6420	22
6424	1
6430	4
6432	1
6434	1
6440	18
6448	2
6450	1
6460	4
6480	77
6484	2
6520	1
6528	1
6540	3
6560	2
6600	1155
6622	22
6640	2
6644	13
6655	22
6660	1
6666	1
6677	1
6688	6
6699	1
6710	27
6720	4
6750	1
6762	1
6765	5
6776	2
6820	25
6912	2
6930	5
7040	160
7062	12
7084	1
7095	3
7117	1
7128	2
7140	1
7150	3
7172	1
7200	1353
7202	6
7204	8
7205	13
7206	8
7208	4
7210	16
7212	8
7214	1
7215	5
7216	2
7220	12
7224	5
7226	1
7240	9
7245	1
7248	1
7260	8
7280	1
7304	1
7392	2
7400	1
7440	1
7480	5
7488	1
7560	5
7680	19
7826	1
7920	1012
7942	18
7964	16
7975	28
7980	1
7997	1
8000	5
8004	1
8008	1
8030	19
8074	1
8085	4
8100	6
8105	1
8140	16
8250	1
8360	1
8400	6
8448	1
8470	2
8484	1
8580	2
8640	98
8644	1
8646	1
8656	1
8664	5
8688	4
8700	2
8760	3
8800	2120
8820	2
8822	67
8844	41
8855	66
8866	5
8877	2
8880	2
8888	13
8899	1
8904	1
8910	74
8925	1
8932	3
8954	1
8965	13
8976	5
8987	1
9000	3
9006	1
9020	58
9064	2
9072	1
9120	1
9130	13
9185	1
9240	28
9295	1
9317	1
9328	1
9350	1
9412	1
9460	8
9464	1
9471	1
9504	3
9600	1098
9602	2
9604	16
9605	1
9606	4
9608	5
9610	14
9613	1
9615	2
9620	6
9624	16
9630	4
9640	7
9648	4
9660	7
9680	8
9684	1
9696	5
9720	10
9724	1
9744	1
9760	1
9768	1
9790	1
9792	1
9840	4
9888	1
9900	103
9922	2
9944	3
9955	1
10076	1
10080	11
10120	4
10185	1
10200	1
10206	1
10248	4
10320	3
10340	1
10392	1
10426	1
10450	1
10452	1
10560	410
10582	11
10604	5
10615	6
10648	2
10670	8
10692	1
10780	5
10800	102
10804	2
10806	2
10815	2
10830	1
10848	1
10890	2
10950	1
11000	4
11165	1
11520	28
11544	3
11550	1
11568	3
11640	1
11760	2
11880	140
11902	3
11935	5
11968	1
11990	1
12000	4
12320	2
12672	1
12684	1
12800	109
12804	2
12808	2
12810	1
12816	1
12820	2
12840	1
12860	1
12960	13
12980	1
13008	1
13080	1
13200	755
13222	11
13244	13
13255	12
13266	3
13277	1
13299	1
13310	23
13332	1
13365	3
13420	15
13640	4
13662	1
13860	5
14080	9
14190	1
14256	1
14400	257
14404	2
14406	1
14410	3
14412	3
14424	6
14430	2
14440	1
14448	3
14460	2
14472	1
14500	1
14520	4
14640	1
14850	1
14872	1
15120	2
15162	1
15204	1
15288	1
15626	1
15652	1
15730	1
15840	193
15862	4
15884	2
15895	2
15950	2
15960	1
16000	2
16060	1
16104	1
16170	1
16200	1
16320	1
16500	2
16800	6
17280	12
17304	2
17328	1
17600	630
17622	16
17644	14
17655	16
17666	1
17688	5
17699	1
17710	22
17765	2
17776	1
17820	19
17930	2
18000	1
18040	4
18260	1
18480	1
18920	1
19200	99
19208	1
19210	2
19224	3
19248	3
19260	1
19284	1
19320	1
19392	1
19440	2
19560	1
19680	1
19800	84
19822	2
19844	1
19910	1
20020	2
20160	2
20240	2
21120	28
21274	1
21600	22
21606	1
21624	2
21648	2
22000	3
22320	1
22680	1
23040	3
23064	1
23088	1
23760	40
23815	1
25200	2
25600	2
25920	2
25944	2
26400	260
26422	5
26444	2
26455	8
26488	2
26510	5
26565	1
26620	6
26730	1
26840	4
27280	1
28800	30
28848	1
28860	1
28872	1
28920	1
29040	1
29700	1
31252	1
31680	12
32400	1
33600	1
33894	1
35200	119
35222	1
35244	2
35288	1
35310	2
35420	1
35640	2
35695	1
38400	11
38448	2
38460	1
39600	47
39710	3
39820	2
40320	1
41626	1
42240	1
43200	6
43248	1
44000	1
47520	1
47630	1
50442	1
52800	55
52844	1
52855	2
52910	1
52965	1
57600	3
57840	1
70400	6
70422	2
70455	1
79200	12
79222	1
86400	1
105600	3
158400	5
