RTP and Standard Deviation Breakdown
Name	RTP	StDev
Initial	0.24972	65.4
Tumbles	0.302501	85.11
Base Total	0.552221	111.7
Free Spins	0.413033	286.3
Total	0.965254	307.9
----------------------------------------
Iterations	1000000000
Total Pay	1.239e+10
Feature Hits
Feature	Hits	Hit Rate
Base	222128111	4.5019066
Base Win	217896522	4.5893344
FS Tease	44585977	22.428577
Free Spins	6250208	159.99468
FS Trigger 3	5784302	172.88171
FS Trigger 4	442238	2261.2259
FS Trigger 5	22816	43828.892
FS Trigger 6	852	1173708.9
----------------------------------------
Base Hits
Symbol	1	2	3	4	5	6
WL	0	0	0	0	0	0
R1	0	0	34667824	16539932	9973906	2930258
R2	0	0	32969325	18003892	13256794	2858419
R3	0	0	51260090	26712731	20938463	7545142
R4	0	0	12436273	5301650	3136312	943763
R5	0	0	65299028	41874446	16535788	9424451
R6	0	0	106326093	57888531	19248993	12474574
S1	0	0	69151270	38914704	21082044	13531003
S2	0	0	100155186	52563801	22228946	14650729
S3	0	0	26696568	11921110	5769789	4087822
S4	0	0	29009477	13822639	6313450	4044509
F1	0	0	0	0	0	0
F2	0	0	0	0	0	0
F3	0	0	0	0	0	0
----------------------------------------
Free Hits
Symbol	1	2	3	4	5	6
WL	0	0	0	0	0	0
R1	0	0	360504	108205	29069	16524
R2	0	0	519186	183924	56151	38424
R3	0	0	769021	280177	92864	67151
R4	0	0	186428	19625	4551	2294
R5	0	0	9179092	6179710	2122040	1459057
R6	0	0	15262084	8392156	2188974	1714440
S1	0	0	10480482	6562490	4013123	3317151
S2	0	0	14906984	8847453	4505849	3611786
S3	0	0	3369038	2187284	1308213	1314670
S4	0	0	4137009	2593085	1463677	1388526
F1	0	0	0	0	0	0
F2	0	0	0	0	0	0
F3	0	0	0	0	0	0
----------------------------------------
Average Free Spins: 	10.392328
----------------------------------------
Average Tumbles Base: 	1.7106355
----------------------------------------
Average Tumbles Free: 	1.9442558
----------------------------------------
Tumble Frequencies Base
Number Tumble	Frequency
1	130512107
2	46467481
3	23960214
4	10778039
5	3834440
6	1539716
7	590182
8	175110
9	33882
10	4845
11	459
12	37
13	8
14	2
----------------------------------------
Multiplier Hit Rate: 	15.400478
Average Final Multiplier: 	1.167821
Final Multiplier Frequencies
Multiplier	Frequency
1	935066952
2	36980159
3	12234911
4	5322686
5	2338638
6	987227
7	401062
8	156357
9	57539
10	19730
11	3163139
12	1575998
13	826543
14	407448
15	183134
16	77500
17	31392
18	12196
19	4487
20	1603
21	53571
22	43973
23	27064
24	13633
25	6155
26	2625
27	1049
28	442
29	130
30	58
31	794
32	793
33	507
34	269
35	121
36	52
37	18
38	7
39	4
40	4
41	10
42	9
43	6
44	3
45	1
46	1
----------------------------------------
Average Final Multiplier Free Spins: 	20.462073
Final Multiplier Frequencies Free Spins
Multiplier	Frequency
1	123273
2	93778
3	187277
4	155608
5	208608
6	183133
7	209302
8	187395
9	200516
10	182427
11	186613
12	186047
13	183047
14	188875
15	183152
16	188945
17	181378
18	185014
19	176751
20	175330
21	165851
22	160957
23	151982
24	145193
25	138453
26	130719
27	125632
28	118844
29	114075
30	106148
31	100655
32	93982
33	89210
34	82327
35	77473
36	71893
37	67117
38	62408
39	57824
40	53829
41	48760
42	45871
43	42206
44	38780
45	35883
46	32979
47	29839
48	27882
49	25036
50	23124
51	21156
52	18870
53	17578
54	16018
55	14190
56	13058
57	11833
58	10895
59	9863
60	8585
61	7904
62	7038
63	6499
64	5872
65	5276
66	4737
67	4204
68	3868
69	3389
70	2914
71	2687
72	2415
73	2098
74	1981
75	1748
76	1579
77	1463
78	1307
79	1094
80	1010
81	893
82	794
83	648
84	583
85	562
86	504
87	422
88	384
89	310
90	307
91	269
92	210
93	224
94	183
95	172
96	137
97	127
98	98
99	98
100	102
101	93
102	80
103	66
104	47
105	32
106	43
107	33
108	31
109	28
110	14
111	32
112	20
113	20
114	9
115	18
116	10
117	11
118	9
119	6
120	1
121	5
122	8
123	4
124	2
125	3
126	5
127	3
128	5
130	1
131	2
132	2
133	1
134	2
135	1
136	1
137	2
139	1
----------------------------------------
Boost Statistics (Free Games)
Standard Boosts (+1):	76358453	(Total Mult: 76358453)
Superboosts (+10):	4528355	(Total Mult: 45283550)
Superboost %:	5.598%
Avg Mult per Boost:	1.504

Boost Level Frequencies (Free Games)
Boost Level	Frequency
1	76358453
2	4528355
----------------------------------------
Wins with Superboosts
Base Game Wins:	217896522
Base Game Wins with Superboost:	6425819	(2.949%)
Free Game Wins:	21551776
Free Game Wins with Superboost:	4025479	(18.68%)
----------------------------------------
Final Multiplier Frequencies Free Spins (split by initial multiplier)
Init Multiplier: 1
Average Final Multiplier (init 1):	20.46
Final Mult	Frequency
1	123273
2	93778
3	187277
4	155608
5	208608
6	183133
7	209302
8	187395
9	200516
10	182427
11	186613
12	186047
13	183047
14	188875
15	183152
16	188945
17	181378
18	185014
19	176751
20	175330
21	165851
22	160957
23	151982
24	145193
25	138453
26	130719
27	125632
28	118844
29	114075
30	106148
31	100655
32	93982
33	89210
34	82327
35	77473
36	71893
37	67117
38	62408
39	57824
40	53829
41	48760
42	45871
43	42206
44	38780
45	35883
46	32979
47	29839
48	27882
49	25036
50	23124
51	21156
52	18870
53	17578
54	16018
55	14190
56	13058
57	11833
58	10895
59	9863
60	8585
61	7904
62	7038
63	6499
64	5872
65	5276
66	4737
67	4204
68	3868
69	3389
70	2914
71	2687
72	2415
73	2098
74	1981
75	1748
76	1579
77	1463
78	1307
79	1094
80	1010
81	893
82	794
83	648
84	583
85	562
86	504
87	422
88	384
89	310
90	307
91	269
92	210
93	224
94	183
95	172
96	137
97	127
98	98
99	98
100	102
101	93
102	80
103	66
104	47
105	32
106	43
107	33
108	31
109	28
110	14
111	32
112	20
113	20
114	9
115	18
116	10
117	11
118	9
119	6
120	1
121	5
122	8
123	4
124	2
125	3
126	5
127	3
128	5
130	1
131	2
132	2
133	1
134	2
135	1
136	1
137	2
139	1
----------------------------------------
Elapsed time: 638 seconds
