Pay	Frequency
0	912615585
2	1898409
4	4116997
5	2891111
6	702092
7	179313
8	4286727
9	131633
10	4611300
11	49494
12	1984688
13	123606
14	820581
15	767814
16	3274072
17	91398
18	764504
19	101614
20	4877642
21	209799
22	545766
23	107505
24	2328814
25	243941
26	493577
27	75008
28	1222271
29	95607
30	1764791
31	78701
32	1962882
33	73973
34	472321
35	127999
36	1127310
37	68087
38	388850
39	65242
40	3426790
41	43961
42	548410
43	39541
44	893318
45	309065
46	340161
47	49228
48	1597317
49	43024
50	621951
51	58240
52	695451
53	59741
54	325653
55	144150
56	841067
57	51301
58	273871
59	30252
60	1870151
61	40650
62	265561
63	64777
64	869644
65	107488
66	294888
67	26869
68	542255
69	54867
70	357096
71	28171
72	807857
73	28799
74	190990
75	66259
76	459816
77	44424
78	240524
79	29556
80	1645669
81	36671
82	171819
83	21828
84	526206
85	114613
86	144075
87	41116
88	602472
89	24340
90	531976
91	20317
92	378934
93	44955
94	149265
95	66582
96	689258
97	20314
98	141247
99	31128
100	579039
101	26518
102	169906
103	21061
104	373259
105	57970
106	131237
107	15365
108	332412
109	20482
110	281011
111	28259
112	338011
113	17435
114	141963
115	30184
116	235647
117	28625
118	99396
119	15604
120	1094633
121	17305
122	115441
123	19079
124	248103
125	61224
126	135264
127	16738
128	328427
129	20546
130	190582
131	12849
132	308015
133	16103
134	89984
135	49211
136	272167
137	13212
138	117477
139	12888
140	294870
141	22756
142	77803
143	19012
144	354312
145	27110
146	75092
147	17147
148	161581
149	15088
150	138866
151	13866
152	215192
153	16820
154	100180
155	19450
156	186390
157	12342
158	66348
159	18526
160	572904
161	10804
162	86845
163	10105
164	137562
165	61839
166	57013
167	12042
168	235909
169	11393
170	125009
171	12786
172	118778
173	12395
174	70425
175	25144
176	248174
177	11839
178	55040
179	9370
180	363838
181	10975
182	55031
183	13392
184	157209
185	22516
186	68644
187	13622
188	112430
189	13499
190	83880
191	9991
192	237323
193	8291
194	46472
195	21366
196	108752
197	9550
198	74756
199	9199
200	281977
201	11026
202	45428
203	8239
204	120095
205	18730
206	41073
207	10992
208	129744
209	12017
210	77979
211	7517
212	91233
213	10705
214	37717
215	12214
216	136999
217	6906
218	35440
219	8262
220	200928
221	8933
222	44434
223	7093
224	103508
225	13648
226	33650
227	6283
228	99196
229	6499
230	44645
231	15405
232	86583
233	6190
234	41197
235	8755
236	70288
237	8088
238	28034
239	6567
240	457564
241	5697
242	49854
243	7570
244	82429
245	23583
246	36234
247	8116
248	97524
249	7256
250	72389
251	5441
252	91740
253	9593
254	29360
255	16767
256	96764
257	5831
258	33480
259	5375
260	116614
261	8121
262	25060
263	5623
264	144340
265	10527
266	25547
267	5939
268	60789
269	5839
270	62800
271	5093
272	82537
273	6687
274	24288
275	11415
276	67018
277	4844
278	24159
279	5794
280	104730
281	4716
282	29004
283	4684
284	49997
285	10267
286	41162
287	4499
288	111103
289	4362
290	31590
291	5328
292	46741
293	4875
294	28007
295	6252
296	56835
297	6859
298	21144
299	4917
300	91991
301	4325
302	21747
303	5118
304	56258
305	6769
306	23735
307	3944
308	65070
309	5044
310	26360
311	3785
312	73589
313	3985
314	17795
315	5912
316	39207
317	3824
318	23680
319	6563
320	138625
321	4049
322	18343
323	3503
324	46373
325	9931
326	16506
327	4273
328	44594
329	3640
330	66150
331	3319
332	34265
333	4304
334	16958
335	6671
336	68069
337	3203
338	19494
339	3694
340	51532
341	6164
342	18336
343	3417
344	37348
345	5517
346	15613
347	2909
348	35992
349	3139
350	22558
351	4040
352	63927
353	3113
354	16691
355	3775
356	28904
357	3821
358	13438
359	2811
360	148791
361	2706
362	13833
363	4724
364	36020
365	7430
366	17542
367	3054
368	40601
369	3326
370	23189
371	2767
372	38775
373	2732
374	24314
375	6154
376	38802
377	3424
378	17322
379	2746
380	41448
381	3382
382	13197
383	2589
384	62887
385	6059
386	11769
387	3024
388	26583
389	2651
390	24729
391	2581
392	36132
393	2850
394	11624
395	3111
396	46521
397	2387
398	12161
399	2805
400	126611
401	2480
402	14390
403	3338
404	25541
405	8185
406	11544
407	3914
408	45499
409	2321
410	21604
411	2606
412	23242
413	2516
414	12994
415	4291
416	35017
417	2622
418	17458
419	2040
420	45073
421	2127
422	10283
423	2590
424	26966
425	3788
426	11964
427	1906
428	20049
429	4319
430	14197
431	1952
432	41896
433	1985
434	9289
435	2911
436	18896
437	2178
438	10858
439	2024
440	77366
441	2325
442	11502
443	1688
444	23076
445	3700
446	8401
447	2266
448	25825
449	1995
450	15424
451	2707
452	18176
453	2269
454	7529
455	2747
456	30361
457	1636
458	7518
459	1900
460	22935
461	1888
462	17179
463	1643
464	20743
465	2661
466	7462
467	1534
468	21764
469	1626
470	9571
471	1791
472	18707
473	2516
474	8618
475	1995
476	14108
477	2020
478	6940
479	1396
480	134487
481	1925
482	8556
483	1734
484	27731
485	7255
486	9247
487	1595
488	24901
489	1912
490	21679
491	1358
492	19363
493	1569
494	9580
495	8473
496	23583
497	1753
498	8519
499	1483
500	29583
501	2026
502	6914
503	1495
504	30869
505	2805
506	11995
507	2152
508	14402
509	1527
510	15043
511	1430
512	21006
513	1531
514	6979
515	1990
516	16511
517	2341
518	6364
519	1574
520	32922
521	1350
522	7985
523	1321
524	12903
525	2983
526	5810
527	1258
528	40219
529	1231
530	9006
531	1389
532	12971
533	1777
534	6814
535	1653
536	16697
537	1383
538	5909
539	1935
540	31049
541	1317
542	5422
543	1415
544	16781
545	1983
546	8866
547	1176
548	11796
549	1483
550	14150
551	1094
552	22109
553	1040
554	5512
555	1814
556	12393
557	1175
558	6596
559	1322
560	22132
561	1919
562	5048
563	1064
564	14202
565	1666
566	5143
567	1266
568	14195
569	1060
570	8600
571	1055
572	19296
573	1304
574	4912
575	1279
576	25031
577	957
578	4770
579	1139
580	13595
581	1082
582	5760
583	1997
584	12223
585	2030
586	4671
587	924
588	13885
589	947
590	5452
591	1162
592	12543
593	1113
594	8190
595	1057
596	9632
597	1178
598	6035
599	896
600	40397
601	932
602	4666
603	1034
604	9775
605	3057
606	5079
607	857
608	11489
609	1131
610	6944
611	1194
612	11232
613	862
614	3976
615	1516
616	17813
617	933
618	4953
619	852
620	12646
621	1136
622	3562
623	822
624	19344
625	1252
626	3807
627	1398
628	8068
629	841
630	6483
631	829
632	9703
633	940
634	3682
635	1064
636	9987
637	995
638	6264
639	838
640	23759
641	788
642	4558
643	818
644	8166
645	1684
646	3490
647	685
648	13099
649	1174
650	6313
651	870
652	7097
653	835
654	4288
655	1215
656	9550
657	929
658	3615
659	668
660	33539
661	718
662	3458
663	986
664	9182
665	1027
666	3934
667	753
668	7564
669	892
670	4440
671	1107
672	15547
673	658
674	3162
675	1034
676	8446
677	622
678	3787
679	668
680	11802
681	766
682	5840
683	603
684	7920
685	883
686	3132
687	747
688	7462
689	971
690	4387
691	580
692	5928
693	1309
694	2731
695	724
696	10074
697	700
698	2765
699	630
700	7744
701	671
702	3953
703	636
704	12888
705	862
706	2812
707	518
708	7147
709	627
710	2926
711	635
712	7125
713	641
714	3347
715	2079
716	5289
717	703
718	2422
719	560
720	46141
721	564
722	2927
723	670
724	6600
725	2041
726	5151
727	623
728	10369
729	665
730	6751
731	631
732	8111
733	611
734	2986
735	1709
736	9505
737	970
738	3494
739	601
740	9390
741	954
742	2961
743	610
744	12291
745	948
746	2618
747	659
748	10100
749	579
750	5406
751	620
752	9433
753	646
754	3290
755	762
756	8607
757	521
758	2813
759	1014
760	10957
761	552
762	3298
763	582
764	5923
765	1091
766	2547
767	735
768	14195
769	520
770	6118
771	582
772	5495
773	554
774	3095
775	694
776	6932
777	712
778	2438
779	501
780	11672
781	763
782	2295
783	699
784	7311
785	734
786	2805
787	491
788	4911
789	628
790	2657
791	487
792	13081
793	643
794	2193
795	624
796	5205
797	574
798	2857
799	500
800	54955
801	557
802	2593
803	762
804	6824
805	3245
806	2976
807	614
808	7010
809	480
810	9614
811	459
812	4751
813	597
814	3551
815	1759
816	9982
817	461
818	2131
819	726
820	10697
821	492
822	2635
823	470
824	5760
825	1775
826	2187
827	426
828	5585
829	447
830	4861
831	493
832	6958
833	433
834	2405
835	858
836	6803
837	505
838	2059
839	353
840	14299
841	472
842	1930
843	414
844	4144
845	1256
846	2240
847	695
848	5093
849	497
850	3211
851	364
852	5129
853	363
854	1837
855	730
856	4528
857	403
858	3648
859	384
860	6300
861	476
862	1757
863	382
864	8790
865	699
866	1732
867	423
868	3723
869	623
870	2753
871	500
872	4197
873	458
874	1870
875	515
876	4179
877	373
878	1639
879	407
880	20955
881	380
882	2187
883	346
884	4446
885	743
886	1593
887	373
888	6242
889	367
890	2746
891	562
892	3203
893	384
894	1862
895	489
896	4893
897	514
898	1551
899	329
900	7294
901	347
902	2624
903	422
904	3915
905	495
906	1831
907	341
908	2914
909	367
910	2465
911	335
912	6738
913	431
914	1370
915	470
916	2840
917	331
918	1735
919	327
920	5797
921	380
922	1379
923	388
924	6603
925	475
926	1369
927	357
928	3834
929	357
930	2113
931	272
932	2918
933	386
934	1329
935	1472
936	5567
937	284
938	1293
939	350
940	3617
941	291
942	1548
943	327
944	3332
945	530
946	1904
947	287
948	3522
949	366
950	1538
951	348
952	3251
953	280
954	1484
955	335
956	2720
957	490
958	1204
959	268
960	27080
961	257
962	1740
963	348
964	3190
965	1252
966	1775
967	342
968	6326
969	340
970	4107
971	251
972	4105
973	321
974	1400
975	1059
976	4568
977	310
978	1614
979	485
980	6118
981	387
982	1259
983	320
984	5283
985	496
986	1163
987	350
988	3552
989	347
990	7373
991	282
992	4018
993	324
994	1368
995	426
996	3406
997	278
998	1275
999	262
1000	5891
1001	441
1002	1463
1003	261
1004	2607
1005	525
1006	1309
1007	251
1008	6736
1009	283
1010	1690
1011	301
1012	4071
1013	256
1014	1618
1015	290
1016	3204
1017	305
1018	1185
1019	247
1020	4974
1021	260
1022	1175
1023	450
1024	3356
1025	324
1026	1212
1027	303
1028	2532
1029	309
1030	1309
1031	250
1032	4202
1033	254
1034	1860
1035	331
1036	2402
1037	240
1038	1316
1039	249
1040	5590
1041	293
1042	1107
1043	243
1044	2880
1045	802
1046	991
1047	264
1048	2940
1049	240
1050	1802
1051	222
1052	2071
1053	314
1054	931
1055	264
1056	6643
1057	224
1058	1097
1059	249
1060	2737
1061	218
1062	1177
1063	271
1064	2853
1065	295
1066	1250
1067	317
1068	2577
1069	210
1070	1148
1071	235
1072	2630
1073	229
1074	1059
1075	210
1076	1862
1077	206
1078	1548
1079	224
1080	8732
1081	211
1082	974
1083	253
1084	2041
1085	401
1086	1140
1087	208
1088	2795
1089	355
1090	1509
1091	207
1092	3375
1093	213
1094	1029
1095	384
1096	2761
1097	184
1098	1124
1099	202
1100	6372
1101	247
1102	933
1103	208
1104	4300
1105	366
1106	939
1107	263
1108	2182
1109	205
1110	1495
1111	342
1112	2674
1113	247
1114	909
1115	228
1116	2560
1117	210
1118	1086
1119	238
1120	3565
1121	223
1122	1582
1123	186
1124	2016
1125	282
1126	843
1127	189
1128	3688
1129	194
1130	1017
1131	284
1132	1773
1133	269
1134	1150
1135	184
1136	2670
1137	212
1138	875
1139	164
1140	3048
1141	209
1142	849
1143	210
1144	3822
1145	207
1146	927
1147	196
1148	1741
1149	262
1150	883
1151	166
1152	4147
1153	177
1154	702
1155	641
1156	1743
1157	243
1158	971
1159	171
1160	2829
1161	196
1162	808
1163	196
1164	2262
1165	210
1166	1338
1167	200
1168	2210
1169	174
1170	1546
1171	194
1172	1610
1173	228
1174	793
1175	158
1176	3284
1177	226
1178	756
1179	190
1180	1805
1181	162
1182	995
1183	190
1184	2014
1185	239
1186	727
1187	148
1188	2778
1189	159
1190	832
1191	182
1192	1899
1193	166
1194	830
1195	172
1196	1753
1197	161
1198	691
1199	202
1200	16894
1201	146
1202	774
1203	168
1204	1844
1205	834
1206	817
1207	160
1208	1967
1209	209
1210	3608
1211	159
1212	1964
1213	176
1214	737
1215	511
1216	1908
1217	178
1218	937
1219	152
1220	3293
1221	289
1222	758
1223	146
1224	2548
1225	314
1226	690
1227	158
1228	1323
1229	143
1230	1521
1231	134
1232	2694
1233	186
1234	666
1235	270
1236	1799
1237	148
1238	613
1239	196
1240	3260
1241	144
1242	810
1243	215
1244	1243
1245	361
1246	596
1247	157
1248	3164
1249	158
1250	892
1251	165
1252	1226
1253	111
1254	1028
1255	198
1256	1598
1257	153
1258	649
1259	165
1260	3006
1261	178
1262	657
1263	148
1264	1594
1265	429
1266	708
1267	119
1268	1142
1269	139
1270	737
1271	139
1272	2244
1273	143
1274	694
1275	200
1276	1723
1277	138
1278	713
1279	134
1280	3276
1281	164
1282	604
1283	138
1284	1580
1285	207
1286	534
1287	242
1288	1669
1289	141
1290	1000
1291	110
1292	1110
1293	143
1294	492
1295	188
1296	2308
1297	102
1298	752
1299	134
1300	1718
1301	109
1302	749
1303	126
1304	1329
1305	194
1306	531
1307	116
1308	1443
1309	176
1310	652
1311	156
1312	1435
1313	140
1314	666
1315	134
1316	1081
1317	148
1318	508
1319	100
1320	12840
1321	129
1322	617
1323	144
1324	1252
1325	198
1326	747
1327	118
1328	1683
1329	133
1330	749
1331	146
1332	1442
1333	123
1334	547
1335	166
1336	1362
1337	111
1338	655
1339	157
1340	1236
1341	139
1342	1140
1343	97
1344	2407
1345	149
1346	523
1347	120
1348	988
1349	132
1350	815
1351	110
1352	1438
1353	153
1354	467
1355	113
1356	1204
1357	117
1358	493
1359	109
1360	1727
1361	106
1362	624
1363	96
1364	2124
1365	175
1366	478
1367	88
1368	1693
1369	113
1370	525
1371	107
1372	951
1373	115
1374	487
1375	733
1376	1070
1377	123
1378	597
1379	98
1380	1446
1381	102
1382	422
1383	117
1384	1023
1385	132
1386	959
1387	96
1388	805
1389	117
1390	520
1391	89
1392	1611
1393	87
1394	412
1395	124
1396	844
1397	162
1398	508
1399	99
1400	1432
1401	103
1402	419
1403	92
1404	1287
1405	107
1406	421
1407	130
1408	2168
1409	87
1410	569
1411	111
1412	798
1413	135
1414	413
1415	116
1416	1484
1417	110
1418	403
1419	145
1420	815
1421	78
1422	458
1423	84
1424	976
1425	101
1426	402
1427	94
1428	993
1429	100
1430	1801
1431	97
1432	888
1433	57
1434	448
1435	95
1436	659
1437	90
1438	413
1439	75
1440	11664
1441	125
1442	489
1443	113
1444	1019
1445	419
1446	540
1447	113
1448	1438
1449	126
1450	1441
1451	74
1452	1845
1453	78
1454	487
1455	332
1456	1773
1457	93
1458	570
1459	110
1460	1870
1461	135
1462	558
1463	148
1464	2063
1465	175
1466	448
1467	116
1468	1020
1469	125
1470	1095
1471	101
1472	1483
1473	150
1474	736
1475	111
1476	1229
1477	92
1478	505
1479	86
1480	1832
1481	84
1482	665
1483	87
1484	1158
1485	531
1486	466
1487	93
1488	2403
1489	90
1490	549
1491	109
1492	954
1493	106
1494	515
1495	153
1496	1959
1497	119
1498	450
1499	83
1500	1861
1501	89
1502	418
1503	117
1504	1351
1505	118
1506	549
1507	116
1508	931
1509	111
1510	502
1511	80
1512	1885
1513	86
1514	365
1515	113
1516	845
1517	117
1518	703
1519	85
1520	1536
1521	135
1522	364
1523	79
1524	1055
1525	117
1526	399
1527	108
1528	1344
1529	123
1530	562
1531	89
1532	822
1533	115
1534	454
1535	98
1536	2052
1537	83
1538	339
1539	90
1540	2576
1541	78
1542	494
1543	76
1544	1043
1545	116
1546	355
1547	67
1548	999
1549	83
1550	490
1551	130
1552	960
1553	80
1554	487
1555	82
1556	717
1557	114
1558	321
1559	64
1560	2803
1561	92
1562	465
1563	62
1564	740
1565	91
1566	427
1567	64
1568	958
1569	92
1570	428
1571	60
1572	974
1573	106
1574	336
1575	111
1576	905
1577	70
1578	430
1579	68
1580	791
1581	91
1582	311
1583	76
1584	2536
1585	67
1586	454
1587	74
1588	737
1589	82
1590	443
1591	67
1592	908
1593	76
1594	386
1595	248
1596	927
1597	65
1598	316
1599	83
1600	18302
1601	65
1602	560
1603	65
1604	1007
1605	1166
1606	524
1607	73
1608	1568
1609	83
1610	3035
1611	68
1612	923
1613	75
1614	421
1615	620
1616	1246
1617	128
1618	327
1619	87
1620	3628
1621	66
1622	349
1623	68
1624	848
1625	355
1626	362
1627	78
1628	1023
1629	93
1630	1433
1631	74
1632	1710
1633	75
1634	304
1635	214
1636	628
1637	78
1638	538
1639	108
1640	2560
1641	73
1642	293
1643	62
1644	887
1645	272
1646	283
1647	79
1648	917
1649	76
1650	1558
1651	103
1652	605
1653	62
1654	252
1655	139
1656	1210
1657	54
1658	299
1659	78
1660	1728
1661	87
1662	344
1663	46
1664	970
1665	164
1666	282
1667	56
1668	780
1669	69
1670	570
1671	71
1672	1042
1673	59
1674	339
1675	117
1676	615
1677	80
1678	277
1679	57
1680	2614
1681	60
1682	275
1683	97
1684	601
1685	108
1686	292
1687	63
1688	670
1689	71
1690	720
1691	54
1692	760
1693	59
1694	400
1695	113
1696	714
1697	62
1698	316
1699	60
1700	974
1701	59
1702	246
1703	73
1704	1142
1705	174
1706	234
1707	69
1708	558
1709	43
1710	454
1711	50
1712	642
1713	64
1714	231
1715	71
1716	1026
1717	58
1718	243
1719	53
1720	1279
1721	58
1722	288
1723	58
1724	534
1725	92
1726	239
1727	60
1728	1424
1729	46
1730	337
1731	54
1732	548
1733	57
1734	284
1735	72
1736	724
1737	61
1738	316
1739	45
1740	840
1741	42
1742	273
1743	62
1744	587
1745	76
1746	290
1747	57
1748	513
1749	87
1750	317
1751	42
1752	1007
1753	40
1754	186
1755	88
1756	479
1757	56
1758	260
1759	36
1760	4489
1761	46
1762	228
1763	52
1764	707
1765	87
1766	226
1767	55
1768	775
1769	44
1770	440
1771	69
1772	470
1773	41
1774	200
1775	58
1776	1006
1777	39
1778	200
1779	53
1780	763
1781	52
1782	435
1783	43
1784	549
1785	90
1786	190
1787	41
1788	534
1789	47
1790	255
1791	51
1792	712
1793	57
1794	321
1795	55
1796	461
1797	53
1798	175
1799	50
1800	2593
1801	40
1802	217
1803	55
1804	717
1805	131
1806	286
1807	58
1808	517
1809	46
1810	389
1811	39
1812	528
1813	28
1814	219
1815	378
1816	531
1817	42
1818	220
1819	51
1820	752
1821	40
1822	176
1823	50
1824	927
1825	83
1826	239
1827	51
1828	413
1829	43
1830	329
1831	46
1832	470
1833	60
1834	208
1835	59
1836	581
1837	63
1838	183
1839	36
1840	972
1841	52
1842	237
1843	41
1844	365
1845	86
1846	208
1847	55
1848	1238
1849	44
1850	235
1851	65
1852	388
1853	49
1854	238
1855	64
1856	522
1857	55
1858	220
1859	74
1860	689
1861	44
1862	185
1863	47
1864	489
1865	48
1866	213
1867	33
1868	391
1869	56
1870	873
1871	37
1872	1041
1873	42
1874	184
1875	47
1876	403
1877	36
1878	215
1879	36
1880	720
1881	62
1882	182
1883	31
1884	439
1885	70
1886	163
1887	51
1888	479
1889	39
1890	362
1891	44
1892	486
1893	51
1894	150
1895	47
1896	697
1897	36
1898	181
1899	43
1900	448
1901	31
1902	213
1903	66
1904	503
1905	43
1906	163
1907	42
1908	469
1909	33
1910	195
1911	68
1912	446
1913	32
1914	284
1915	47
1916	319
1917	62
1918	152
1919	39
1920	3472
1921	40
1922	179
1923	38
1924	453
1925	247
1926	208
1927	37
1928	580
1929	49
1930	424
1931	43
1932	540
1933	43
1934	191
1935	119
1936	681
1937	57
1938	227
1939	42
1940	654
1941	61
1942	192
1943	36
1944	830
1945	46
1946	188
1947	42
1948	372
1949	34
1950	410
1951	46
1952	526
1953	45
1954	167
1955	59
1956	483
1957	47
1958	198
1959	43
1960	852
1961	43
1962	211
1963	38
1964	319
1965	79
1966	183
1967	33
1968	848
1969	47
1970	201
1971	52
1972	342
1973	49
1974	227
1975	57
1976	531
1977	50
1978	163
1979	50
1980	3002
1981	47
1982	163
1983	53
1984	475
1985	55
1986	203
1987	30
1988	340
1989	52
1990	185
1991	43
1992	764
1993	38
1994	148
1995	68
1996	379
1997	22
1998	170
1999	24
2000	744
2001	52
2002	281
2003	28
2004	435
2005	42
2006	149
2007	34
2008	458
2009	25
2010	252
2011	31
2012	332
2013	43
2014	128
2015	40
2016	818
2017	29
2018	143
2019	41
2020	440
2021	24
2022	205
2023	34
2024	724
2025	40
2026	122
2027	22
2028	457
2029	32
2030	153
2031	33
2032	371
2033	25
2034	188
2035	210
2036	258
2037	42
2038	124
2039	23
2040	812
2041	53
2042	124
2043	32
2044	303
2045	42
2046	235
2047	27
2048	349
2049	39
2050	152
2051	22
2052	339
2053	31
2054	148
2055	35
2056	357
2057	48
2058	163
2059	19
2060	340
2061	37
2062	108
2063	24
2064	560
2065	36
2066	136
2067	32
2068	486
2069	31
2070	180
2071	26
2072	337
2073	39
2074	136
2075	31
2076	356
2077	26
2078	132
2079	66
2080	563
2081	30
2082	152
2083	31
2084	230
2085	41
2086	119
2087	30
2088	486
2089	24
2090	566
2091	48
2092	232
2093	39
2094	157
2095	44
2096	353
2097	25
2098	110
2099	26
2100	475
2101	41
2102	93
2103	31
2104	297
2105	35
2106	172
2107	32
2108	213
2109	31
2110	120
2111	22
2112	758
2113	27
2114	111
2115	28
2116	238
2117	30
2118	141
2119	35
2120	318
2121	34
2122	136
2123	43
2124	311
2125	22
2126	125
2127	34
2128	310
2129	36
2130	140
2131	37
2132	255
2133	39
2134	178
2135	25
2136	397
2137	22
2138	110
2139	27
2140	227
2141	26
2142	146
2143	29
2144	292
2145	119
2146	100
2147	27
2148	296
2149	25
2150	105
2151	25
2152	246
2153	23
2154	100
2155	24
2156	392
2157	21
2158	110
2159	20
2160	2116
2161	22
2162	134
2163	29
2164	252
2165	58
2166	136
2167	48
2168	305
2169	44
2170	246
2171	42
2172	328
2173	28
2174	126
2175	63
2176	388
2177	33
2178	205
2179	33
2180	372
2181	27
2182	133
2183	29
2184	609
2185	30
2186	109
2187	28
2188	267
2189	50
2190	224
2191	29
2192	359
2193	41
2194	144
2195	30
2196	292
2197	34
2198	112
2199	31
2200	2305
2201	29
2202	160
2203	32
2204	276
2205	61
2206	120
2207	22
2208	653
2209	26
2210	194
2211	39
2212	271
2213	37
2214	158
2215	25
2216	340
2217	40
2218	101
2219	34
2220	452
2221	23
2222	190
2223	33
2224	340
2225	31
2226	128
2227	27
2228	245
2229	31
2230	121
2231	26
2232	443
2233	37
2234	106
2235	32
2236	236
2237	32
2238	139
2239	31
2240	450
2241	31
2242	115
2243	22
2244	485
2245	24
2246	138
2247	19
2248	343
2249	22
2250	145
2251	33
2252	192
2253	27
2254	106
2255	156
2256	580
2257	21
2258	106
2259	31
2260	258
2261	19
2262	154
2263	30
2264	300
2265	38
2266	139
2267	25
2268	322
2269	21
2270	108
2271	25
2272	285
2273	18
2274	116
2275	42
2276	200
2277	35
2278	93
2279	16
2280	577
2281	31
2282	96
2283	26
2284	182
2285	32
2286	122
2287	18
2288	438
2289	31
2290	113
2291	14
2292	288
2293	23
2294	92
2295	36
2296	238
2297	16
2298	128
2299	30
2300	192
2301	34
2302	78
2303	21
2304	516
2305	24
2306	90
2307	19
2308	188
2309	22
2310	404
2311	16
2312	241
2313	25
2314	116
2315	27
2316	254
2317	13
2318	93
2319	18
2320	341
2321	32
2322	107
2323	24
2324	190
2325	27
2326	84
2327	31
2328	355
2329	26
2330	104
2331	24
2332	305
2333	22
2334	129
2335	26
2336	287
2337	21
2338	86
2339	17
2340	395
2341	19
2342	86
2343	29
2344	226
2345	19
2346	129
2347	18
2348	182
2349	27
2350	78
2351	18
2352	454
2353	15
2354	123
2355	28
2356	196
2357	18
2358	100
2359	17
2360	253
2361	24
2362	87
2363	14
2364	251
2365	72
2366	111
2367	25
2368	268
2369	13
2370	105
2371	14
2372	150
2373	26
2374	68
2375	28
2376	447
2377	16
2378	79
2379	12
2380	221
2381	20
2382	90
2383	23
2384	236
2385	18
2386	85
2387	17
2388	241
2389	17
2390	90
2391	21
2392	276
2393	12
2394	91
2395	20
2396	171
2397	28
2398	90
2399	15
2400	6644
2401	20
2402	133
2403	16
2404	307
2405	383
2406	149
2407	24
2408	337
2409	33
2410	988
2411	22
2412	268
2413	29
2414	115
2415	236
2416	266
2417	29
2418	117
2419	21
2420	1590
2421	30
2422	83
2423	17
2424	445
2425	103
2426	97
2427	16
2428	179
2429	17
2430	520
2431	36
2432	235
2433	21
2434	88
2435	53
2436	236
2437	20
2438	94
2439	16
2440	857
2441	25
2442	147
2443	18
2444	267
2445	101
2446	79
2447	14
2448	409
2449	18
2450	206
2451	24
2452	147
2453	19
2454	86
2455	53
2456	226
2457	27
2458	91
2459	21
2460	677
2461	25
2462	89
2463	16
2464	295
2465	35
2466	92
2467	18
2468	202
2469	22
2470	156
2471	13
2472	310
2473	24
2474	84
2475	89
2476	145
2477	21
2478	93
2479	16
2480	522
2481	21
2482	60
2483	28
2484	211
2485	45
2486	103
2487	26
2488	179
2489	15
2490	205
2491	16
2492	150
2493	18
2494	71
2495	20
2496	366
2497	23
2498	58
2499	16
2500	284
2501	16
2502	86
2503	14
2504	172
2505	36
2506	74
2507	16
2508	270
2509	15
2510	91
2511	20
2512	196
2513	14
2514	75
2515	18
2516	158
2517	15
2518	69
2519	16
2520	685
2521	18
2522	81
2523	18
2524	151
2525	25
2526	77
2527	18
2528	178
2529	18
2530	232
2531	14
2532	219
2533	10
2534	80
2535	43
2536	165
2537	8
2538	74
2539	19
2540	198
2541	26
2542	60
2543	21
2544	289
2545	24
2546	47
2547	13
2548	185
2549	18
2550	116
2551	15
2552	200
2553	16
2554	74
2555	12
2556	193
2557	9
2558	53
2559	19
2560	316
2561	18
2562	85
2563	17
2564	135
2565	26
2566	58
2567	20
2568	243
2569	19
2570	73
2571	15
2572	134
2573	11
2574	91
2575	20
2576	181
2577	17
2578	69
2579	7
2580	280
2581	16
2582	57
2583	19
2584	146
2585	37
2586	68
2587	17
2588	114
2589	15
2590	82
2591	13
2592	315
2593	21
2594	55
2595	20
2596	141
2597	10
2598	68
2599	15
2600	281
2601	10
2602	47
2603	14
2604	223
2605	16
2606	69
2607	29
2608	181
2609	14
2610	90
2611	13
2612	139
2613	14
2614	52
2615	18
2616	234
2617	15
2618	59
2619	13
2620	142
2621	7
2622	70
2623	10
2624	152
2625	25
2626	65
2627	16
2628	185
2629	11
2630	57
2631	15
2632	171
2633	11
2634	59
2635	14
2636	107
2637	11
2638	48
2639	13
2640	3931
2641	8
2642	89
2643	9
2644	181
2645	43
2646	77
2647	10
2648	248
2649	21
2650	151
2651	17
2652	227
2653	11
2654	62
2655	44
2656	211
2657	7
2658	71
2659	15
2660	213
2661	18
2662	200
2663	17
2664	255
2665	16
2666	58
2667	23
2668	121
2669	13
2670	111
2671	14
2672	141
2673	13
2674	54
2675	7
2676	201
2677	11
2678	50
2679	10
2680	199
2681	7
2682	77
2683	19
2684	401
2685	12
2686	40
2687	11
2688	316
2689	9
2690	59
2691	17
2692	117
2693	11
2694	68
2695	253
2696	160
2697	12
2698	46
2699	12
2700	280
2701	9
2702	49
2703	12
2704	148
2705	30
2706	96
2707	12
2708	94
2709	12
2710	61
2711	19
2712	180
2713	7
2714	50
2715	15
2716	103
2717	29
2718	62
2719	16
2720	206
2721	7
2722	40
2723	15
2724	153
2725	13
2726	36
2727	12
2728	411
2729	13
2730	88
2731	15
2732	115
2733	16
2734	51
2735	17
2736	244
2737	9
2738	47
2739	37
2740	141
2741	10
2742	59
2743	13
2744	143
2745	19
2746	46
2747	11
2748	133
2749	9
2750	490
2751	10
2752	137
2753	6
2754	71
2755	12
2756	144
2757	15
2758	56
2759	11
2760	312
2761	21
2762	55
2763	9
2764	94
2765	12
2766	53
2767	19
2768	123
2769	14
2770	57
2771	8
2772	330
2773	13
2774	43
2775	19
2776	126
2777	17
2778	41
2779	10
2780	126
2781	9
2782	53
2783	19
2784	230
2785	12
2786	39
2787	10
2788	111
2789	9
2790	43
2791	11
2792	101
2793	14
2794	119
2795	9
2796	133
2797	13
2798	46
2799	10
2800	175
2801	15
2802	41
2803	9
2804	100
2805	122
2806	29
2807	7
2808	218
2809	10
2810	42
2811	18
2812	91
2813	10
2814	54
2815	21
2816	315
2817	18
2818	56
2819	11
2820	161
2821	3
2822	46
2823	9
2824	134
2825	7
2826	49
2827	10
2828	103
2829	8
2830	60
2831	14
2832	200
2833	15
2834	35
2835	18
2836	104
2837	10
2838	79
2839	6
2840	123
2841	19
2842	51
2843	4
2844	138
2845	9
2846	38
2847	16
2848	107
2849	21
2850	61
2851	5
2852	91
2853	12
2854	38
2855	8
2856	181
2857	14
2858	41
2859	6
2860	612
2861	4
2862	39
2863	9
2864	108
2865	9
2866	43
2867	3
2868	116
2869	12
2870	44
2871	21
2872	114
2873	11
2874	45
2875	7
2876	96
2877	13
2878	29
2879	8
2880	2046
2881	9
2882	96
2883	15
2884	163
2885	28
2886	74
2887	7
2888	172
2889	15
2890	163
2891	5
2892	145
2893	14
2894	44
2895	44
2896	200
2897	14
2898	91
2899	12
2900	212
2901	14
2902	76
2903	14
2904	380
2905	20
2906	52
2907	12
2908	145
2909	11
2910	113
2911	12
2912	195
2913	15
2914	51
2915	77
2916	167
2917	10
2918	43
2919	11
2920	251
2921	14
2922	57
2923	6
2924	149
2925	29
2926	75
2927	11
2928	358
2929	10
2930	78
2931	7
2932	135
2933	10
2934	72
2935	12
2936	158
2937	23
2938	53
2939	8
2940	276
2941	11
2942	57
2943	13
2944	149
2945	16
2946	49
2947	4
2948	188
2949	17
2950	59
2951	8
2952	241
2953	8
2954	47
2955	10
2956	115
2957	12
2958	49
2959	13
2960	196
2961	14
2962	40
2963	9
2964	146
2965	14
2966	29
2967	13
2968	226
2969	9
2970	401
2971	10
2972	90
2973	18
2974	39
2975	16
2976	337
2977	12
2978	37
2979	9
2980	126
2981	8
2982	66
2983	10
2984	157
2985	8
2986	53
2987	4
2988	125
2989	11
2990	63
2991	8
2992	236
2993	10
2994	47
2995	10
2996	110
2997	9
2998	49
2999	8
3000	317
3001	9
3002	40
3003	19
3004	99
3005	11
3006	64
3007	6
3008	128
3009	8
3010	60
3011	12
3012	164
3013	10
3014	65
3015	12
3016	119
3017	8
3018	41
3019	3
3020	92
3021	7
3022	33
3023	9
3024	278
3025	46
3026	40
3027	10
3028	104
3029	5
3030	66
3031	9
3032	98
3033	5
3034	55
3035	5
3036	181
3037	11
3038	39
3039	12
3040	152
3041	8
3042	45
3043	8
3044	78
3045	19
3046	29
3047	15
3048	197
3049	3
3050	33
3051	7
3052	79
3053	7
3054	36
3055	4
3056	183
3057	11
3058	63
3059	7
3060	149
3061	7
3062	42
3063	9
3064	111
3065	8
3066	57
3067	4
3068	92
3069	12
3070	43
3071	5
3072	251
3073	5
3074	24
3075	7
3076	88
3077	7
3078	54
3079	5
3080	439
3081	9
3082	46
3083	9
3084	116
3085	14
3086	25
3087	7
3088	122
3089	14
3090	56
3091	8
3092	84
3093	11
3094	40
3095	11
3096	150
3097	7
3098	23
3099	7
3100	99
3101	10
3102	69
3103	7
3104	110
3105	10
3106	32
3107	9
3108	109
3109	5
3110	26
3111	5
3112	98
3113	14
3114	44
3115	10
3116	62
3117	10
3118	24
3119	11
3120	463
3121	4
3122	41
3123	11
3124	110
3125	6
3126	43
3127	9
3128	84
3129	12
3130	38
3131	5
3132	105
3133	13
3134	38
3135	62
3136	109
3137	4
3138	31
3139	9
3140	80
3141	9
3142	41
3143	5
3144	216
3145	9
3146	72
3147	9
3148	77
3149	9
3150	46
3151	5
3152	116
3153	3
3154	28
3155	6
3156	86
3157	9
3158	29
3159	7
3160	81
3161	3
3162	41
3163	5
3164	75
3165	14
3166	43
3167	10
3168	325
3169	5
3170	35
3171	9
3172	115
3173	6
3174	37
3175	4
3176	101
3177	8
3178	32
3179	11
3180	102
3181	3
3182	24
3183	6
3184	99
3185	14
3186	39
3187	8
3188	69
3189	7
3190	148
3191	6
3192	154
3193	5
3194	25
3195	8
3196	71
3197	4
3198	41
3199	6
3200	3915
3201	15
3202	58
3203	7
3204	166
3205	197
3206	35
3207	10
3208	153
3209	11
3210	616
3211	11
3212	123
3213	9
3214	45
3215	146
3216	226
3217	14
3218	44
3219	14
3220	639
3221	9
3222	46
3223	12
3224	152
3225	64
3226	31
3227	5
3228	133
3229	6
3230	308
3231	9
3232	163
3233	9
3234	49
3235	36
3236	69
3237	3
3238	39
3239	8
3240	668
3241	5
3242	51
3243	8
3244	77
3245	90
3246	35
3247	9
3248	106
3249	8
3250	144
3251	9
3252	96
3253	10
3254	44
3255	27
3256	123
3257	6
3258	42
3259	6
3260	360
3261	9
3262	41
3263	6
3264	171
3265	25
3266	32
3267	9
3268	96
3269	8
3270	98
3271	4
3272	100
3273	7
3274	33
3275	15
3276	156
3277	4
3278	32
3279	10
3280	295
3281	7
3282	36
3283	6
3284	66
3285	16
3286	36
3287	6
3288	143
3289	10
3290	106
3291	9
3292	77
3293	3
3294	32
3295	12
3296	127
3297	5
3298	44
3299	5
3300	617
3301	9
3302	44
3303	9
3304	74
3305	9
3306	23
3307	4
3308	65
3309	9
3310	58
3311	12
3312	168
3313	4
3314	23
3315	18
3316	53
3317	3
3318	34
3319	7
3320	244
3321	10
3322	48
3323	7
3324	85
3325	13
3326	24
3327	13
3328	137
3329	10
3330	74
3331	14
3332	76
3333	8
3334	28
3335	11
3336	134
3337	4
3338	24
3339	8
3340	89
3341	4
3342	42
3343	4
3344	119
3345	7
3346	28
3347	5
3348	69
3349	6
3350	46
3351	4
3352	63
3353	4
3354	44
3355	31
3356	55
3357	9
3358	21
3359	4
3360	326
3361	3
3362	39
3363	8
3364	65
3365	17
3366	31
3367	2
3368	82
3369	3
3370	48
3371	5
3372	86
3373	8
3374	30
3375	14
3376	65
3377	9
3378	27
3379	3
3380	116
3381	13
3382	17
3383	6
3384	117
3385	5
3386	27
3387	4
3388	90
3389	2
3390	36
3391	7
3392	71
3393	8
3394	20
3395	6
3396	84
3397	3
3398	21
3399	12
3400	125
3401	4
3402	44
3403	7
3404	63
3405	9
3406	30
3407	7
3408	170
3409	6
3410	101
3411	2
3412	55
3413	5
3414	31
3415	8
3416	73
3417	6
3418	23
3419	7
3420	100
3421	4
3422	26
3423	9
3424	84
3425	6
3426	34
3427	3
3428	61
3429	4
3430	34
3431	1
3432	164
3433	7
3434	18
3435	3
3436	49
3437	6
3438	28
3439	4
3440	126
3441	4
3442	29
3443	4
3444	77
3445	2
3446	33
3447	8
3448	62
3449	4
3450	35
3451	4
3452	49
3453	6
3454	35
3455	4
3456	138
3457	8
3458	29
3459	2
3460	53
3461	3
3462	27
3463	5
3464	67
3465	21
3466	18
3467	3
3468	79
3469	4
3470	21
3471	6
3472	85
3473	5
3474	24
3475	6
3476	56
3477	7
3478	26
3479	4
3480	125
3481	1
3482	17
3483	11
3484	58
3485	4
3486	27
3487	9
3488	61
3489	3
3490	29
3491	3
3492	67
3493	3
3494	28
3495	8
3496	64
3497	6
3498	44
3499	4
3500	65
3501	5
3502	16
3503	3
3504	124
3505	4
3506	18
3507	6
3508	51
3509	5
3510	39
3511	5
3512	63
3513	4
3514	24
3515	8
3516	70
3517	2
3518	22
3519	8
3520	756
3521	4
3522	30
3523	8
3524	48
3525	15
3526	29
3527	5
3528	121
3529	5
3530	51
3531	3
3532	40
3533	7
3534	17
3535	12
3536	72
3537	5
3538	22
3539	7
3540	103
3541	3
3542	57
3543	1
3544	37
3545	4
3546	23
3547	4
3548	66
3549	11
3550	24
3551	3
3552	121
3553	9
3554	13
3555	8
3556	38
3557	5
3558	23
3559	2
3560	87
3561	7
3562	32
3563	1
3564	91
3565	6
3566	20
3567	3
3568	64
3569	6
3570	38
3571	10
3572	44
3573	8
3574	20
3575	71
3576	86
3577	1
3578	21
3579	3
3580	45
3581	3
3582	30
3583	8
3584	76
3585	8
3586	31
3588	76
3589	4
3590	12
3591	3
3592	52
3593	2
3594	18
3595	5
3596	32
3597	5
3598	21
3599	6
3600	965
3601	6
3602	29
3603	4
3604	69
3605	47
3606	30
3607	4
3608	100
3609	6
3610	112
3611	2
3612	80
3613	4
3614	35
3615	26
3616	71
3617	1
3618	30
3619	11
3620	164
3621	11
3622	25
3623	2
3624	103
3625	11
3626	15
3627	6
3628	49
3629	1
3630	221
3631	4
3632	62
3633	8
3634	22
3635	12
3636	67
3637	5
3638	31
3639	3
3640	176
3641	6
3642	27
3643	8
3644	56
3645	16
3646	22
3647	3
3648	131
3649	4
3650	31
3651	7
3652	46
3653	12
3654	28
3655	10
3656	43
3657	5
3658	32
3659	3
3660	136
3661	1
3662	13
3663	6
3664	58
3665	9
3666	29
3667	7
3668	41
3669	6
3670	26
3671	3
3672	93
3673	2
3674	35
3675	5
3676	28
3677	9
3678	36
3679	6
3680	131
3681	9
3682	13
3683	3
3684	71
3685	34
3686	19
3687	3
3688	50
3689	2
3690	43
3691	5
3692	38
3693	9
3694	21
3695	8
3696	117
3697	6
3698	23
3699	6
3700	52
3701	3
3702	27
3704	64
3705	7
3706	20
3707	4
3708	63
3709	2
3710	26
3711	15
3712	63
3714	28
3715	4
3716	27
3717	7
3718	28
3719	6
3720	133
3721	4
3722	17
3723	5
3724	45
3725	9
3726	29
3727	8
3728	49
3729	13
3730	32
3731	4
3732	49
3733	5
3734	28
3735	5
3736	41
3737	3
3738	31
3739	1
3740	209
3741	6
3742	18
3743	4
3744	84
3745	7
3746	11
3747	5
3748	32
3749	3
3750	29
3751	2
3752	52
3753	7
3754	17
3755	10
3756	54
3757	4
3758	12
3759	2
3760	76
3761	8
3762	34
3763	10
3764	32
3765	3
3766	19
3767	6
3768	72
3769	4
3770	31
3771	6
3772	34
3773	5
3774	22
3775	4
3776	52
3777	4
3778	10
3779	9
3780	102
3781	7
3782	20
3783	10
3784	54
3785	5
3786	19
3787	2
3788	32
3789	3
3790	18
3791	2
3792	84
3793	1
3794	20
3795	41
3796	34
3797	2
3798	25
3799	2
3800	56
3801	9
3802	21
3803	8
3804	41
3805	4
3806	23
3807	3
3808	59
3809	4
3810	33
3811	3
3812	42
3813	9
3814	10
3815	7
3816	67
3817	11
3818	11
3819	1
3820	40
3821	1
3822	20
3823	4
3824	44
3825	4
3826	10
3827	3
3828	43
3829	5
3830	12
3831	5
3832	42
3834	21
3835	6
3836	40
3837	2
3838	11
3839	3
3840	305
3841	4
3842	14
3843	2
3844	29
3845	8
3846	25
3847	8
3848	55
3849	3
3850	101
3851	4
3852	37
3853	2
3854	16
3855	8
3856	41
3857	4
3858	12
3859	3
3860	47
3861	5
3862	18
3863	3
3864	87
3865	4
3866	13
3867	6
3868	35
3869	2
3870	42
3871	2
3872	54
3873	8
3874	15
3875	1
3876	51
3878	14
3879	6
3880	50
3881	1
3882	22
3883	6
3884	20
3885	4
3886	18
3887	5
3888	86
3890	25
3891	7
3892	36
3893	1
3894	23
3895	5
3896	36
3897	3
3898	21
3899	5
3900	67
3901	3
3902	19
3903	5
3904	61
3905	20
3906	35
3907	1
3908	31
3909	6
3910	15
3911	6
3912	64
3913	5
3914	11
3915	3
3916	44
3917	2
3918	23
3919	8
3920	51
3921	6
3922	17
3923	3
3924	41
3925	2
3926	19
3927	3
3928	46
3929	3
3930	26
3931	5
3932	27
3933	6
3934	16
3935	6
3936	70
3937	5
3938	24
3939	5
3940	31
3941	1
3942	32
3943	3
3944	42
3945	4
3946	16
3948	52
3949	2
3950	17
3951	2
3952	34
3953	3
3954	17
3955	8
3956	29
3957	6
3958	12
3959	1
3960	886
3961	2
3962	14
3963	3
3964	43
3965	13
3966	25
3967	4
3968	51
3970	37
3971	3
3972	48
3973	3
3974	17
3975	11
3976	47
3977	1
3978	13
3979	3
3980	56
3982	35
3983	5
3984	74
3985	2
3986	10
3987	2
3988	26
3989	4
3990	22
3991	4
3992	37
3993	4
3994	16
3995	4
3996	34
3997	3
3998	15
3999	3
4000	62
4001	2
4002	17
4003	4
4004	82
4005	5
4006	15
4007	3
4008	50
4009	4
4010	20
4011	4
4012	14
4013	1
4014	12
4015	64
4016	44
4017	7
4018	7
4019	3
4020	63
4022	14
4023	4
4024	24
4025	6
4026	33
4027	3
4028	18
4029	6
4030	18
4031	1
4032	69
4033	3
4034	3
4035	3
4036	20
4037	4
4038	18
4039	5
4040	36
4041	1
4042	14
4043	2
4044	45
4045	1
4046	12
4047	5
4048	73
4049	5
4050	19
4051	3
4052	26
4053	2
4054	13
4055	5
4056	46
4057	4
4058	8
4059	1
4060	30
4061	5
4062	13
4063	3
4064	32
4065	2
4066	5
4067	2
4068	22
4069	3
4070	131
4072	22
4074	12
4075	5
4076	30
4077	2
4078	11
4079	4
4080	91
4081	6
4082	17
4083	1
4084	15
4085	1
4086	17
4087	5
4088	32
4089	3
4090	12
4092	59
4093	1
4094	14
4095	6
4096	27
4098	9
4099	4
4100	24
4101	7
4102	10
4103	8
4104	45
4105	3
4106	10
4107	3
4108	25
4109	4
4110	22
4111	5
4112	23
4113	3
4114	21
4116	34
4118	14
4119	2
4120	34
4121	5
4122	15
4123	4
4124	20
4125	36
4126	14
4127	2
4128	42
4129	3
4130	13
4131	1
4132	25
4133	2
4134	12
4135	3
4136	57
4137	5
4138	11
4139	2
4140	43
4141	2
4142	14
4143	4
4144	21
4145	2
4146	14
4147	7
4148	17
4149	3
4150	16
4151	3
4152	45
4154	11
4155	3
4156	23
4157	4
4158	28
4159	4
4160	39
4161	4
4162	11
4163	2
4164	27
4165	1
4166	11
4167	3
4168	27
4169	8
4170	11
4171	2
4172	11
4173	2
4174	11
4175	3
4176	47
4177	4
4178	11
4179	2
4180	168
4181	4
4182	14
4184	22
4185	3
4186	15
4187	1
4188	26
4189	1
4190	9
4191	7
4192	18
4193	2
4194	15
4195	4
4196	26
4197	2
4198	11
4199	1
4200	71
4201	1
4202	16
4203	3
4204	26
4205	2
4206	12
4207	2
4208	24
4209	1
4210	11
4211	2
4212	29
4213	4
4214	7
4215	3
4216	22
4217	1
4218	12
4219	2
4220	20
4221	3
4222	4
4224	85
4225	4
4226	9
4227	3
4228	24
4229	2
4230	16
4231	1
4232	27
4233	4
4234	9
4235	24
4236	30
4237	1
4238	10
4239	4
4240	24
4241	2
4242	9
4243	2
4244	24
4246	20
4248	27
4249	1
4250	7
4251	2
4252	16
4253	4
4254	14
4256	29
4257	3
4258	6
4259	3
4260	35
4261	5
4262	10
4263	5
4264	18
4265	3
4266	9
4267	2
4268	46
4269	3
4270	10
4271	1
4272	42
4273	1
4274	10
4275	2
4276	21
4277	4
4278	8
4279	5
4280	25
4281	2
4282	11
4283	1
4284	35
4285	1
4286	7
4287	1
4288	11
4289	2
4290	82
4291	1
4292	16
4293	3
4294	9
4295	1
4296	31
4297	1
4298	7
4299	1
4300	17
4301	1
4302	9
4303	3
4304	20
4306	6
4307	1
4308	25
4309	1
4310	11
4311	1
4312	37
4313	1
4314	6
4315	3
4316	27
4317	5
4318	9
4320	406
4321	8
4322	13
4323	8
4324	25
4325	6
4326	10
4327	1
4328	32
4329	4
4330	34
4331	3
4332	29
4333	1
4334	19
4335	11
4336	39
4337	4
4338	13
4339	2
4340	54
4341	4
4342	15
4344	66
4345	15
4346	17
4347	4
4348	16
4349	1
4350	26
4351	1
4352	36
4353	2
4354	10
4355	4
4356	47
4357	1
4358	11
4359	1
4360	61
4361	1
4362	15
4363	2
4364	41
4365	3
4366	11
4367	2
4368	74
4369	3
4370	11
4371	2
4372	23
4373	2
4374	19
4375	8
4376	23
4377	1
4378	19
4380	56
4382	7
4383	2
4384	24
4385	4
4386	14
4387	4
4388	23
4389	8
4390	14
4392	52
4393	3
4394	3
4395	5
4396	26
4397	2
4398	18
4399	1
4400	1180
4401	4
4402	10
4403	2
4404	37
4405	9
4406	15
4407	3
4408	41
4409	2
4410	64
4411	3
4412	28
4413	3
4414	10
4415	4
4416	82
4417	1
4418	10
4419	8
4420	43
4421	2
4422	57
4423	2
4424	34
4425	4
4426	10
4428	39
4429	3
4430	15
4431	2
4432	33
4433	4
4434	15
4435	1
4436	26
4437	1
4438	9
4440	68
4441	1
4442	12
4443	1
4444	56
4445	2
4446	14
4447	2
4448	41
4449	7
4450	17
4451	3
4452	51
4453	7
4454	12
4455	65
4456	21
4457	3
4458	9
4459	3
4460	31
4461	3
4462	4
4463	4
4464	52
4465	3
4466	15
4467	4
4468	23
4469	2
4470	18
4472	21
4473	2
4474	22
4476	23
4477	5
4478	12
4479	5
4480	45
4481	1
4482	10
4483	7
4484	20
4485	1
4486	4
4487	4
4488	84
4489	1
4490	8
4491	1
4492	30
4494	8
4495	5
4496	44
4497	1
4498	9
4499	7
4500	42
4501	1
4502	6
4503	4
4504	19
4505	2
4506	11
4508	29
4509	7
4510	115
4511	1
4512	53
4513	2
4514	11
4515	6
4516	19
4517	2
4518	22
4519	5
4520	39
4521	2
4522	10
4523	2
4524	24
4525	3
4526	5
4527	2
4528	22
4529	2
4530	12
4531	1
4532	21
4533	3
4534	7
4535	5
4536	48
4537	2
4538	3
4539	1
4540	28
4542	12
4543	5
4544	21
4546	6
4547	3
4548	37
4549	4
4550	17
4551	2
4552	23
4553	1
4554	14
4555	3
4556	19
4557	1
4558	3
4559	2
4560	90
4562	7
4563	3
4564	26
4565	29
4566	11
4567	1
4568	20
4569	4
4570	7
4571	1
4572	29
4574	9
4575	3
4576	32
4578	11
4579	1
4580	20
4581	3
4582	4
4584	55
4585	1
4586	5
4587	1
4588	23
4589	4
4590	15
4591	2
4592	17
4593	1
4594	7
4596	32
4598	9
4599	1
4600	19
4601	2
4602	10
4603	1
4604	15
4605	1
4606	5
4607	2
4608	49
4609	6
4610	6
4611	1
4612	12
4614	7
4615	4
4616	14
4617	1
4618	10
4619	2
4620	174
4621	1
4622	9
4623	3
4624	30
4625	3
4626	13
4628	17
4630	7
4631	4
4632	20
4633	1
4634	5
4635	2
4636	14
4637	1
4638	13
4639	4
4640	32
4641	3
4642	11
4644	19
4645	4
4646	7
4647	5
4648	23
4649	2
4650	12
4651	2
4652	11
4653	3
4654	5
4655	3
4656	41
4658	14
4660	17
4661	3
4662	5
4663	4
4664	29
4666	10
4667	2
4668	20
4669	2
4670	8
4672	22
4673	1
4674	11
4675	20
4676	11
4677	3
4678	5
4679	1
4680	78
4681	3
4682	4
4683	1
4684	14
4685	3
4686	16
4688	21
4690	7
4692	23
4693	2
4694	13
4695	3
4696	19
4697	3
4698	8
4700	13
4701	1
4702	7
4703	1
4704	42
4705	2
4706	10
4708	20
4709	4
4710	13
4711	1
4712	20
4714	10
4715	3
4716	31
4718	11
4719	2
4720	19
4721	6
4722	5
4723	3
4724	10
4725	3
4726	8
4727	2
4728	40
4730	60
4731	3
4732	17
4734	12
4735	1
4736	29
4737	1
4738	6
4739	2
4740	23
4741	4
4742	7
4743	2
4744	16
4745	3
4746	11
4747	3
4748	14
4749	3
4750	10
4752	53
4753	1
4754	8
4756	19
4757	4
4758	13
4759	2
4760	18
4761	1
4762	7
4763	2
4764	25
4765	2
4766	9
4767	1
4768	24
4769	1
4770	7
4771	3
4772	15
4773	3
4774	13
4775	1
4776	32
4778	10
4779	3
4780	13
4781	1
4782	11
4783	2
4784	33
4785	10
4786	6
4787	1
4788	26
4789	1
4790	8
4791	2
4792	13
4793	1
4794	9
4795	3
4796	21
4797	6
4798	6
4800	1927
4801	3
4802	19
4804	54
4805	100
4806	22
4807	3
4808	56
4809	3
4810	277
4812	42
4814	15
4815	43
4816	36
4817	2
4818	20
4819	2
4820	272
4821	10
4822	10
4823	6
4824	66
4825	24
4826	18
4827	3
4828	31
4829	2
4830	149
4831	3
4832	29
4833	2
4834	8
4835	24
4836	34
4838	11
4839	1
4840	350
4841	2
4842	11
4843	3
4844	38
4845	25
4846	15
4847	1
4848	49
4849	3
4850	40
4851	3
4852	15
4854	9
4855	12
4856	27
4857	1
4858	8
4859	2
4860	144
4862	19
4863	2
4864	35
4865	8
4866	12
4867	2
4868	12
4869	5
4870	36
4872	37
4873	2
4874	13
4875	9
4876	17
4877	3
4878	19
4879	3
4880	95
4881	2
4882	13
4883	3
4884	29
4885	4
4886	14
4887	2
4888	34
4889	3
4890	58
4891	2
4892	21
4893	1
4894	5
4895	30
4896	42
4897	2
4898	9
4899	4
4900	54
4901	1
4902	7
4904	23
4905	4
4906	9
4907	2
4908	27
4909	1
4910	19
4912	28
4913	3
4914	13
4915	6
4916	16
4917	5
4918	6
4919	1
4920	120
4921	2
4922	7
4924	21
4925	6
4926	9
4927	3
4928	34
4929	2
4930	22
4931	1
4932	25
4933	1
4934	5
4935	12
4936	24
4938	10
4939	3
4940	44
4941	1
4942	8
4943	3
4944	45
4946	4
4947	1
4948	16
4949	1
4950	82
4951	3
4952	18
4953	5
4954	8
4956	23
4958	17
4959	4
4960	47
4961	5
4962	5
4963	2
4964	11
4965	4
4966	10
4967	2
4968	45
4969	2
4970	17
4972	15
4973	2
4974	7
4975	1
4976	18
4977	1
4978	3
4979	2
4980	64
4982	4
4983	2
4984	15
4985	4
4986	9
4987	1
4988	11
4989	3
4990	13
4991	1
4992	51
4993	2
4994	7
4995	2
4996	14
4998	10
4999	1
5000	42
5001	2
5002	10
5003	1
5004	15
5005	14
5006	3
5008	15
5010	20
5011	1
5012	13
5013	6
5014	8
5015	3
5016	33
5018	5
5019	4
5020	26
5021	3
5022	5
5023	1
5024	14
5025	2
5026	6
5027	2
5028	20
5029	1
5030	6
5031	2
5032	23
5033	1
5034	6
5036	8
5037	3
5038	8
5040	123
5041	1
5042	3
5043	1
5044	17
5045	3
5046	3
5047	2
5048	16
5049	1
5050	11
5051	1
5052	17
5053	1
5054	4
5055	6
5056	16
5057	3
5058	7
5059	1
5060	95
5061	3
5062	4
5064	32
5065	1
5066	5
5068	14
5069	2
5070	13
5071	1
5072	19
5074	1
5075	3
5076	19
5077	1
5078	6
5079	1
5080	24
5081	2
5082	16
5084	19
5085	3
5086	8
5087	3
5088	23
5090	7
5091	4
5092	9
5093	2
5094	5
5095	1
5096	20
5098	7
5100	26
5102	5
5103	4
5104	29
5105	2
5106	9
5107	2
5108	14
5109	2
5110	5
5112	37
5114	5
5115	13
5116	18
5117	1
5118	8
5120	33
5121	5
5122	9
5123	4
5124	28
5126	8
5127	4
5128	28
5130	10
5131	1
5132	16
5133	1
5134	5
5135	6
5136	28
5138	5
5139	2
5140	22
5142	10
5143	3
5144	15
5145	9
5146	4
5148	17
5149	1
5150	11
5151	4
5152	23
5154	6
5155	1
5156	9
5157	2
5158	5
5160	49
5161	1
5162	4
5163	1
5164	14
5166	10
5167	1
5168	21
5169	1
5170	25
5171	4
5172	19
5173	1
5174	5
5175	3
5176	14
5177	2
5178	9
5180	5
5181	5
5182	7
5183	4
5184	34
5186	2
5187	1
5188	15
5190	12
5191	1
5192	20
5194	5
5195	4
5196	8
5197	1
5198	4
5199	3
5200	38
5201	1
5202	5
5204	14
5205	2
5206	6
5207	2
5208	31
5209	1
5210	5
5211	1
5212	18
5214	8
5215	1
5216	25
5218	7
5220	18
5221	1
5222	4
5223	1
5224	13
5225	4
5226	4
5228	10
5229	1
5230	3
5232	21
5233	2
5234	4
5235	5
5236	13
5237	1
5238	7
5240	17
5241	5
5242	5
5243	2
5244	12
5246	5
5247	1
5248	16
5249	2
5250	6
5252	14
5254	8
5256	35
5257	3
5258	2
5260	11
5262	7
5263	1
5264	22
5265	2
5266	8
5268	11
5270	2
5272	12
5273	1
5274	7
5275	4
5276	10
5278	5
5279	2
5280	936
5281	1
5282	7
5283	2
5284	17
5285	6
5286	7
5287	2
5288	38
5289	3
5290	33
5292	22
5293	1
5294	3
5295	14
5296	16
5298	9
5299	1
5300	33
5301	1
5302	26
5303	1
5304	36
5305	4
5306	3
5308	16
5309	1
5310	16
5311	2
5312	17
5313	3
5314	4
5315	2
5316	20
5317	1
5318	5
5319	2
5320	27
5322	10
5323	2
5324	34
5325	4
5326	3
5327	1
5328	31
5329	2
5330	9
5332	10
5333	2
5334	11
5335	79
5336	14
5338	2
5339	3
5340	28
5341	1
5342	8
5343	2
5344	14
5345	2
5346	14
5347	2
5348	9
5350	2
5352	29
5353	3
5354	2
5355	3
5356	5
5357	7
5358	7
5359	3
5360	18
5361	2
5362	6
5364	15
5365	2
5366	1
5368	61
5370	9
5371	4
5372	10
5373	2
5374	2
5375	1
5376	36
5377	2
5378	9
5379	2
5380	6
5382	6
5383	1
5384	10
5386	5
5388	16
5390	123
5391	2
5392	12
5394	7
5396	10
5398	5
5400	101
5401	2
5402	5
5404	21
5405	10
5406	7
5408	12
5410	14
5411	1
5412	28
5414	4
5416	10
5417	1
5418	9
5419	1
5420	17
5422	3
5423	7
5424	22
5425	4
5426	2
5427	3
5428	6
5430	13
5431	1
5432	13
5433	1
5434	17
5435	2
5436	10
5437	1
5438	6
5439	3
5440	19
5442	4
5443	1
5444	5
5445	36
5446	1
5447	2
5448	31
5450	7
5451	2
5452	10
5453	1
5454	11
5455	2
5456	41
5457	1
5458	4
5459	2
5460	21
5461	2
5462	3
5464	16
5466	3
5467	5
5468	7
5469	1
5470	5
5471	1
5472	27
5473	1
5474	8
5475	1
5476	8
5478	9
5479	1
5480	21
5482	7
5484	13
5485	1
5486	5
5488	14
5490	5
5491	2
5492	14
5494	4
5495	2
5496	12
5497	1
5498	3
5499	1
5500	126
5501	1
5502	5
5504	15
5505	3
5506	4
5507	1
5508	16
5510	14
5511	3
5512	16
5513	1
5514	6
5515	1
5516	3
5517	1
5518	4
5519	1
5520	43
5522	10
5523	2
5524	11
5525	3
5526	6
5528	15
5529	2
5530	5
5532	18
5533	1
5534	6
5535	3
5536	5
5537	2
5538	5
5540	9
5541	2
5542	8
5543	2
5544	48
5546	1
5547	4
5548	7
5549	1
5550	4
5552	19
5553	5
5554	3
5555	11
5556	11
5558	5
5559	1
5560	22
5561	1
5562	7
5564	8
5565	2
5566	5
5567	1
5568	24
5569	1
5570	4
5571	1
5572	2
5573	1
5574	3
5575	1
5576	7
5577	3
5578	2
5579	1
5580	13
5581	2
5582	5
5584	7
5586	4
5588	16
5590	6
5591	1
5592	18
5593	1
5594	2
5595	2
5596	11
5598	9
5599	1
5600	15
5601	2
5602	1
5604	17
5605	1
5606	4
5607	3
5608	15
5609	1
5610	58
5611	3
5612	9
5613	1
5614	1
5615	1
5616	21
5618	8
5619	1
5620	5
5621	2
5622	10
5623	2
5624	9
5625	3
5626	2
5628	10
5630	5
5631	2
5632	22
5634	6
5636	6
5637	1
5638	7
5640	18
5641	3
5642	5
5644	10
5645	2
5646	6
5647	1
5648	11
5650	3
5652	21
5654	12
5655	2
5656	8
5657	1
5658	5
5660	7
5661	1
5662	2
5664	16
5665	7
5666	2
5667	1
5668	8
5670	9
5671	1
5672	10
5674	2
5676	16
5678	5
5680	14
5682	2
5684	4
5685	4
5686	8
5687	2
5688	15
5689	1
5690	1
5691	1
5692	9
5694	6
5695	4
5696	10
5697	1
5698	6
5699	2
5700	14
5701	2
5702	3
5703	1
5704	10
5705	2
5706	1
5707	2
5708	6
5709	1
5710	4
5712	23
5713	3
5714	9
5716	9
5717	3
5718	5
5719	2
5720	97
5722	1
5724	8
5725	1
5727	1
5728	10
5730	7
5731	1
5732	5
5733	1
5734	3
5735	3
5736	13
5737	1
5739	1
5740	6
5742	7
5743	2
5744	8
5745	2
5746	2
5748	8
5750	5
5751	2
5752	14
5754	3
5756	4
5757	1
5758	5
5760	244
5761	2
5762	2
5764	9
5765	1
5766	5
5768	22
5769	2
5770	6
5771	1
5772	13
5773	1
5774	3
5775	15
5776	24
5778	4
5779	1
5780	17
5781	2
5782	7
5784	38
5785	1
5786	8
5787	2
5788	12
5790	7
5791	1
5792	13
5793	2
5794	8
5796	19
5798	3
5800	22
5801	1
5802	7
5804	13
5805	1
5806	5
5807	1
5808	28
5810	4
5812	16
5813	1
5814	1
5816	15
5818	5
5819	2
5820	27
5822	7
5823	1
5824	8
5825	1
5826	7
5827	1
5828	13
5829	2
5830	30
5831	1
5832	21
5833	1
5835	1
5836	12
5837	1
5838	10
5839	1
5840	16
5841	3
5842	5
5843	1
5844	19
5845	1
5846	4
5847	1
5848	19
5849	1
5850	7
5852	14
5853	3
5854	3
5855	1
5856	38
5858	5
5860	11
5861	1
5862	3
5864	13
5866	4
5867	1
5868	13
5869	1
5870	7
5871	1
5872	17
5874	3
5876	8
5878	2
5880	45
5881	1
5882	5
5883	1
5884	5
5885	4
5886	4
5887	1
5888	11
5889	2
5890	1
5892	17
5894	5
5896	23
5898	5
5899	2
5900	4
5902	4
5903	1
5904	32
5905	1
5906	2
5907	2
5908	9
5910	6
5912	8
5913	1
5914	4
5915	1
5916	19
5917	1
5918	4
5920	13
5921	1
5922	6
5924	7
5925	4
5926	2
5928	18
5930	4
5931	1
5932	12
5934	5
5936	19
5937	1
5938	2
5940	169
5941	1
5942	4
5943	2
5944	9
5945	1
5946	1
5948	11
5950	2
5952	31
5953	1
5954	1
5955	1
5956	7
5957	4
5958	6
5960	12
5961	2
5962	9
5963	1
5964	9
5966	4
5968	13
5969	1
5970	4
5972	8
5973	1
5976	12
5978	2
5979	1
5980	20
5981	1
5982	4
5984	10
5985	1
5986	3
5988	15
5989	1
5990	2
5991	1
5992	10
5993	1
5994	5
5995	10
5996	4
5997	1
6000	29
6002	3
6003	1
6004	7
6006	4
6008	10
6010	4
6011	1
6012	11
6013	1
6014	3
6015	2
6016	8
6017	2
6018	2
6019	1
6020	11
6022	6
6023	1
6024	23
6026	1
6028	10
6029	1
6030	5
6032	7
6033	1
6036	16
6038	2
6039	4
6040	14
6041	1
6042	1
6044	6
6046	3
6048	22
6050	30
6052	6
6054	4
6055	1
6056	7
6058	3
6060	10
6062	2
6063	3
6064	15
6066	5
6068	7
6069	1
6070	2
6071	2
6072	19
6073	1
6074	1
6076	11
6077	2
6078	2
6079	1
6080	14
6082	4
6084	7
6086	4
6087	1
6088	7
6089	2
6090	6
6092	2
6094	4
6096	17
6098	1
6100	6
6101	3
6102	5
6103	1
6104	5
6105	6
6106	4
6108	5
6110	2
6111	2
6112	10
6114	5
6116	11
6118	3
6120	23
6122	1
6124	7
6125	1
6126	3
6128	7
6130	2
6131	1
6132	8
6133	1
6134	7
6136	7
6138	6
6140	3
6144	16
6146	6
6147	1
6148	4
6149	1
6150	7
6152	4
6153	2
6154	3
6155	1
6156	13
6157	3
6158	1
6160	42
6162	2
6163	1
6164	6
6168	12
6170	2
6172	8
6173	1
6174	1
6175	2
6176	4
6178	4
6180	8
6181	1
6182	3
6183	1
6184	5
6186	4
6188	1
6189	2
6190	1
6192	13
6194	5
6195	3
6196	6
6198	2
6200	14
6202	3
6204	12
6206	3
6208	6
6209	1
6210	4
6211	1
6212	7
6214	2
6215	6
6216	11
6218	3
6220	2
6222	4
6223	2
6224	6
6226	3
6228	8
6230	1
6231	1
6232	6
6233	2
6234	4
6235	1
6236	4
6238	2
6240	44
6244	4
6245	1
6246	4
6247	1
6248	14
6249	1
6252	10
6254	1
6256	7
6258	2
6260	5
6261	3
6262	4
6264	12
6266	6
6268	4
6270	22
6272	6
6274	1
6276	8
6277	1
6278	2
6280	10
6282	5
6284	4
6285	2
6288	15
6289	2
6290	1
6292	17
6296	8
6298	2
6299	1
6300	9
6301	1
6302	2
6303	1
6304	11
6306	2
6308	3
6310	1
6311	1
6312	11
6314	5
6316	5
6318	7
6320	3
6322	4
6323	1
6324	9
6325	3
6326	4
6328	11
6330	2
6331	1
6332	4
6336	23
6337	1
6338	2
6339	2
6340	3
6342	2
6344	17
6346	4
6348	6
6349	1
6350	3
6352	6
6354	4
6356	4
6357	1
6358	2
6360	16
6362	3
6363	1
6364	5
6366	1
6367	1
6368	6
6369	1
6370	5
6372	6
6373	3
6374	1
6375	1
6376	7
6377	1
6378	5
6380	24
6382	3
6383	1
6384	24
6385	1
6386	1
6388	2
6389	2
6390	2
6391	1
6392	6
6394	1
6396	7
6397	2
6398	1
6400	477
6401	1
6402	7
6404	12
6405	11
6406	4
6407	1
6408	23
6410	61
6412	8
6414	5
6415	19
6416	11
6418	7
6419	1
6420	77
6422	9
6423	1
6424	8
6425	1
6426	2
6427	1
6428	9
6429	1
6430	37
6432	19
6434	2
6435	7
6436	7
6438	4
6440	57
6442	1
6444	4
6445	6
6446	3
6447	3
6448	16
6450	4
6452	6
6454	3
6455	1
6456	7
6458	3
6459	2
6460	44
6462	5
6464	9
6465	1
6466	3
6468	11
6470	7
6472	10
6474	4
6475	1
6476	5
6477	1
6480	82
6481	3
6482	1
6483	2
6484	3
6485	2
6486	7
6488	7
6489	1
6490	15
6492	5
6493	1
6495	2
6496	10
6498	5
6500	24
6501	1
6502	3
6503	1
6504	12
6508	2
6510	12
6512	11
6514	4
6515	1
6516	8
6518	1
6519	1
6520	30
6524	6
6525	5
6526	6
6527	1
6528	25
6530	6
6532	5
6534	6
6535	4
6536	5
6539	1
6540	14
6542	2
6544	6
6545	1
6546	1
6547	1
6548	5
6550	4
6552	15
6553	1
6554	2
6555	1
6556	8
6557	1
6558	1
6559	1
6560	13
6561	2
6562	3
6563	1
6564	8
6565	1
6566	1
6568	7
6570	4
6572	6
6573	2
6574	5
6575	2
6576	13
6577	1
6578	4
6579	3
6580	19
6582	4
6584	6
6585	1
6586	2
6587	1
6588	6
6590	4
6591	1
6592	7
6593	1
6594	4
6595	1
6596	4
6598	1
6599	1
6600	301
6602	1
6604	7
6605	4
6606	2
6607	2
6608	3
6609	2
6610	10
6611	1
6612	9
6613	1
6614	1
6615	1
6616	9
6617	1
6618	2
6620	7
6622	12
6624	10
6626	1
6627	2
6628	6
6630	6
6632	8
6633	2
6634	1
6636	13
6638	3
6640	27
6641	1
6642	2
6643	1
6644	17
6646	1
6647	1
6648	10
6650	2
6652	4
6653	2
6654	1
6655	13
6656	11
6659	1
6660	15
6662	3
6664	4
6665	1
6666	4
6668	6
6669	2
6670	1
6672	10
6676	7
6677	1
6678	2
6680	14
6682	2
6684	4
6685	1
6686	3
6688	11
6690	4
6692	1
6694	3
6695	1
6696	8
6698	3
6700	5
6702	1
6704	1
6705	1
6706	3
6707	1
6708	7
6710	26
6712	6
6713	1
6716	4
6720	23
6722	1
6724	3
6726	2
6728	3
6729	1
6730	3
6731	1
6732	8
6734	1
6736	6
6737	1
6738	7
6740	7
6742	1
6743	2
6744	10
6746	3
6747	1
6748	5
6749	1
6752	5
6754	4
6756	4
6758	2
6759	3
6760	14
6762	3
6763	2
6764	2
6765	3
6766	4
6768	13
6769	1
6770	1
6772	5
6774	1
6775	1
6776	9
6777	1
6778	1
6780	10
6782	3
6784	6
6786	2
6787	1
6788	3
6789	2
6790	2
6791	1
6792	8
6793	1
6796	2
6797	1
6798	6
6800	12
6802	2
6804	7
6806	3
6807	2
6808	11
6809	1
6810	4
6812	3
6813	1
6814	3
6815	1
6816	17
6818	4
6819	1
6820	42
6821	1
6822	1
6824	7
6825	1
6826	2
6828	5
6830	4
6832	5
6834	3
6835	1
6836	6
6838	1
6840	11
6842	2
6843	1
6844	7
6845	1
6846	5
6848	7
6850	1
6852	2
6854	3
6855	1
6856	3
6858	3
6859	2
6860	11
6861	1
6862	1
6864	9
6866	1
6868	3
6869	1
6870	2
6871	1
6872	7
6874	2
6875	3
6876	7
6878	4
6879	1
6880	6
6881	2
6882	4
6883	1
6884	2
6885	1
6886	2
6888	8
6892	3
6893	1
6894	2
6896	6
6898	2
6899	1
6900	1
6902	3
6904	2
6906	4
6908	4
6909	3
6910	2
6911	1
6912	9
6914	4
6916	4
6918	1
6919	2
6920	7
6922	2
6924	7
6925	1
6926	2
6928	10
6930	16
6931	1
6932	5
6934	2
6935	2
6936	10
6937	1
6938	1
6940	3
6942	5
6943	1
6944	12
6948	6
6950	3
6951	1
6952	2
6954	3
6955	1
6956	5
6958	2
6959	1
6960	13
6963	2
6964	5
6967	2
6968	5
6970	2
6972	5
6973	1
6974	2
6975	1
6976	6
6978	1
6980	9
6981	1
6982	3
6984	9
6986	1
6987	1
6988	5
6990	2
6991	1
6992	1
6993	2
6994	3
6996	4
6999	1
7000	7
7002	1
7004	2
7005	1
7006	2
7008	10
7010	1
7012	4
7014	4
7018	1
7019	1
7020	10
7022	1
7023	1
7024	3
7026	3
7027	1
7028	5
7029	3
7030	1
7031	1
7032	8
7034	3
7035	1
7036	3
7038	2
7039	1
7040	89
7041	2
7042	1
7044	5
7046	1
7048	7
7049	1
7050	5
7051	2
7052	8
7054	1
7055	6
7056	9
7058	1
7060	1
7062	2
7064	6
7066	1
7068	7
7070	2
7071	1
7072	3
7074	4
7078	3
7079	1
7080	8
7081	1
7082	2
7084	7
7086	3
7088	4
7089	4
7091	2
7092	6
7093	1
7094	2
7095	9
7096	1
7097	1
7098	1
7099	1
7100	6
7101	1
7102	2
7104	11
7106	2
7108	2
7109	1
7110	2
7112	1
7114	1
7115	1
7116	4
7117	1
7118	2
7120	3
7122	2
7123	1
7124	1
7126	1
7128	16
7130	1
7132	4
7133	1
7136	2
7139	1
7140	7
7141	2
7142	2
7144	4
7148	1
7150	19
7152	9
7156	1
7158	4
7160	3
7162	2
7163	1
7164	3
7166	3
7167	1
7168	3
7172	1
7174	3
7176	10
7180	6
7182	2
7183	1
7188	6
7192	3
7194	3
7196	4
7198	2
7199	1
7200	346
7201	1
7202	3
7204	12
7205	14
7206	7
7208	12
7209	1
7210	41
7212	8
7214	2
7215	16
7216	9
7218	4
7220	55
7222	2
7224	12
7225	6
7227	1
7228	3
7230	24
7232	3
7234	1
7235	3
7236	5
7240	32
7241	1
7242	2
7244	4
7245	3
7246	3
7248	14
7250	11
7251	1
7252	4
7255	3
7256	5
7260	58
7261	2
7262	2
7264	4
7265	5
7266	5
7267	1
7268	5
7269	1
7270	4
7272	10
7273	1
7274	1
7275	3
7276	5
7278	2
7280	27
7281	1
7282	6
7284	8
7285	1
7286	1
7288	8
7290	14
7291	1
7292	3
7294	2
7296	10
7297	1
7299	1
7300	7
7302	3
7304	6
7306	2
7308	7
7310	3
7312	5
7314	2
7315	4
7316	4
7318	2
7319	2
7320	18
7322	5
7324	3
7326	3
7328	2
7330	7
7332	9
7334	5
7335	2
7336	3
7338	2
7340	3
7341	1
7342	1
7344	9
7345	1
7348	7
7349	1
7350	1
7352	4
7354	2
7356	2
7358	3
7360	10
7362	1
7364	2
7365	2
7368	3
7369	1
7370	12
7372	6
7373	1
7374	2
7375	1
7376	5
7380	7
7382	2
7383	1
7384	3
7385	1
7386	1
7388	1
7389	2
7390	3
7392	5
7393	1
7394	2
7396	2
7398	1
7400	8
7404	2
7405	1
7406	3
7407	1
7408	3
7410	2
7412	5
7414	3
7416	6
7417	1
7420	7
7422	1
7423	1
7424	5
7426	1
7428	5
7432	4
7434	3
7435	1
7438	1
7440	19
7442	1
7444	1
7445	2
7446	2
7450	3
7452	1
7453	1
7454	2
7456	5
7457	1
7460	1
7463	1
7464	4
7466	2
7467	1
7468	1
7469	1
7470	1
7472	1
7474	1
7476	4
7479	1
7480	29
7484	3
7487	1
7488	7
7489	1
7490	4
7491	1
7492	1
7494	1
7495	1
7496	1
7498	4
7500	5
7504	1
7505	1
7506	2
7507	1
7508	2
7510	2
7511	1
7512	4
7513	1
7514	2
7516	3
7518	4
7519	1
7520	2
7524	4
7530	4
7532	2
7534	2
7536	3
7538	1
7540	7
7542	3
7543	1
7544	1
7545	1
7546	1
7548	3
7549	1
7550	1
7552	2
7553	1
7554	5
7555	1
7560	20
7564	4
7568	2
7570	1
7572	3
7574	1
7575	1
7576	2
7577	1
7578	2
7580	2
7584	4
7586	1
7588	2
7589	1
7590	5
7592	3
7594	4
7596	2
7597	1
7598	2
7600	2
7602	3
7604	3
7605	2
7606	3
7608	4
7610	1
7612	3
7614	4
7615	2
7616	5
7620	1
7622	2
7623	1
7627	1
7628	4
7630	3
7632	6
7633	1
7634	2
7636	5
7638	3
7639	1
7640	5
7642	1
7643	1
7644	6
7648	1
7650	1
7652	1
7654	1
7656	6
7658	1
7660	2
7662	3
7664	2
7665	2
7666	2
7668	2
7670	2
7671	1
7672	3
7674	1
7676	1
7680	25
7682	1
7684	2
7686	2
7688	1
7690	3
7692	3
7694	1
7696	5
7698	1
7700	13
7701	2
7702	2
7704	3
7707	1
7708	4
7713	1
7716	2
7718	1
7720	2
7722	3
7723	1
7724	2
7726	1
7727	1
7728	7
7730	1
7732	1
7734	1
7740	2
7742	1
7744	2
7746	4
7750	2
7752	5
7754	1
7755	3
7756	1
7757	1
7758	2
7759	1
7760	1
7764	4
7766	1
7767	1
7768	4
7770	2
7772	2
7776	11
7780	2
7782	2
7784	2
7788	4
7791	3
7794	2
7796	2
7797	1
7798	3
7800	9
7803	1
7804	2
7808	1
7810	6
7812	6
7815	1
7816	3
7819	1
7820	1
7822	1
7823	1
7824	5
7828	2
7830	1
7832	1
7834	2
7836	2
7840	3
7842	3
7844	1
7848	5
7849	1
7851	1
7852	1
7853	2
7856	2
7859	1
7860	1
7863	1
7864	1
7865	2
7868	1
7870	1
7872	3
7874	1
7877	1
7878	1
7880	3
7881	1
7882	1
7884	5
7888	2
7890	1
7892	1
7894	2
7896	4
7899	2
7900	2
7903	2
7904	2
7907	1
7908	1
7909	1
7910	2
7911	1
7912	5
7916	2
7919	1
7920	295
7924	2
7925	5
7926	1
7928	4
7929	1
7930	15
7931	1
7932	6
7933	1
7935	3
7936	3
7940	12
7942	5
7944	2
7945	1
7946	2
7948	3
7950	6
7951	1
7952	2
7956	6
7958	2
7960	8
7962	1
7964	9
7966	1
7968	6
7970	1
7972	2
7974	1
7975	17
7976	2
7978	1
7980	8
7984	3
7986	1
7988	2
7990	2
7992	1
7994	1
7995	1
7996	3
7997	5
7998	1
8000	6
8001	2
8002	3
8004	1
8005	1
8006	2
8008	11
8010	3
8011	2
8012	1
8013	1
8014	2
8016	4
8020	2
8026	1
8028	4
8030	40
8032	2
8036	1
8038	1
8040	8
8041	1
8042	2
8044	3
8045	1
8046	1
8048	3
8050	2
8052	7
8054	2
8056	2
8060	4
8062	1
8064	3
8065	1
8068	2
8069	1
8070	2
8071	1
8072	3
8074	4
8076	1
8078	2
8079	1
8080	4
8084	1
8085	12
8086	1
8088	5
8089	2
8090	1
8094	2
8096	5
8098	1
8100	3
8104	1
8106	1
8112	1
8114	1
8118	1
8120	2
8122	3
8124	3
8125	1
8127	1
8128	1
8132	1
8136	3
8138	2
8140	23
8142	3
8144	1
8148	2
8149	1
8150	1
8152	1
8154	1
8155	1
8157	1
8158	1
8159	1
8160	11
8162	3
8165	1
8167	1
8170	2
8172	3
8173	1
8175	1
8178	1
8180	4
8184	6
8188	5
8189	1
8190	3
8192	3
8195	2
8196	3
8199	2
8200	2
8204	1
8206	3
8208	5
8210	1
8211	1
8212	1
8216	3
8218	1
8220	1
8224	1
8226	2
8228	3
8230	1
8231	1
8232	3
8233	1
8236	3
8239	1
8240	2
8242	1
8243	1
8250	13
8252	2
8256	3
8258	1
8260	3
8264	1
8265	1
8267	1
8268	4
8270	2
8271	1
8272	5
8274	1
8276	2
8280	5
8282	2
8283	1
8288	3
8289	1
8290	1
8294	5
8296	2
8300	1
8303	1
8304	1
8305	5
8306	1
8308	2
8309	1
8310	1
8312	1
8316	8
8318	1
8320	4
8321	1
8322	1
8323	1
8328	4
8330	1
8334	2
8336	3
8340	3
8343	1
8344	1
8346	1
8348	3
8349	1
8352	3
8354	1
8358	4
8360	33
8364	2
8367	1
8368	1
8370	3
8372	2
8373	1
8374	1
8375	2
8376	6
8378	1
8382	1
8384	1
8385	1
8386	1
8388	5
8392	1
8393	1
8394	1
8396	1
8400	18
8402	1
8403	1
8404	4
8406	1
8408	2
8411	1
8412	4
8413	1
8415	2
8418	2
8420	1
8422	2
8424	6
8426	2
8428	2
8433	1
8436	2
8440	3
8442	1
8444	2
8448	9
8450	1
8452	2
8456	1
8460	2
8464	1
8465	1
8468	1
8469	1
8470	7
8472	5
8475	1
8476	2
8480	1
8484	3
8488	1
8490	1
8496	2
8497	1
8498	2
8500	5
8504	1
8506	2
8508	2
8511	1
8512	2
8514	2
8516	1
8520	4
8521	1
8524	1
8530	1
8534	2
8536	3
8544	4
8550	1
8552	2
8553	1
8554	1
8555	1
8556	1
8558	1
8560	2
8562	2
8563	1
8566	1
8568	4
8574	1
8576	3
8580	18
8582	1
8584	2
8585	1
8586	1
8588	1
8590	2
8592	4
8594	1
8596	3
8598	1
8600	1
8602	1
8604	2
8605	1
8608	1
8610	2
8616	3
8620	1
8624	3
8626	1
8628	2
8632	1
8635	4
8640	65
8642	1
8644	3
8648	7
8650	2
8652	3
8654	1
8656	6
8660	6
8662	1
8664	6
8667	1
8668	2
8670	3
8673	1
8674	3
8677	1
8679	1
8680	3
8682	2
8688	10
8690	9
8692	2
8694	1
8696	2
8697	1
8698	1
8700	5
8702	1
8704	2
8705	1
8706	3
8708	1
8709	1
8710	1
8712	3
8714	2
8716	2
8718	2
8724	4
8726	1
8727	1
8728	2
8732	1
8734	1
8736	12
8740	3
8745	2
8746	1
8748	3
8750	2
8752	5
8756	3
8758	2
8760	10
8762	1
8764	1
8766	3
8769	1
8770	1
8772	1
8773	1
8774	1
8777	1
8778	1
8780	2
8784	4
8785	1
8786	1
8788	3
8790	2
8794	1
8796	3
8798	1
8799	1
8800	540
8802	4
8804	5
8805	2
8807	1
8808	5
8809	2
8810	14
8811	1
8812	2
8814	3
8815	1
8816	4
8819	1
8820	15
8821	1
8822	15
8824	5
8825	1
8826	2
8828	1
8830	1
8832	7
8838	1
8840	10
8842	1
8844	18
8845	1
8848	4
8849	2
8850	2
8851	1
8852	3
8853	1
8855	36
8856	2
8857	1
8860	3
8862	1
8864	6
8865	2
8866	1
8868	2
8872	4
8874	1
8875	2
8876	3
8877	4
8879	2
8880	8
8882	5
8884	2
8888	8
8889	1
8892	2
8896	4
8899	1
8900	3
8902	1
8904	6
8905	1
8908	4
8910	71
8912	3
8914	1
8915	2
8920	12
8922	5
8924	2
8926	1
8928	6
8930	1
8932	3
8934	1
8935	1
8938	1
8940	3
8942	1
8944	2
8950	2
8951	1
8952	3
8954	1
8956	3
8960	2
8962	2
8964	2
8965	21
8967	1
8968	1
8970	2
8972	2
8976	8
8980	2
8981	1
8984	2
8988	2
8992	5
8994	1
8996	2
8998	1
9000	9
9002	1
9004	1
9008	3
9012	2
9016	3
9019	1
9020	56
9023	1
9024	5
9025	1
9030	1
9032	1
9036	4
9040	5
9042	2
9044	1
9048	4
9050	1
9052	1
9054	1
9056	5
9057	1
9058	3
9060	6
9062	1
9064	3
9070	2
9072	2
9073	1
9075	11
9076	1
9078	1
9080	1
9082	1
9084	1
9086	3
9088	2
9090	1
9092	1
9096	3
9100	1
9102	1
9104	1
9106	1
9108	5
9116	1
9118	1
9119	1
9120	5
9124	1
9128	1
9130	27
9131	1
9132	2
9133	1
9136	1
9140	1
9143	1
9144	4
9145	1
9148	1
9152	1
9155	1
9156	1
9160	2
9164	2
9165	1
9168	3
9170	2
9174	1
9176	2
9180	1
9185	3
9188	1
9192	3
9195	1
9196	3
9200	3
9202	1
9206	1
9208	1
9210	1
9216	5
9217	1
9218	1
9220	1
9224	2
9228	3
9229	1
9230	1
9232	3
9236	1
9240	49
9242	1
9245	1
9248	1
9250	3
9256	1
9260	1
9262	1
9264	4
9268	1
9272	1
9276	1
9278	1
9280	1
9282	1
9284	3
9286	1
9288	2
9290	1
9293	1
9295	6
9296	1
9300	3
9303	2
9304	1
9305	1
9306	2
9315	1
9316	1
9320	3
9322	1
9326	1
9328	4
9332	1
9340	1
9344	3
9350	21
9354	1
9360	8
9361	1
9364	2
9372	2
9384	6
9388	2
9390	2
9392	4
9394	1
9396	1
9400	2
9402	1
9405	1
9408	8
9412	1
9416	1
9422	2
9426	1
9427	1
9430	1
9432	3
9435	1
9436	1
9438	1
9440	2
9442	1
9444	1
9446	1
9450	1
9453	1
9458	1
9460	32
9464	6
9466	1
9468	1
9470	1
9472	2
9473	1
9476	1
9477	1
9480	5
9482	2
9484	1
9492	1
9496	3
9500	3
9504	6
9508	2
9510	2
9512	2
9514	1
9515	3
9518	1
9520	2
9522	2
9527	1
9528	2
9535	1
9536	3
9538	1
9540	1
9542	1
9548	2
9552	10
9555	1
9556	2
9559	1
9560	1
9564	3
9565	2
9566	1
9568	3
9570	9
9576	3
9579	1
9580	5
9585	1
9592	2
9594	3
9596	2
9600	335
9602	3
9603	1
9604	7
9605	6
9606	3
9608	8
9610	35
9612	3
9614	2
9615	11
9616	5
9618	2
9619	1
9620	36
9624	15
9625	2
9626	2
9628	3
9629	1
9630	24
9632	6
9634	2
9636	1
9639	1
9640	33
9644	4
9645	2
9646	1
9648	13
9649	2
9650	6
9653	1
9656	1
9660	30
9665	2
9666	2
9668	1
9670	2
9672	4
9675	1
9677	1
9678	1
9680	31
9684	2
9688	2
9689	1
9690	3
9692	1
9694	3
9695	1
9696	9
9700	10
9702	2
9704	1
9705	2
9708	4
9710	4
9711	1
9712	5
9714	2
9716	1
9720	27
9721	1
9722	1
9724	4
9730	2
9732	1
9733	1
9735	7
9736	1
9738	1
9740	3
9743	1
9744	2
9746	1
9748	1
9750	2
9752	1
9753	1
9755	1
9756	1
9760	4
9761	1
9762	1
9764	3
9765	2
9768	2
9770	1
9772	3
9774	1
9778	1
9780	8
9781	1
9784	1
9786	1
9790	7
9792	5
9798	1
9800	6
9802	1
9804	2
9806	1
9808	1
9810	1
9811	1
9816	3
9818	1
9820	3
9823	1
9828	4
9831	2
9832	4
9836	1
9838	1
9840	10
9844	3
9845	1
9848	1
9850	1
9854	1
9855	1
9860	1
9864	2
9865	1
9868	2
9870	1
9872	2
9874	1
9880	4
9882	1
9885	1
9888	1
9896	2
9899	1
9900	35
9904	1
9906	1
9908	2
9910	3
9912	2
9915	1
9916	1
9920	3
9921	1
9924	1
9930	2
9932	2
9936	4
9940	4
9944	2
9946	1
9950	1
9954	1
9955	2
9956	1
9958	1
9960	12
9961	1
9962	2
9964	1
9968	1
9970	1
9972	1
9975	1
9978	2
9980	3
9982	1
9984	4
9988	1
10008	2
10010	9
10016	1
10020	1
10024	1
10028	1
10032	3
10038	1
10048	1
10050	1
10052	1
10056	1
10060	2
10061	2
10064	2
10065	2
10076	1
10080	12
10082	1
10088	2
10090	1
10092	2
10096	3
10100	1
10104	4
10116	3
10117	1
10120	19
10124	3
10137	1
10140	5
10142	1
10144	2
10150	1
10152	3
10156	1
10158	1
10160	3
10164	3
10168	1
10172	1
10176	3
10178	2
10186	1
10188	1
10192	1
10196	1
10198	1
10200	5
10204	1
10206	2
10207	1
10208	2
10212	1
10216	1
10217	1
10223	2
10224	4
10226	1
10230	4
10234	1
10239	1
10248	2
10252	2
10254	1
10256	1
10260	2
10263	1
10267	1
10272	3
10276	2
10280	2
10284	3
10290	2
10293	1
10296	2
10298	1
10300	1
10304	2
10305	1
10308	1
10310	1
10312	2
10316	2
10318	1
10320	6
10324	1
10328	1
10329	1
10330	2
10332	2
10336	3
10340	4
10344	3
10347	1
10352	1
10356	2
10360	2
10364	1
10365	1
10366	1
10368	6
10372	1
10374	1
10380	3
10384	1
10392	2
10393	1
10395	1
10400	6
10404	2
10408	1
10411	1
10412	1
10413	1
10416	4
10417	1
10424	2
10426	1
10428	3
10430	1
10436	2
10440	1
10448	1
10450	4
10452	1
10456	1
10460	1
10464	3
10466	1
10468	1
10472	1
10476	1
10482	1
10486	1
10494	1
10500	3
10504	1
10505	1
10506	1
10508	1
10511	1
10512	3
10514	2
10518	1
10520	2
10536	1
10540	1
10544	4
10548	1
10554	1
10560	136
10561	1
10564	1
10565	1
10566	1
10568	2
10569	1
10570	7
10572	1
10574	1
10575	1
10576	2
10579	1
10580	1
10582	1
10583	1
10584	1
10590	1
10592	2
10594	1
10596	1
10599	1
10600	2
10602	1
10604	11
10606	1
10608	1
10612	1
10615	8
10616	1
10620	2
10624	1
10625	1
10626	1
10638	1
10640	1
10642	1
10645	1
10646	1
10648	8
10656	1
10658	1
10660	2
10664	1
10665	1
10668	2
10670	17
10680	5
10684	1
10688	1
10690	1
10692	2
10696	1
10703	2
10704	1
10705	1
10710	1
10712	1
10714	3
10716	2
10719	1
10720	1
10722	1
10724	1
10725	9
10728	2
10730	1
10736	3
10741	1
10748	3
10752	1
10755	1
10756	1
10764	2
10767	1
10768	1
10769	1
10776	1
10780	16
10784	1
10786	1
10790	1
10800	30
10802	1
10803	2
10805	1
10806	2
10808	1
10810	3
10812	2
10813	1
10815	1
10816	1
10818	1
10820	5
10824	7
10825	1
10828	1
10830	4
10835	2
10836	2
10840	2
10845	1
10846	2
10848	2
10854	2
10859	1
10860	2
10864	1
10868	2
10870	2
10872	5
10874	1
10875	1
10880	1
10882	2
10883	1
10886	1
10890	11
10892	1
10893	1
10896	1
10897	1
10898	1
10900	1
10904	1
10906	1
10908	2
10910	1
10912	4
10913	1
10918	1
10920	4
10928	1
10932	1
10934	2
10936	1
10938	1
10944	2
10950	1
10960	1
10967	1
10968	1
10974	1
10977	1
10978	1
10980	3
10984	2
10992	1
11000	14
11001	1
11008	1
11012	3
11014	1
11016	3
11018	1
11019	1
11020	1
11022	2
11024	1
11032	1
11040	5
11044	1
11050	1
11055	1
11058	1
11064	3
11067	1
11070	1
11076	1
11080	1
11082	1
11088	9
11092	1
11096	1
11100	1
11101	1
11110	2
11112	1
11114	1
11120	1
11123	1
11124	1
11130	2
11138	1
11150	1
11162	2
11164	1
11176	2
11179	1
11180	1
11184	1
11190	1
11192	1
11199	1
11200	2
11208	1
11216	1
11220	10
11222	1
11224	2
11226	2
11229	1
11230	1
11238	1
11256	1
11258	1
11264	1
11268	1
11276	1
11280	1
11292	1
11304	3
11311	1
11312	1
11313	1
11316	1
11318	1
11320	1
11328	2
11330	2
11332	1
11337	1
11340	1
11368	1
11372	1
11376	1
11379	1
11380	1
11388	1
11390	1
11396	1
11403	1
11404	1
11408	1
11410	1
11412	1
11414	1
11419	1
11420	2
11424	1
11426	1
11438	1
11439	1
11440	9
11442	1
11454	1
11464	2
11472	1
11476	1
11484	2
11486	1
11495	1
11504	1
11510	1
11512	1
11514	1
11516	1
11518	1
11520	16
11526	1
11536	2
11540	1
11544	4
11550	8
11556	1
11560	1
11567	1
11568	5
11580	1
11592	2
11597	1
11616	1
11620	1
11628	1
11640	4
11641	1
11650	2
11656	3
11660	8
11664	1
11668	1
11674	2
11680	1
11688	1
11696	3
11700	1
11704	1
11706	1
11712	2
11715	1
11718	1
11724	2
11726	1
11732	1
11736	1
11744	1
11754	3
11756	2
11758	1
11760	5
11770	2
11776	1
11780	1
11796	1
11799	1
11804	1
11816	1
11825	2
11828	1
11832	1
11840	1
11852	1
11856	1
11858	1
11874	1
11880	40
11882	2
11888	1
11890	7
11891	1
11894	1
11896	1
11898	1
11900	4
11920	1
11926	1
11930	1
11935	3
11940	2
11946	1
11948	1
11964	1
11972	1
11976	1
11980	1
11990	6
11992	1
12000	6
12006	1
12012	2
12015	1
12023	1
12025	1
12026	1
12032	2
12034	1
12036	1
12038	1
12045	1
12048	1
12056	2
12070	1
12092	1
12096	2
12099	1
12100	2
12108	2
12112	1
12119	1
12120	1
12122	1
12130	1
12132	1
12136	1
12140	1
12144	1
12152	2
12156	2
12160	1
12164	1
12166	1
12172	1
12184	1
12186	1
12192	2
12210	2
12211	1
12214	1
12221	1
12222	1
12240	3
12242	1
12246	1
12254	1
12262	1
12264	1
12276	1
12280	1
12284	2
12288	2
12290	1
12295	1
12320	5
12348	1
12358	1
12364	1
12384	1
12386	1
12397	1
12408	1
12415	1
12423	1
12430	2
12440	1
12450	1
12456	1
12458	1
12460	1
12480	5
12488	2
12492	1
12496	1
12501	1
12502	1
12507	1
12512	1
12514	1
12528	1
12540	8
12546	1
12550	2
12568	1
12570	2
12576	2
12577	1
12584	1
12606	1
12608	1
12612	1
12632	1
12650	2
12652	1
12668	1
12672	1
12682	2
12686	1
12688	2
12696	1
12700	1
12714	2
12716	1
12720	1
12732	1
12744	3
12750	1
12756	1
12760	7
12768	1
12772	1
12780	1
12782	1
12792	2
12796	1
12798	1
12800	25
12804	4
12808	3
12810	7
12815	8
12816	2
12824	2
12830	3
12839	2
12840	8
12846	1
12847	1
12849	1
12850	1
12856	1
12860	3
12861	1
12864	2
12870	2
12880	2
12882	1
12888	1
12896	1
12900	3
12920	1
12922	1
12924	1
12930	3
12932	1
12960	8
12964	2
12970	1
12975	1
12980	3
12984	2
12990	2
12998	1
13000	1
13004	1
13008	2
13020	2
13024	1
13035	1
13042	1
13048	1
13056	2
13082	1
13090	1
13092	1
13096	1
13104	1
13132	1
13135	1
13136	1
13151	1
13160	3
13162	1
13168	1
13170	1
13172	1
13188	1
13192	1
13197	1
13200	200
13204	2
13205	5
13208	2
13210	6
13212	1
13215	1
13216	1
13220	3
13222	1
13224	1
13225	1
13228	1
13230	4
13236	1
13240	2
13244	3
13245	1
13248	1
13250	1
13255	14
13260	1
13265	2
13272	1
13275	1
13276	1
13280	2
13281	1
13288	1
13290	1
13294	1
13298	1
13302	2
13303	1
13310	17
13313	1
13316	1
13320	3
13324	1
13340	1
13352	1
13360	1
13365	7
13366	1
13376	1
13388	1
13392	1
13396	1
13398	1
13399	1
13400	1
13403	1
13420	20
13422	1
13440	4
13442	1
13446	1
13451	1
13460	1
13472	1
13475	3
13476	1
13490	1
13500	1
13518	1
13520	1
13528	1
13530	5
13548	1
13552	2
13572	1
13574	1
13575	1
13585	2
13604	1
13608	1
13612	1
13614	1
13624	1
13632	1
13640	14
13645	1
13648	1
13650	1
13652	1
13656	1
13668	1
13684	1
13694	1
13695	2
13700	1
13704	1
13706	1
13710	1
13728	1
13735	1
13740	1
13743	1
13750	5
13752	3
13756	1
13764	1
13792	1
13800	1
13824	2
13832	1
13840	2
13847	1
13852	1
13860	13
13872	1
13874	1
13892	1
13908	1
13920	4
13926	1
13928	2
13930	2
13938	1
13948	2
13968	1
13970	1
13984	1
14000	1
14004	1
14016	1
14022	1
14025	1
14040	2
14052	1
14080	8
14094	2
14100	1
14102	1
14104	1
14108	1
14112	2
14136	1
14142	1
14156	1
14168	2
14184	1
14190	4
14204	1
14228	1
14242	1
14245	1
14246	1
14256	2
14280	1
14292	1
14300	4
14312	2
14328	1
14348	1
14364	1
14394	1
14400	79
14404	1
14405	3
14408	2
14410	7
14415	1
14416	4
14420	12
14422	1
14424	4
14426	1
14429	1
14430	6
14432	2
14434	1
14436	2
14440	9
14445	1
14446	1
14448	3
14450	1
14453	1
14456	1
14460	4
14464	1
14465	1
14468	1
14475	2
14477	1
14478	1
14480	5
14484	1
14488	1
14490	2
14496	2
14499	1
14500	1
14503	1
14510	1
14516	1
14520	5
14528	2
14535	1
14543	1
14544	1
14560	1
14562	1
14565	1
14568	1
14574	1
14584	1
14594	1
14604	1
14616	1
14618	1
14620	1
14630	1
14638	1
14640	4
14650	1
14660	1
14676	1
14680	1
14682	1
14684	1
14688	1
14697	1
14700	2
14707	1
14716	1
14730	1
14740	1
14760	2
14772	1
14788	1
14804	1
14819	1
14824	1
14830	2
14847	1
14850	3
14870	1
14876	1
14878	1
14896	1
14910	1
14928	2
14952	1
14955	1
14960	1
14965	1
14972	1
14976	1
14984	1
15000	1
15011	1
15015	1
15020	1
15070	1
15072	1
15073	1
15080	1
15096	1
15120	2
15125	1
15136	1
15158	1
15180	2
15234	1
15235	1
15240	1
15248	1
15296	1
15344	1
15360	2
15366	1
15390	1
15400	3
15412	1
15422	1
15432	1
15438	1
15444	1
15456	1
15462	1
15480	1
15484	1
15560	1
15562	1
15564	1
15569	1
15600	2
15616	1
15619	1
15624	1
15626	1
15630	1
15644	1
15656	1
15730	2
15768	1
15776	1
15792	1
15840	46
15849	1
15850	4
15855	1
15864	1
15870	1
15872	1
15884	1
15888	1
15890	1
15894	1
15895	4
15900	2
15906	1
15917	1
15928	2
15941	1
15950	7
15960	1
15972	1
15978	1
15984	1
15996	1
16000	1
16005	1
16016	1
16032	1
16056	1
16060	6
16093	1
16104	1
16140	1
16142	1
16146	1
16160	1
16164	1
16170	3
16178	1
16188	1
16200	5
16221	1
16224	1
16236	1
16247	1
16280	5
16286	1
16302	1
16308	1
16320	1
16335	1
16368	1
16390	1
16424	2
16440	1
16452	2
16480	1
16500	1
16512	1
16522	1
16555	1
16599	1
16608	1
16614	1
16632	1
16664	1
16678	1
16680	1
16716	1
16718	1
16720	2
16728	1
16764	1
16797	1
16800	5
16814	1
16839	1
16860	1
16867	1
16872	2
16884	1
16959	1
16993	1
17008	1
17016	1
17100	1
17104	1
17160	3
17172	1
17196	1
17220	1
17248	1
17280	7
17302	1
17320	1
17386	1
17392	1
17400	2
17410	1
17418	1
17450	1
17456	1
17520	2
17530	1
17531	1
17600	155
17605	1
17606	1
17608	1
17610	5
17612	1
17615	1
17616	1
17620	4
17622	3
17624	1
17630	3
17632	1
17640	5
17644	8
17648	1
17655	11
17656	1
17660	3
17664	1
17666	1
17680	1
17688	3
17690	1
17696	2
17700	1
17708	1
17710	19
17720	1
17726	1
17728	1
17732	1
17735	1
17738	1
17740	1
17745	1
17750	1
17754	2
17760	1
17765	7
17808	1
17820	28
17826	1
17832	1
17840	2
17842	1
17850	1
17856	1
17864	1
17875	2
17880	1
17884	1
17894	1
17908	1
17919	1
17920	1
17930	6
17940	2
17952	1
17964	1
17974	2
17980	1
17984	1
17985	1
17992	1
18001	1
18033	1
18036	1
18040	11
18041	1
18050	1
18070	1
18080	1
18095	2
18128	1
18150	3
18184	1
18260	6
18270	2
18299	1
18315	3
18370	1
18384	1
18424	2
18425	2
18435	1
18436	1
18480	4
18494	1
18513	1
18535	1
18556	1
18560	1
18590	2
18649	1
18656	1
18666	1
18700	1
18720	1
18755	1
18756	1
18785	1
18850	1
18854	1
18920	4
18936	1
18940	1
18972	1
18984	1
19014	1
19017	1
19018	1
19026	1
19030	1
19032	1
19052	1
19068	1
19085	1
19102	1
19182	1
19191	1
19200	42
19202	1
19208	2
19210	2
19212	1
19215	1
19221	1
19224	3
19230	3
19240	2
19250	1
19252	1
19255	1
19256	1
19260	1
19264	1
19265	2
19272	1
19284	1
19296	2
19312	1
19317	1
19320	4
19328	1
19330	1
19332	1
19336	1
19337	1
19361	1
19371	1
19376	1
19380	1
19416	1
19421	1
19440	3
19450	1
19456	1
19476	1
19480	1
19516	1
19560	2
19564	1
19579	1
19580	2
19610	1
19632	3
19660	1
19680	2
19690	1
19740	2
19800	18
19820	1
19840	1
19855	1
19899	1
19910	1
19965	1
20000	1
20020	5
20060	1
20075	1
20112	1
20130	3
20135	1
20160	1
20200	1
20207	1
20240	2
20284	1
20336	1
20348	1
20382	2
20400	1
20402	1
20454	1
20460	3
20496	1
20504	1
20630	1
20658	1
20662	1
20680	1
20706	1
20730	1
20735	1
20800	1
20812	1
20820	1
20821	1
20826	1
20900	2
20944	1
20987	1
20992	1
21102	1
21120	8
21150	1
21164	1
21175	1
21184	2
21230	3
21280	1
21298	1
21310	1
21416	1
21444	1
21450	2
21476	1
21490	1
21516	1
21600	7
21615	1
21620	1
21640	1
21650	1
21684	1
21714	1
21720	1
21760	1
21774	1
21819	1
21870	1
22056	1
22096	1
22106	1
22140	1
22220	1
22600	1
22647	1
22690	1
22698	1
22845	1
22880	2
22942	1
22990	1
23040	1
23116	1
23144	1
23154	1
23168	1
23400	2
23430	1
23440	1
23488	2
23760	9
23770	1
23780	1
23815	1
23820	1
23870	1
23880	1
23932	1
23964	1
23980	2
23992	1
24048	1
24168	1
24180	1
24200	1
24205	1
24398	1
24640	1
24800	1
24848	1
24926	1
25200	2
25236	1
25267	1
25418	1
25504	1
25524	1
25600	2
25608	1
26056	1
26076	1
26100	1
26106	1
26320	1
26338	1
26400	73
26407	1
26410	5
26420	2
26422	3
26424	1
26430	1
26432	2
26454	1
26455	6
26466	1
26490	1
26498	1
26499	2
26508	1
26510	10
26548	1
26554	1
26565	3
26573	1
26587	1
26592	2
26594	1
26600	1
26620	13
26675	1
26696	1
26708	1
26730	6
26763	1
26774	2
26808	1
26818	1
26840	2
26884	2
26906	1
26928	1
26950	2
26960	1
27048	1
27060	7
27115	1
27247	1
27280	3
27368	1
27390	1
27500	2
27610	1
27973	1
28050	1
28268	1
28322	1
28366	1
28380	1
28391	1
28720	1
28800	13
28810	1
28816	1
28820	2
28824	1
28840	2
28844	1
28845	1
28888	1
28900	1
28916	1
28920	2
28936	1
29020	1
29040	1
29080	1
29088	1
29150	1
29280	1
29700	2
30005	1
30240	1
30250	1
30690	1
30912	1
31200	1
31500	1
31680	5
31695	2
31735	2
31900	2
31955	1
32010	1
32400	2
32434	1
32550	1
33782	1
33880	1
34560	2
34936	1
35200	25
35204	1
35215	1
35220	1
35222	1
35224	1
35230	1
35240	2
35255	3
35260	2
35288	1
35310	5
35312	1
35352	1
35365	2
35420	2
35445	1
35484	1
35530	1
35585	1
35640	4
35860	2
35920	1
35967	1
36080	3
36190	1
36300	1
36480	1
36520	2
37070	1
37202	1
38080	1
38400	4
38452	1
38460	1
38598	1
38640	1
38760	1
39120	1
39600	11
39610	1
39620	2
39666	1
39710	2
39765	1
39875	1
40150	1
40275	1
40282	1
40546	1
42510	1
43200	3
43220	1
43234	1
43240	1
43440	2
43450	1
43546	1
43700	1
43800	1
45134	1
46800	2
47520	1
47530	1
47575	1
50400	1
51888	1
52512	1
52800	9
52809	1
52810	1
52820	1
52822	1
52825	1
52844	1
52855	1
52863	1
52910	1
52920	2
52944	1
52976	1
53020	2
53240	1
53273	1
53790	1
54912	1
57600	3
57620	1
57648	1
57660	1
57780	1
57974	1
58140	1
58152	1
58260	1
58680	1
59730	1
62187	1
67412	1
70400	1
71840	1
74030	1
76860	1
76896	1
79200	2
79255	1
79440	1
80080	1
100800	1
105600	3
105610	1
105798	1
105820	1
119658	1
134812	1
158400	1
237600	1
