Pay	Frequency
0	782103478
2	14755577
4	28215683
5	12267392
6	3895767
7	1079477
8	23984060
9	628636
10	21265931
11	144770
12	6744807
13	569610
14	2346430
15	2854296
16	11643080
17	186532
18	1644684
19	159550
20	20227994
21	381583
22	798909
23	153935
24	4816554
25	367386
26	628466
27	44241
28	1684867
29	81425
30	5111257
31	60272
32	3668007
33	32466
34	399613
35	98054
36	1230787
37	47909
38	236371
39	35904
40	12266439
41	9344
42	477914
43	4621
44	839043
45	526168
46	161856
47	17386
48	1975660
49	12751
50	508896
51	15112
52	298420
53	26353
54	129311
55	109694
56	570420
57	16078
58	63535
59	948
60	4849145
61	6188
62	104219
63	24436
64	733161
65	71238
66	165727
67	3717
68	229043
69	20839
70	147470
71	1224
72	507061
73	867
74	33526
75	17172
76	121922
77	41513
78	56005
79	841
80	4879401
81	6065
82	52514
83	219
84	245813
85	80310
86	8600
87	8170
88	504808
89	1033
90	715491
91	186
92	62364
93	8770
94	22847
95	16107
96	501566
97	548
98	17450
99	17145
100	480810
101	3161
102	30834
103	188
104	53395
105	7834
106	15195
107	122
108	65515
109	123
110	233205
111	4270
112	82130
113	252
114	20747
115	683
116	15195
117	3423
118	1185
119	51
120	2904962
121	6653
122	34873
123	1225
124	69077
125	43855
126	26261
127	1554
128	119122
129	1395
130	67163
131	106
132	206859
133	294
134	4100
135	33573
136	51643
137	216
138	12902
139	304
140	76132
141	2174
142	1361
143	17370
144	178214
145	977
146	1798
147	1688
148	9223
149	1070
150	56057
151	73
152	24511
153	574
154	70807
155	783
156	18700
157	21
158	799
159	1727
160	1370679
161	5
162	16444
163	5
164	23410
165	64518
166	863
167	268
168	64881
169	398
170	34168
171	658
172	3562
173	89
174	3630
175	2695
176	213164
177	259
178	630
179	26
180	549479
181	25
182	4656
183	904
184	13583
185	6127
186	6099
187	7854
188	9686
189	859
190	13916
191	17
192	108160
193	19
194	705
195	2172
196	7143
197	323
198	60688
199	10
200	472682
201	634
202	3667
203	6
204	15684
205	6907
206	358
207	467
208	6490
209	7247
210	17381
211	9
212	3193
213	266
214	153
215	1087
216	36564
217	13
218	168
219	151
220	180958
221	383
222	1696
223	3
224	6859
225	935
226	222
228	8439
229	9
230	2193
231	13549
232	1342
233	2
234	2605
235	26
236	326
237	193
238	51
240	1169576
241	2
242	31269
243	137
244	21118
245	16119
246	2698
247	558
248	21553
249	172
250	24481
251	8
252	14638
253	7973
254	1306
255	2554
256	15943
257	30
258	957
259	10
260	25058
261	233
262	131
263	6
264	100725
265	196
266	133
267	110
268	1195
269	1
270	45884
271	2
272	5689
273	526
274	333
275	4864
276	5199
277	6
278	260
279	48
280	15956
282	1350
284	323
285	573
286	22765
287	1
288	49297
290	1323
291	111
292	693
293	173
294	1923
295	33
296	1235
297	2012
298	316
299	414
300	88854
301	1
302	394
303	89
304	1999
305	526
306	599
307	3
308	40458
309	56
310	2010
312	9992
313	1
314	25
315	534
316	145
317	1
318	678
319	3363
320	271062
321	30
322	2059
324	6722
325	2831
326	90
327	64
328	3103
329	18
330	68983
332	316
333	39
334	154
335	304
336	17819
337	2
338	943
339	23
340	6364
341	3455
342	245
344	385
345	48
346	34
348	1668
349	1
350	1013
351	207
352	44642
354	84
355	5
356	67
357	132
358	11
360	273201
362	1476
363	1105
364	4043
365	3312
366	2045
367	47
368	2652
369	13
370	4330
371	1
372	4744
373	4
374	14427
375	797
376	1817
377	156
378	1655
379	1
380	5027
381	249
382	27
383	1
384	19350
385	1727
386	34
387	54
388	200
389	14
390	1981
392	996
393	16
394	69
395	1
396	21648
398	9
399	144
400	374405
402	2940
403	251
404	2918
405	7971
406	181
407	2139
408	7561
409	32
410	9227
411	44
412	225
413	8
414	212
415	948
416	1394
417	36
418	8415
419	1
420	11711
421	4
422	18
423	31
424	295
425	75
426	88
428	67
429	1138
430	1439
432	12479
433	1
434	43
435	35
436	65
437	36
438	112
440	80675
441	203
442	626
444	1046
445	121
446	2
447	11
448	420
449	1
450	5471
451	457
452	64
453	21
454	26
455	96
456	3758
458	8
459	2
460	1587
462	10567
464	48
465	22
468	1372
470	184
471	8
472	35
473	302
474	29
475	2
476	30
477	6
478	1
480	315588
481	94
482	2192
483	185
484	13131
485	3394
486	486
487	38
488	3984
489	11
490	5928
491	1
492	983
493	5
494	636
495	7090
496	2305
498	105
499	3
500	5233
501	26
502	10
504	5393
505	39
506	4417
507	110
508	185
510	982
512	1030
513	2
514	16
515	4
516	327
517	945
518	17
519	5
520	3896
522	45
524	47
525	144
526	2
527	1
528	24397
529	4
530	102
531	4
532	34
533	37
534	17
535	6
536	83
537	2
538	1
539	664
540	28880
542	93
543	4
544	333
545	255
546	1035
547	1
548	124
549	6
550	6953
552	2365
554	6
555	75
556	66
558	61
559	39
560	1701
561	228
562	2
564	724
565	12
567	66
568	14
570	247
572	4660
573	4
574	5
576	8653
578	15
579	1
580	442
581	17
582	35
583	953
584	57
585	62
586	23
588	1106
589	1
590	16
591	1
592	37
594	1535
595	1
596	27
597	4
598	350
600	90352
601	1
602	454
603	5
604	507
605	1750
606	129
607	9
608	262
609	65
610	1617
611	55
612	261
614	17
615	160
616	6626
617	2
618	16
620	1942
621	6
622	4
624	2083
625	5
626	1
627	230
628	9
630	717
632	12
635	6
636	317
637	32
638	1255
639	1
640	32695
642	194
644	683
645	201
646	2
647	5
648	1619
649	66
650	669
651	85
652	27
653	5
654	25
655	12
656	149
658	12
660	52071
661	1
662	1
663	28
664	34
665	4
666	7
668	20
670	71
671	367
672	2470
675	5
676	227
678	8
680	786
682	3108
684	160
685	5
686	7
688	17
689	35
690	34
692	2
693	320
696	525
699	1
700	166
702	155
704	7739
705	1
708	52
710	2
711	1
713	3
714	250
715	1157
720	94467
722	517
724	820
725	973
726	1488
727	9
728	749
729	3
730	1440
731	1
732	716
734	26
735	221
736	288
737	257
738	72
740	1070
741	63
742	8
743	1
744	1525
745	12
746	5
747	9
748	4103
750	381
752	118
753	5
754	83
755	4
756	654
758	1
759	167
760	702
762	40
764	2
765	51
767	7
768	2878
770	2486
771	1
772	4
774	13
776	9
777	48
778	5
780	571
781	63
782	5
783	2
784	43
785	2
786	8
788	7
789	3
790	5
792	5649
793	27
795	5
796	5
798	150
800	194369
802	1453
803	52
804	1895
805	3089
806	227
807	24
808	898
809	6
810	6009
811	3
812	124
813	4
814	746
815	443
816	1912
817	2
818	11
819	37
820	3681
821	2
822	22
823	1
824	74
825	374
826	4
828	108
830	658
832	276
833	1
834	11
835	4
836	2096
837	1
838	1
840	3019
842	4
844	9
845	67
846	8
847	142
848	28
849	1
850	106
852	51
854	1
855	6
856	6
858	462
860	537
861	10
862	3
864	2466
865	4
866	4
868	24
869	60
870	28
871	21
872	8
874	8
875	2
876	34
878	1
879	1
880	30067
882	175
884	212
885	4
888	314
890	63
891	35
892	1
894	1
896	30
897	13
900	8356
902	1524
903	13
904	30
905	40
906	15
908	14
910	192
912	911
913	15
914	1
915	6
918	2
920	487
923	3
924	3103
925	1
928	2
930	21
932	1
935	882
936	380
938	2
940	100
942	1
943	1
944	2
945	34
946	268
948	39
949	1
950	15
952	9
954	1
957	75
960	54695
962	358
964	844
965	399
966	174
967	5
968	1486
969	2
970	850
971	1
972	116
974	13
975	94
976	215
977	2
978	12
979	48
980	807
981	4
982	2
984	480
985	3
986	2
987	19
988	149
990	8558
992	97
994	1
996	14
999	1
1000	643
1001	25
1002	2
1004	4
1005	6
1008	1138
1010	11
1011	1
1012	747
1014	40
1016	11
1020	189
1022	1
1023	19
1024	39
1026	2
1027	9
1028	2
1029	10
1030	2
1032	137
1034	597
1035	1
1036	6
1040	293
1044	48
1045	275
1050	87
1053	1
1054	3
1056	3486
1058	2
1060	25
1064	15
1066	45
1067	45
1068	20
1070	2
1071	6
1072	3
1078	525
1079	3
1080	11926
1081	1
1082	52
1084	68
1085	108
1086	69
1087	2
1088	55
1089	23
1090	142
1092	277
1094	1
1095	26
1096	21
1098	6
1100	4515
1101	3
1102	1
1104	332
1105	7
1107	1
1110	49
1111	70
1112	5
1113	22
1116	32
1118	20
1120	115
1122	231
1124	2
1125	8
1128	262
1130	6
1131	5
1133	12
1134	33
1136	1
1140	84
1143	1
1144	386
1146	1
1148	4
1150	1
1152	842
1154	1
1155	110
1156	4
1157	3
1158	1
1160	50
1162	3
1164	33
1166	243
1168	1
1170	34
1172	1
1176	304
1177	4
1178	2
1180	1
1183	3
1188	364
1192	1
1194	1
1196	48
1197	6
1199	11
1200	57412
1202	345
1204	383
1205	760
1206	78
1207	8
1208	187
1209	8
1210	1608
1212	110
1214	9
1215	144
1216	58
1217	1
1218	41
1219	1
1220	904
1221	9
1222	28
1224	123
1225	9
1227	1
1228	7
1230	149
1232	519
1233	1
1234	1
1235	17
1236	14
1239	2
1240	554
1242	5
1243	7
1244	2
1245	18
1246	1
1248	162
1250	28
1251	1
1254	83
1256	3
1260	457
1261	3
1264	2
1265	19
1270	1
1272	122
1274	37
1275	2
1276	86
1280	2070
1281	14
1282	3
1284	59
1287	12
1288	27
1290	45
1292	3
1295	1
1296	251
1298	16
1300	74
1302	57
1304	2
1308	5
1309	2
1310	4
1311	1
1312	4
1313	1
1314	1
1316	2
1320	27873
1322	1
1323	1
1326	28
1328	2
1330	1
1331	5
1332	4
1334	1
1335	1
1336	1
1339	3
1340	5
1342	1317
1344	238
1350	322
1352	25
1353	1
1354	1
1355	1
1356	3
1360	54
1362	1
1364	1594
1365	12
1368	51
1370	8
1372	1
1374	2
1375	695
1378	19
1380	11
1386	333
1390	2
1391	2
1392	42
1395	1
1397	101
1398	1
1400	25
1404	23
1407	2
1408	1288
1416	8
1419	23
1420	1
1428	78
1430	1001
1440	21775
1441	2
1442	105
1444	231
1445	152
1446	77
1447	4
1448	106
1449	5
1450	288
1452	362
1454	5
1455	26
1456	49
1458	4
1459	1
1460	211
1461	2
1462	1
1463	11
1464	412
1465	1
1466	1
1468	3
1469	1
1470	74
1472	9
1474	105
1476	8
1480	117
1482	13
1485	453
1488	569
1490	5
1491	2
1494	2
1495	1
1496	491
1500	139
1504	2
1505	1
1506	1
1507	13
1508	14
1512	176
1515	1
1518	51
1520	48
1521	1
1524	45
1529	18
1530	7
1533	4
1534	2
1536	467
1540	814
1544	2
1548	5
1551	11
1554	18
1560	201
1562	24
1564	2
1568	1
1570	1
1572	11
1573	13
1575	5
1576	1
1582	1
1584	1294
1586	34
1587	2
1595	20
1596	47
1599	1
1600	63586
1602	457
1604	687
1605	742
1606	82
1607	6
1608	421
1609	3
1610	1288
1612	91
1613	1
1614	13
1615	80
1616	92
1617	5
1618	4
1620	1855
1622	2
1624	32
1625	16
1626	2
1628	114
1630	176
1632	211
1635	3
1636	1
1638	26
1639	15
1640	590
1642	1
1644	6
1645	7
1648	8
1650	655
1651	10
1656	34
1659	3
1660	152
1661	4
1662	1
1664	60
1665	1
1668	11
1672	127
1674	1
1677	1
1680	472
1684	1
1686	1
1688	1
1690	39
1692	6
1694	35
1695	1
1696	3
1700	37
1701	1
1702	1
1703	1
1704	14
1705	13
1708	3
1710	3
1716	70
1720	64
1722	18
1725	1
1727	1
1728	296
1730	2
1736	3
1738	8
1740	12
1742	8
1744	2
1748	3
1749	1
1750	3
1752	21
1755	20
1760	8274
1764	40
1765	1
1768	37
1770	1
1771	1
1776	52
1778	1
1780	9
1781	1
1782	337
1784	1
1785	7
1788	5
1790	1
1792	6
1794	7
1800	6606
1802	26
1804	340
1805	64
1806	22
1807	1
1808	17
1810	96
1812	15
1815	218
1816	2
1818	1
1820	89
1821	1
1824	64
1825	2
1826	27
1830	5
1832	1
1836	5
1837	13
1840	99
1844	1
1845	2
1846	3
1848	291
1850	3
1859	6
1860	18
1863	1
1869	1
1870	343
1872	17
1880	24
1881	2
1890	45
1892	28
1896	6
1898	4
1900	1
1903	3
1904	2
1908	1
1911	1
1914	15
1920	5513
1922	12
1924	101
1925	59
1926	3
1928	65
1930	70
1932	21
1934	1
1935	1
1936	51
1940	77
1944	85
1946	1
1947	2
1948	1
1950	22
1952	9
1956	2
1958	2
1960	47
1962	1
1964	1
1968	77
1970	3
1974	10
1976	13
1980	5589
1984	3
1986	1
1990	1
1991	1
1992	13
1995	2
2000	71
2002	150
2004	4
2008	1
2010	3
2013	2
2016	79
2020	2
2024	190
2028	2
2035	92
2037	2
2040	24
2044	1
2046	16
2054	1
2057	12
2058	6
2064	14
2067	1
2068	170
2070	1
2072	1
2079	9
2080	13
2088	6
2090	189
2100	30
2101	2
2106	2
2112	438
2120	3
2121	2
2123	1
2124	1
2132	10
2134	13
2136	2
2142	5
2145	19
2156	70
2160	3324
2162	17
2164	30
2165	21
2166	29
2167	1
2168	15
2170	36
2172	15
2174	2
2175	5
2176	1
2178	8
2180	34
2184	71
2190	13
2196	4
2200	3940
2205	5
2208	56
2210	2
2211	1
2220	10
2222	80
2226	1
2232	8
2236	2
2240	7
2244	95
2250	1
2255	63
2256	67
2262	1
2266	4
2268	8
2275	1
2277	4
2280	36
2288	41
2289	1
2295	1
2299	1
2304	68
2310	191
2316	1
2319	1
2320	4
2321	1
2328	5
2331	1
2332	23
2340	4
2346	1
2352	46
2354	6
2356	1
2364	2
2365	19
2366	10
2376	141
2392	8
2394	3
2398	3
2400	23195
2402	154
2404	210
2405	274
2406	41
2407	1
2408	105
2410	395
2412	45
2414	2
2415	55
2416	27
2418	4
2420	564
2421	1
2422	1
2424	38
2428	1
2430	96
2431	2
2432	3
2436	6
2440	171
2442	3
2444	12
2445	6
2448	33
2450	10
2453	1
2456	1
2457	1
2460	41
2464	24
2472	3
2475	3
2476	1
2480	52
2484	1
2486	4
2490	9
2496	14
2500	8
2508	6
2519	1
2520	177
2522	3
2530	28
2532	1
2535	1
2544	7
2548	7
2550	2
2552	7
2560	79
2561	1
2562	18
2568	4
2570	1
2574	4
2576	2
2580	6
2585	2
2592	35
2596	3
2600	5
2604	23
2613	1
2616	1
2625	5
2640	9441
2646	7
2660	1
2662	344
2664	2
2665	1
2667	4
2670	1
2684	347
2688	36
2695	239
2700	360
2704	1
2705	3
2706	29
2710	2
2712	2
2715	1
2716	1
2717	19
2718	1
2720	2
2728	200
2730	9
2736	1
2739	7
2740	3
2750	298
2760	11
2761	1
2772	67
2780	1
2783	3
2784	2
2794	18
2800	4
2805	32
2814	4
2816	81
2820	1
2827	2
2835	3
2838	4
2852	1
2856	9
2860	217
2871	2
2880	2930
2882	14
2884	39
2885	7
2886	9
2887	1
2888	20
2890	29
2892	5
2893	1
2894	2
2895	5
2896	4
2898	2
2900	24
2904	96
2910	11
2912	2
2915	3
2920	11
2924	1
2926	2
2928	87
2934	1
2938	1
2940	45
2948	4
2952	6
2960	5
2964	5
2968	1
2970	538
2976	74
2980	1
2982	2
2988	2
2992	18
3000	46
3012	2
3014	4
3016	1
3020	1
3024	29
3025	5
3036	8
3047	1
3048	9
3058	6
3060	10
3066	2
3072	36
3080	126
3084	2
3096	2
3102	3
3104	1
3120	21
3124	1
3129	1
3132	1
3135	5
3144	1
3146	10
3150	3
3164	1
3168	225
3172	15
3185	1
3190	20
3192	2
3198	2
3200	12463
3202	69
3204	170
3205	110
3206	2
3207	2
3208	106
3209	1
3210	191
3211	1
3212	12
3214	3
3215	11
3216	32
3218	1
3220	177
3223	9
3224	8
3225	1
3228	3
3230	26
3232	5
3236	1
3237	1
3240	375
3244	3
3245	4
3246	4
3250	5
3256	4
3260	17
3264	7
3268	1
3270	1
3273	1
3276	7
3278	2
3280	36
3288	2
3290	3
3298	1
3300	887
3302	2
3315	1
3320	15
3322	15
3328	5
3344	18
3355	8
3360	40
3380	5
3384	3
3388	5
3400	4
3402	5
3410	30
3420	1
3432	4
3440	1
3444	2
3454	1
3456	25
3465	2
3476	1
3480	2
3498	1
3500	1
3504	5
3516	1
3520	1485
3528	1
3536	1
3542	73
3562	1
3564	44
3575	25
3584	1
3600	3206
3602	11
3604	24
3605	33
3606	18
3608	17
3609	1
3610	30
3612	21
3615	8
3616	2
3619	2
3620	28
3621	1
3624	6
3630	62
3632	1
3636	1
3640	23
3645	4
3648	2
3650	1
3652	4
3654	1
3660	7
3674	2
3680	6
3684	1
3685	8
3690	2
3696	17
3718	1
3720	5
3740	34
3744	1
3750	1
3751	1
3760	1
3762	1
3770	1
3780	16
3795	1
3800	1
3822	2
3828	1
3840	343
3844	2
3848	1
3850	13
3856	1
3860	4
3864	18
3870	1
3872	1
3875	1
3880	3
3888	11
3906	2
3924	1
3926	3
3936	2
3938	1
3948	6
3960	2502
3982	54
3990	1
4000	20
4002	1
4004	49
4008	2
4015	45
4026	4
4032	5
4037	2
4048	26
4050	10
4061	1
4070	61
4074	1
4080	7
4092	9
4095	1
4103	1
4114	2
4116	1
4125	7
4136	7
4137	1
4158	2
4180	62
4200	15
4202	1
4224	37
4246	1
4284	3
4290	9
4312	3
4320	646
4322	2
4324	3
4325	1
4326	6
4328	1
4330	8
4332	4
4334	1
4335	5
4340	4
4344	13
4360	2
4368	13
4380	7
4400	3163
4404	1
4416	11
4422	80
4440	7
4444	69
4455	102
4464	2
4466	10
4477	2
4488	33
4499	1
4500	1
4510	101
4512	1
4532	2
4536	1
4548	1
4554	1
4560	9
4565	19
4576	7
4608	5
4620	100
4664	1
4668	1
4675	1
4676	1
4680	3
4706	1
4730	25
4732	1
4752	53
4774	1
4784	3
4800	5807
4802	27
4804	56
4805	55
4806	13
4807	1
4808	24
4810	76
4812	8
4814	1
4815	4
4816	12
4818	2
4820	66
4821	2
4824	26
4825	1
4830	12
4832	2
4840	107
4845	1
4848	14
4856	2
4860	26
4864	1
4866	1
4872	3
4880	17
4884	1
4888	1
4890	3
4895	2
4896	5
4900	3
4920	10
4928	3
4950	83
4960	2
4972	1
4994	1
5000	1
5040	36
5060	22
5070	1
5082	4
5088	2
5115	1
5120	2
5124	3
5145	1
5160	3
5166	1
5170	2
5184	8
5187	1
5208	5
5250	2
5252	1
5280	2235
5302	64
5324	56
5335	44
5346	5
5357	1
5368	25
5376	2
5379	1
5390	54
5400	208
5402	1
5404	3
5410	2
5412	5
5420	1
5434	1
5440	1
5445	8
5456	7
5460	3
5472	1
5478	1
5490	1
5500	39
5520	2
5544	5
5560	1
5610	7
5632	5
5654	1
5670	3
5720	19
5760	231
5764	2
5770	2
5775	1
5780	2
5784	19
5800	1
5808	19
5820	3
5830	1
5832	1
5856	4
5880	2
5904	1
5940	275
5952	2
5962	4
5984	2
5995	5
6000	6
6006	1
6012	1
6028	2
6048	4
6050	3
6090	1
6105	1
6116	1
6132	1
6144	1
6160	8
6215	1
6266	3
6270	2
6292	3
6300	2
6331	1
6336	18
6344	1
6358	1
6360	2
6380	6
6396	1
6400	1369
6402	6
6404	23
6405	5
6408	8
6410	16
6412	1
6415	1
6416	2
6420	22
6430	2
6432	1
6440	11
6446	1
6448	1
6460	2
6480	55
6490	1
6500	1
6504	1
6520	3
6540	1
6576	1
6600	918
6622	21
6640	1
6644	7
6648	1
6655	8
6688	5
6710	33
6720	4
6732	2
6765	2
6776	1
6804	1
6820	32
6832	1
6912	2
6930	3
6960	2
7040	165
7062	3
7084	3
7095	2
7128	7
7150	4
7172	1
7200	960
7202	6
7204	6
7205	3
7206	6
7208	3
7210	19
7212	4
7215	1
7218	1
7220	4
7224	10
7230	1
7240	2
7248	2
7260	5
7280	3
7296	1
7315	1
7320	2
7370	1
7380	1
7436	1
7440	1
7480	7
7560	14
7588	1
7602	1
7680	19
7700	1
7704	1
7728	1
7740	1
7770	1
7776	1
7800	1
7852	1
7896	1
7920	773
7942	24
7964	13
7975	11
7980	1
8000	3
8008	3
8030	9
8040	1
8064	1
8074	1
8085	2
8096	3
8100	7
8140	7
8148	1
8160	1
8184	1
8250	2
8360	7
8400	11
8442	2
8448	3
8624	1
8640	80
8646	1
8652	1
8664	5
8672	1
8688	1
8690	1
8736	1
8760	2
8800	1557
8820	1
8822	35
8844	32
8855	43
8866	3
8877	1
8888	9
8899	1
8910	65
8965	9
8976	1
9020	46
9042	1
9064	1
9075	1
9130	7
9185	1
9216	1
9240	12
9295	2
9350	2
9460	6
9504	6
9600	787
9602	4
9604	2
9605	3
9606	2
9608	2
9610	6
9612	3
9615	2
9616	1
9620	9
9624	10
9630	2
9640	4
9648	6
9650	1
9680	4
9684	1
9696	1
9720	4
9744	2
9792	1
9840	1
9900	93
9922	1
10010	2
10080	8
10120	3
10136	1
10320	1
10340	2
10426	1
10450	1
10452	1
10560	332
10582	10
10604	3
10615	9
10626	1
10670	6
10780	4
10800	93
10802	1
10806	1
10808	2
10830	1
10860	1
10890	2
11000	1
11340	1
11520	22
11544	4
11568	2
11580	1
11640	1
11660	1
11700	1
11880	119
11902	2
11935	1
11968	1
11990	4
12000	3
12100	2
12150	1
12320	1
12600	2
12642	1
12800	72
12808	2
12816	1
12820	1
12840	1
12960	9
13080	1
13200	603
13222	16
13244	7
13255	12
13266	2
13288	3
13310	9
13354	1
13365	2
13420	7
13545	1
13640	7
13824	2
14080	6
14190	1
14256	1
14300	2
14400	177
14402	1
14404	3
14405	1
14410	1
14412	1
14415	1
14418	1
14420	1
14424	1
14430	1
14440	1
14448	4
14460	3
14496	1
14520	1
14568	1
14850	6
14880	1
15120	5
15162	1
15626	1
15840	134
15862	3
15884	1
15895	1
15928	1
15950	3
16000	1
16005	1
16200	3
16280	1
16320	1
16335	1
16390	1
16800	4
16842	1
17220	1
17280	7
17288	1
17328	1
17472	1
17600	463
17622	15
17644	15
17655	14
17688	5
17710	6
17765	2
17820	15
18040	2
18128	1
18144	1
18150	1
18700	1
18900	1
19200	76
19204	1
19206	1
19210	2
19224	1
19248	2
19260	1
19296	1
19416	1
19800	63
19855	1
20020	1
20216	1
20240	1
20244	1
21120	30
21164	2
21208	1
21384	1
21600	23
21604	1
21648	1
22000	3
22680	1
23040	1
23088	1
23760	34
23870	1
24000	1
25200	3
25600	3
25920	3
26400	224
26422	4
26444	3
26455	6
26466	1
26488	1
26510	3
26565	2
26620	3
26950	1
27720	1
28800	20
28848	3
28860	1
29040	1
29700	4
31680	9
33000	1
33600	2
34560	2
35200	55
35222	5
35310	4
35420	1
35640	3
36630	1
38400	6
38424	1
38448	1
39600	36
39644	1
39710	2
39930	1
43200	3
43248	1
43320	1
47520	2
51200	1
52800	33
52822	2
52844	1
52910	2
53020	1
57600	3
59400	4
64800	1
70400	4
70510	1
71280	1
75600	1
79200	7
86400	1
105600	2
132000	1
