Pay	Frequency
0	782103478
2	9947263
4	17365067
5	9018686
6	2639647
7	647424
8	13769083
9	876331
10	15185940
11	151498
12	4648074
13	952550
14	2344188
15	2278506
16	7147526
17	399972
18	2571970
19	296788
20	15425050
21	549002
22	1618672
23	391268
24	3984167
25	1145559
26	1515429
27	191797
28	2330095
29	346657
30	4931641
31	251567
32	3125725
33	218517
34	1245212
35	440106
36	1971913
37	236930
38	978927
39	199009
40	10035163
41	168454
42	1106667
43	128032
44	1697336
45	1082731
46	824563
47	149374
48	2082125
49	163555
50	2014065
51	110547
52	1118433
53	188505
54	657381
55	389595
56	1159331
57	122497
58	599650
59	99150
60	4572357
61	115448
62	573844
63	113342
64	1229975
65	406206
66	567350
67	83171
68	889746
69	118577
70	1082938
71	79488
72	954477
73	90487
74	428588
75	184583
76	693428
77	109838
78	412565
79	76507
80	4391930
81	76292
82	435586
83	62639
84	777435
85	455948
86	321311
87	71206
88	844547
89	75455
90	1331966
91	51820
92	549724
93	79481
94	321324
95	204313
96	763749
97	61208
98	310223
99	68084
100	1344934
101	69865
102	275196
103	52780
104	470622
105	163080
106	270956
107	44387
108	423545
109	53216
110	669138
111	48612
112	403938
113	46620
114	242249
115	91979
116	340083
117	47422
118	205528
119	38409
120	2511636
121	44667
122	239361
123	35312
124	400008
125	242291
126	208298
127	39464
128	422118
129	45767
130	541923
131	32360
132	412865
133	43202
134	181894
135	124063
136	335574
137	36166
138	182197
139	32555
140	646092
141	37260
142	158026
143	49254
144	380892
145	83413
146	149706
147	29725
148	245904
149	37438
150	329556
151	29382
152	252651
153	30060
154	188379
155	54365
156	224934
157	29525
158	129656
159	29392
160	1342310
161	25979
162	157033
163	23068
164	245454
165	169690
166	115487
167	26386
168	257775
169	30231
170	334048
171	22414
172	181371
173	28909
174	112162
175	72180
176	302800
177	24122
178	109413
179	21096
180	727947
181	24971
182	101601
183	22450
184	199634
185	75975
186	102537
187	27223
188	172256
189	24738
190	226756
191	20843
192	222215
193	20192
194	92186
195	45352
196	151982
197	21659
198	136086
199	19183
200	661809
201	19404
202	95333
203	17615
204	153859
205	65852
206	80400
207	18030
208	144652
209	24073
210	185765
211	15897
212	123720
213	18764
214	71507
215	35310
216	144912
217	16874
218	68706
219	15054
220	366234
221	16481
222	69978
223	14162
224	123225
225	34217
226	63551
227	13402
228	114943
229	15169
230	112920
231	24146
232	105996
233	13870
234	60804
235	23411
236	96184
237	13750
238	54464
239	13814
240	957215
241	12181
242	100205
243	12114
244	134511
245	89576
246	63599
247	14822
248	129845
249	16078
250	192993
251	11628
252	106545
253	21785
254	58402
255	43015
256	110566
257	13137
258	58078
259	11888
260	226349
261	13655
262	50064
263	12017
264	162000
265	30196
266	50997
267	10971
268	89470
269	13301
270	139480
271	10830
272	93236
273	11329
274	49444
275	29095
276	80943
277	10827
278	44957
279	11058
280	187212
281	9645
282	45035
283	9621
284	72126
285	27577
286	65769
287	9268
288	107218
289	9493
290	81931
291	9500
292	66327
293	10731
294	42784
295	17579
296	69706
297	12776
298	40018
299	8138
300	183456
301	9251
302	39144
303	8935
304	66142
305	18380
306	36385
307	7723
308	91391
309	8864
310	63340
311	7489
312	68468
313	8325
314	33088
315	12792
316	55518
317	8052
318	33983
319	12205
320	287239
321	7518
322	36239
323	7353
324	66058
325	27235
326	30073
327	7986
328	61191
329	7731
330	123900
331	6356
332	48481
333	7708
334	32177
335	17143
336	60629
337	6611
338	31772
339	6483
340	102241
341	11768
342	28825
343	6684
344	47554
345	14144
346	28478
347	5836
348	43512
349	6982
350	52283
351	6012
352	76181
353	6078
354	28026
355	9600
356	41724
357	6979
358	24241
359	5624
360	263152
361	5788
362	28245
363	8644
364	47923
365	26423
366	25622
367	6183
368	49727
369	6287
370	60418
371	5443
372	42379
373	6028
374	39550
375	14130
376	44566
377	5232
378	26238
379	5847
380	81287
381	5766
382	24525
383	5629
384	52484
385	14767
386	22387
387	5198
388	35976
389	5878
390	43318
391	4924
392	37850
393	5300
394	22076
395	7808
396	55956
397	5021
398	22060
399	5030
400	343937
401	4969
402	26913
403	4462
404	44679
405	30588
406	21117
407	7956
408	44395
409	5149
410	63605
411	4691
412	32987
413	4872
414	20143
415	12600
416	35606
417	4714
418	30586
419	4188
420	85780
421	4444
422	19397
423	4561
424	32930
425	9943
426	19044
427	3922
428	28380
429	7088
430	36713
431	3896
432	37931
433	3919
434	17316
435	6998
436	25775
437	4338
438	16510
439	3817
440	130916
441	3875
442	17881
443	3386
444	29747
445	10394
446	15629
447	3679
448	30375
449	3920
450	36308
451	5100
452	25110
453	3992
454	14718
455	6760
456	29005
457	3357
458	14126
459	3348
460	46545
461	3488
462	27473
463	3250
464	25048
465	6109
466	14355
467	3164
468	22374
469	3333
470	22240
471	3035
472	22487
473	4615
474	13154
475	4384
476	19182
477	3386
478	12371
479	2847
480	251070
481	3009
482	17871
483	2883
484	44684
485	22727
486	14432
487	3416
488	31974
489	4155
490	50401
491	2795
492	25166
493	3600
494	14603
495	19207
496	25856
497	3206
498	13578
499	3394
500	58922
501	3375
502	12500
503	3506
504	28360
505	8449
506	20510
507	2775
508	21152
509	3190
510	32942
511	3132
512	22362
513	2869
514	12936
515	5905
516	19690
517	4608
518	11363
519	2921
520	51452
521	2714
522	12024
523	2386
524	18469
525	8140
526	10889
527	2683
528	40294
529	2639
530	22699
531	2297
532	18403
533	3011
534	11085
535	5134
536	19949
537	2570
538	10824
539	3809
540	54761
541	2655
542	10216
543	2625
544	19270
545	5821
546	10349
547	2305
548	17057
549	2706
550	30932
551	2194
552	19477
553	2186
554	10266
555	4073
556	15775
557	2320
558	10117
559	2129
560	34869
561	3440
562	9396
563	1995
564	16124
565	4530
566	9329
567	2165
568	15727
569	2293
570	17763
571	2051
572	22029
573	2255
574	8950
575	3446
576	22245
577	2060
578	8670
579	2046
580	25418
581	2219
582	9050
583	3465
584	15240
585	3308
586	8369
587	1843
588	14444
589	1923
590	12577
591	2062
592	14282
593	2043
594	12966
595	2533
596	13086
597	1926
598	7839
599	1888
600	90857
601	1782
602	9058
603	1699
604	14338
605	8657
606	7881
607	1845
608	14274
609	1991
610	18007
611	1626
612	12808
613	2000
614	7388
615	3725
616	20807
617	1649
618	7781
619	1629
620	25398
621	1937
622	6939
623	1640
624	14918
625	2888
626	7041
627	2581
628	11012
629	1718
630	11963
631	1621
632	11543
633	1659
634	6596
635	2303
636	11319
637	1704
638	10278
639	1556
640	45063
641	1553
642	7397
643	1526
644	11736
645	4043
646	6576
647	1422
648	13436
649	2307
650	12374
651	1408
652	9619
653	1777
654	6581
655	2667
656	11025
657	1567
658	6232
659	1367
660	57142
661	1452
662	6195
663	1406
664	11614
665	3217
666	6194
667	1449
668	10610
669	1535
670	10754
671	2135
672	12221
673	1417
674	5821
675	2287
676	9372
677	1459
678	5760
679	1400
680	20635
681	1397
682	10132
683	1259
684	9555
685	2315
686	5683
687	1359
688	9268
689	1276
690	9032
691	1143
692	8174
693	2259
694	4867
695	1783
696	9094
697	1283
698	5008
699	1174
700	14276
701	1292
702	4906
703	1259
704	16366
705	1845
706	5050
707	1010
708	8934
709	1311
710	6484
711	1160
712	8506
713	1182
714	5022
715	3906
716	7452
717	1187
718	4419
719	1190
720	75679
721	1079
722	5840
723	1182
724	10634
725	6968
726	8189
727	1240
728	10884
729	1376
730	15181
731	1085
732	8681
733	1243
734	5336
735	3655
736	9422
737	1933
738	5209
739	1259
740	18042
741	1282
742	4778
743	1268
744	10323
745	2695
746	4594
747	1155
748	13382
749	1237
750	10638
751	1149
752	9281
753	1199
754	4757
755	1999
756	9052
757	1189
758	4792
759	1943
760	17843
761	1057
762	4793
763	1136
764	8110
765	2478
766	4680
767	1102
768	10413
769	1051
770	13857
771	1050
772	7368
773	1101
774	4833
775	1879
776	7939
777	1129
778	4665
779	958
780	13769
781	1486
782	4325
783	1104
784	7814
785	1693
786	4307
787	950
788	6753
789	1167
790	6143
791	1003
792	13544
793	887
794	4103
795	1306
796	7021
797	1112
798	4173
799	962
800	152076
801	1015
802	7469
803	1400
804	12500
805	12881
806	4340
807	1296
808	11029
809	1250
810	24833
811	931
812	7221
813	1191
814	6719
815	5062
816	9211
817	924
818	4132
819	999
820	25222
821	935
822	4399
823	977
824	7412
825	4582
826	3683
827	837
828	6510
829	1045
830	12455
831	852
832	6733
833	887
834	3793
835	2219
836	9208
837	935
838	3690
839	900
840	23234
841	906
842	3494
843	832
844	6366
845	3354
846	3533
847	1371
848	6446
849	933
850	9010
851	781
852	6206
853	866
854	3395
855	1978
856	5788
857	773
858	5324
859	791
860	13754
861	809
862	3206
863	799
864	7491
865	1890
866	3181
867	727
868	5115
869	1305
870	6403
871	760
872	5204
873	782
874	3369
875	1325
876	4886
877	780
878	2814
879	748
880	37796
881	700
882	3552
883	655
884	5622
885	2244
886	2866
887	710
888	6113
889	755
890	7457
891	1072
892	4747
893	728
894	2918
895	1482
896	5446
897	675
898	2747
899	603
900	16090
901	707
902	5736
903	727
904	5057
905	1321
906	2879
907	668
908	4255
909	684
910	5203
911	683
912	5437
913	1025
914	2597
915	993
916	4238
917	674
918	2740
919	597
920	10972
921	599
922	2594
923	554
924	8879
925	1387
926	2500
927	602
928	4523
929	681
930	4576
931	570
932	4037
933	687
934	2622
935	3378
936	4571
937	562
938	2235
939	622
940	6906
941	555
942	2382
943	643
944	4125
945	1043
946	3572
947	554
948	3803
949	545
950	3602
951	589
952	3767
953	590
954	2316
955	797
956	3412
957	994
958	2056
959	499
960	43167
961	522
962	3095
963	538
964	5812
965	3222
966	2558
967	643
968	8207
969	708
970	8603
971	528
972	4573
973	705
974	2532
975	2232
976	4856
977	649
978	2697
979	943
980	10897
981	626
982	2180
983	614
984	5256
985	1503
986	2308
987	579
988	3986
989	654
990	14554
991	561
992	4285
993	516
994	2748
995	1315
996	3965
997	595
998	2440
999	598
1000	10724
1001	738
1002	2284
1003	488
1004	3847
1005	1415
1006	2316
1007	510
1008	5009
1009	547
1010	4417
1011	507
1012	5423
1013	557
1014	2255
1015	969
1016	3917
1017	529
1018	2103
1019	448
1020	7925
1021	513
1022	2131
1023	785
1024	3700
1025	928
1026	2084
1027	469
1028	3489
1029	566
1030	3586
1031	488
1032	3832
1033	484
1034	3445
1035	712
1036	3250
1037	508
1038	2142
1039	557
1040	7309
1041	462
1042	1904
1043	459
1044	3518
1045	1840
1046	1847
1047	475
1048	3361
1049	449
1050	3923
1051	411
1052	2876
1053	497
1054	1862
1055	758
1056	6999
1057	469
1058	1817
1059	480
1060	5211
1061	540
1062	1773
1063	441
1064	3178
1065	704
1066	1893
1067	618
1068	3015
1069	470
1070	2689
1071	455
1072	3181
1073	416
1074	1757
1075	514
1076	2781
1077	475
1078	2829
1079	394
1080	13527
1081	388
1082	1802
1083	415
1084	3040
1085	1247
1086	1875
1087	418
1088	3345
1089	669
1090	3445
1091	401
1092	2934
1093	458
1094	1708
1095	823
1096	3042
1097	437
1098	1690
1099	391
1100	11618
1101	397
1102	1698
1103	411
1104	3489
1105	747
1106	1703
1107	412
1108	2832
1109	453
1110	3039
1111	666
1112	2847
1113	446
1114	1638
1115	590
1116	2774
1117	413
1118	1604
1119	439
1120	5211
1121	386
1122	2602
1123	413
1124	2648
1125	662
1126	1544
1127	422
1128	3116
1129	399
1130	2399
1131	366
1132	2591
1133	556
1134	1545
1135	509
1136	2749
1137	406
1138	1532
1139	335
1140	4632
1141	392
1142	1471
1143	375
1144	4043
1145	496
1146	1544
1147	355
1148	2416
1149	399
1150	2043
1151	347
1152	3402
1153	339
1154	1510
1155	1170
1156	2287
1157	413
1158	1418
1159	335
1160	4294
1161	349
1162	1461
1163	329
1164	2394
1165	590
1166	2170
1167	374
1168	2549
1169	335
1170	2091
1171	329
1172	2255
1173	370
1174	1366
1175	450
1176	2674
1177	484
1178	1364
1179	332
1180	2939
1181	340
1182	1388
1183	307
1184	2459
1185	437
1186	1345
1187	287
1188	3359
1189	332
1190	1631
1191	359
1192	2303
1193	333
1194	1297
1195	349
1196	2099
1197	333
1198	1266
1199	477
1200	43790
1201	306
1202	1999
1203	301
1204	3519
1205	3520
1206	1425
1207	336
1208	3296
1209	395
1210	8855
1211	291
1212	2528
1213	373
1214	1475
1215	1311
1216	2473
1217	311
1218	1415
1219	296
1220	7305
1221	489
1222	1265
1223	290
1224	2681
1225	909
1226	1292
1227	278
1228	2071
1229	306
1230	3608
1231	294
1232	3029
1233	301
1234	1274
1235	615
1236	1997
1237	311
1238	1140
1239	303
1240	6278
1241	276
1242	1256
1243	398
1244	1953
1245	908
1246	1106
1247	313
1248	2485
1249	280
1250	2596
1251	262
1252	1746
1253	304
1254	1754
1255	541
1256	1960
1257	285
1258	1157
1259	274
1260	4236
1261	296
1262	1080
1263	273
1264	1989
1265	882
1266	1125
1267	269
1268	1787
1269	321
1270	1819
1271	243
1272	2039
1273	262
1274	1090
1275	436
1276	2404
1277	287
1278	1013
1279	264
1280	5803
1281	268
1282	1065
1283	231
1284	1971
1285	573
1286	985
1287	350
1288	1863
1289	259
1290	2234
1291	256
1292	1585
1293	245
1294	982
1295	435
1296	2079
1297	274
1298	1370
1299	241
1300	3055
1301	251
1302	1128
1303	273
1304	1688
1305	413
1306	1008
1307	214
1308	1677
1309	345
1310	1496
1311	227
1312	1576
1313	226
1314	922
1315	323
1316	1431
1317	291
1318	907
1319	218
1320	22962
1321	239
1322	1179
1323	214
1324	2044
1325	751
1326	1037
1327	252
1328	2128
1329	301
1330	2237
1331	322
1332	1879
1333	267
1334	981
1335	530
1336	1942
1337	206
1338	1022
1339	232
1340	2866
1341	260
1342	2460
1343	223
1344	1985
1345	316
1346	905
1347	229
1348	1504
1349	239
1350	1806
1351	211
1352	1587
1353	300
1354	902
1355	308
1356	1349
1357	241
1358	897
1359	206
1360	3060
1361	217
1362	840
1363	196
1364	3325
1365	380
1366	869
1367	183
1368	1667
1369	218
1370	1258
1371	197
1372	1395
1373	237
1374	898
1375	1880
1376	1364
1377	213
1378	780
1379	225
1380	2410
1381	192
1382	705
1383	223
1384	1295
1385	274
1386	1518
1387	212
1388	1233
1389	176
1390	1094
1391	198
1392	1446
1393	206
1394	758
1395	312
1396	1189
1397	353
1398	738
1399	189
1400	2450
1401	205
1402	749
1403	167
1404	1228
1405	273
1406	715
1407	192
1408	2908
1409	186
1410	1103
1411	184
1412	1240
1413	229
1414	669
1415	257
1416	1388
1417	186
1418	765
1419	338
1420	1446
1421	220
1422	726
1423	206
1424	1265
1425	228
1426	668
1427	152
1428	1187
1429	181
1430	3571
1431	171
1432	1154
1433	201
1434	719
1435	217
1436	1057
1437	146
1438	723
1439	157
1440	15687
1441	257
1442	1018
1443	155
1444	1939
1445	1194
1446	887
1447	190
1448	1848
1449	235
1450	2985
1451	193
1452	2470
1453	196
1454	843
1455	772
1456	1676
1457	232
1458	849
1459	203
1460	3464
1461	189
1462	772
1463	326
1464	1927
1465	523
1466	799
1467	203
1468	1402
1469	222
1470	2218
1471	192
1472	1453
1473	193
1474	1357
1475	391
1476	1253
1477	188
1478	827
1479	216
1480	2955
1481	184
1482	792
1483	161
1484	1442
1485	1332
1486	766
1487	209
1488	1882
1489	215
1490	1473
1491	191
1492	1188
1493	180
1494	819
1495	334
1496	2341
1497	204
1498	818
1499	168
1500	2753
1501	208
1502	798
1503	182
1504	1522
1505	331
1506	856
1507	293
1508	1165
1509	204
1510	1160
1511	197
1512	1537
1513	162
1514	733
1515	266
1516	1152
1517	201
1518	1141
1519	186
1520	2480
1521	137
1522	703
1523	165
1524	1235
1525	308
1526	725
1527	151
1528	1435
1529	317
1530	1225
1531	179
1532	1113
1533	182
1534	689
1535	221
1536	1606
1537	175
1538	607
1539	189
1540	4429
1541	155
1542	664
1543	164
1544	1274
1545	244
1546	656
1547	158
1548	1138
1549	171
1550	1121
1551	236
1552	1125
1553	153
1554	617
1555	202
1556	1017
1557	168
1558	617
1559	158
1560	2420
1561	164
1562	1012
1563	147
1564	998
1565	269
1566	653
1567	164
1568	1211
1569	162
1570	921
1571	122
1572	1189
1573	233
1574	619
1575	224
1576	1057
1577	146
1578	570
1579	122
1580	1383
1581	153
1582	568
1583	149
1584	2665
1585	163
1586	639
1587	126
1588	1100
1589	160
1590	794
1591	127
1592	1108
1593	138
1594	684
1595	509
1596	999
1597	154
1598	584
1599	147
1600	45621
1601	115
1602	1700
1603	117
1604	2997
1605	4007
1606	1059
1607	219
1608	2475
1609	236
1610	6842
1611	141
1612	1337
1613	220
1614	853
1615	1557
1616	1739
1617	263
1618	723
1619	171
1620	7665
1621	182
1622	692
1623	136
1624	1320
1625	1068
1626	630
1627	150
1628	1538
1629	165
1630	3829
1631	125
1632	1393
1633	175
1634	688
1635	666
1636	974
1637	168
1638	727
1639	277
1640	5431
1641	155
1642	633
1643	138
1644	1106
1645	914
1646	589
1647	179
1648	1095
1649	179
1650	3847
1651	121
1652	984
1653	178
1654	636
1655	495
1656	1062
1657	136
1658	568
1659	149
1660	3928
1661	189
1662	605
1663	142
1664	1056
1665	524
1666	530
1667	121
1668	919
1669	137
1670	1650
1671	131
1672	1359
1673	138
1674	582
1675	358
1676	830
1677	126
1678	535
1679	128
1680	3689
1681	117
1682	586
1683	177
1684	913
1685	418
1686	482
1687	119
1688	919
1689	143
1690	1853
1691	100
1692	800
1693	147
1694	821
1695	318
1696	866
1697	112
1698	570
1699	125
1700	2312
1701	120
1702	502
1703	98
1704	1084
1705	456
1706	478
1707	120
1708	767
1709	132
1710	1035
1711	126
1712	743
1713	112
1714	462
1715	202
1716	1077
1717	98
1718	451
1719	129
1720	2448
1721	105
1722	469
1723	117
1724	795
1725	344
1726	455
1727	169
1728	1136
1729	119
1730	1110
1731	105
1732	707
1733	127
1734	458
1735	242
1736	815
1737	106
1738	643
1739	118
1740	1460
1741	101
1742	410
1743	103
1744	794
1745	169
1746	446
1747	84
1748	733
1749	177
1750	791
1751	80
1752	865
1753	96
1754	426
1755	152
1756	654
1757	84
1758	436
1759	119
1760	8435
1761	112
1762	479
1763	82
1764	921
1765	312
1766	386
1767	107
1768	864
1769	98
1770	980
1771	131
1772	601
1773	113
1774	374
1775	218
1776	840
1777	78
1778	410
1779	98
1780	1635
1781	96
1782	1010
1783	99
1784	805
1785	178
1786	409
1787	89
1788	671
1789	97
1790	751
1791	91
1792	725
1793	128
1794	384
1795	137
1796	598
1797	92
1798	367
1799	80
1800	6305
1801	94
1802	429
1803	88
1804	1557
1805	435
1806	418
1807	107
1808	801
1809	133
1810	1131
1811	96
1812	689
1813	111
1814	412
1815	950
1816	661
1817	84
1818	375
1819	96
1820	1450
1821	106
1822	338
1823	86
1824	798
1825	221
1826	556
1827	86
1828	544
1829	101
1830	610
1831	89
1832	631
1833	85
1834	344
1835	157
1836	616
1837	154
1838	349
1839	89
1840	1792
1841	73
1842	344
1843	75
1844	611
1845	240
1846	341
1847	94
1848	1265
1849	120
1850	697
1851	70
1852	597
1853	97
1854	344
1855	176
1856	665
1857	90
1858	347
1859	192
1860	1074
1861	86
1862	389
1863	86
1864	629
1865	140
1866	307
1867	91
1868	528
1869	109
1870	1799
1871	86
1872	639
1873	62
1874	325
1875	111
1876	545
1877	106
1878	358
1879	79
1880	1155
1881	92
1882	324
1883	70
1884	581
1885	150
1886	313
1887	67
1888	537
1889	69
1890	626
1891	67
1892	776
1893	78
1894	317
1895	126
1896	643
1897	79
1898	310
1899	59
1900	941
1901	74
1902	317
1903	146
1904	572
1905	93
1906	325
1907	84
1908	561
1909	76
1910	412
1911	74
1912	596
1913	71
1914	495
1915	96
1916	442
1917	95
1918	271
1919	75
1920	4594
1921	60
1922	364
1923	66
1924	765
1925	537
1926	300
1927	92
1928	755
1929	82
1930	939
1931	78
1932	628
1933	87
1934	341
1935	234
1936	895
1937	75
1938	320
1939	73
1940	1151
1941	92
1942	313
1943	92
1944	739
1945	201
1946	308
1947	138
1948	501
1949	88
1950	686
1951	72
1952	544
1953	70
1954	313
1955	125
1956	491
1957	77
1958	463
1959	72
1960	1289
1961	83
1962	339
1963	62
1964	531
1965	178
1966	307
1967	66
1968	670
1969	119
1970	545
1971	69
1972	504
1973	77
1974	328
1975	142
1976	524
1977	56
1978	304
1979	82
1980	5670
1981	73
1982	358
1983	74
1984	624
1985	220
1986	302
1987	66
1988	544
1989	79
1990	657
1991	105
1992	659
1993	62
1994	294
1995	122
1996	466
1997	89
1998	285
1999	79
2000	1437
2001	80
2002	591
2003	79
2004	533
2005	139
2006	261
2007	72
2008	544
2009	74
2010	585
2011	65
2012	459
2013	105
2014	246
2015	100
2016	657
2017	71
2018	279
2019	64
2020	813
2021	84
2022	293
2023	79
2024	993
2025	98
2026	245
2027	78
2028	448
2029	72
2030	395
2031	64
2032	509
2033	64
2034	320
2035	480
2036	391
2037	89
2038	246
2039	70
2040	1089
2041	52
2042	222
2043	55
2044	433
2045	100
2046	353
2047	80
2048	451
2049	66
2050	380
2051	54
2052	428
2053	51
2054	253
2055	106
2056	479
2057	91
2058	301
2059	68
2060	572
2061	57
2062	230
2063	56
2064	496
2065	86
2066	200
2067	68
2068	722
2069	61
2070	332
2071	51
2072	432
2073	47
2074	210
2075	63
2076	407
2077	49
2078	236
2079	98
2080	745
2081	66
2082	217
2083	64
2084	367
2085	100
2086	233
2087	57
2088	490
2089	44
2090	1193
2091	47
2092	352
2093	62
2094	270
2095	98
2096	413
2097	50
2098	220
2099	46
2100	727
2101	83
2102	204
2103	40
2104	398
2105	79
2106	222
2107	51
2108	334
2109	77
2110	306
2111	44
2112	907
2113	56
2114	215
2115	67
2116	365
2117	51
2118	198
2119	48
2120	569
2121	54
2122	255
2123	93
2124	387
2125	58
2126	192
2127	52
2128	374
2129	47
2130	292
2131	48
2132	317
2133	74
2134	327
2135	70
2136	362
2137	57
2138	179
2139	46
2140	458
2141	46
2142	199
2143	43
2144	374
2145	259
2146	193
2147	61
2148	312
2149	54
2150	218
2151	54
2152	302
2153	45
2154	171
2155	45
2156	479
2157	54
2158	179
2159	50
2160	2542
2161	44
2162	223
2163	48
2164	428
2165	215
2166	243
2167	82
2168	470
2169	65
2170	556
2171	64
2172	408
2173	61
2174	209
2175	141
2176	427
2177	61
2178	315
2179	52
2180	685
2181	61
2182	185
2183	63
2184	445
2185	110
2186	202
2187	49
2188	364
2189	82
2190	424
2191	56
2192	388
2193	44
2194	239
2195	81
2196	371
2197	52
2198	218
2199	56
2200	4590
2201	49
2202	238
2203	58
2204	400
2205	155
2206	188
2207	46
2208	490
2209	57
2210	452
2211	71
2212	361
2213	44
2214	219
2215	96
2216	400
2217	55
2218	205
2219	38
2220	746
2221	56
2222	437
2223	54
2224	419
2225	62
2226	222
2227	64
2228	304
2229	48
2230	357
2231	48
2232	375
2233	76
2234	204
2235	65
2236	342
2237	57
2238	196
2239	45
2240	681
2241	64
2242	199
2243	41
2244	688
2245	86
2246	167
2247	48
2248	410
2249	46
2250	297
2251	44
2252	317
2253	56
2254	190
2255	397
2256	396
2257	42
2258	202
2259	45
2260	483
2261	49
2262	171
2263	50
2264	346
2265	55
2266	279
2267	51
2268	316
2269	46
2270	262
2271	61
2272	329
2273	37
2274	172
2275	60
2276	295
2277	98
2278	206
2279	51
2280	634
2281	45
2282	175
2283	46
2284	282
2285	60
2286	174
2287	36
2288	504
2289	54
2290	236
2291	42
2292	299
2293	47
2294	157
2295	66
2296	295
2297	41
2298	197
2299	88
2300	350
2301	55
2302	150
2303	37
2304	382
2305	56
2306	156
2307	41
2308	250
2309	45
2310	945
2311	42
2312	280
2313	46
2314	170
2315	48
2316	292
2317	38
2318	165
2319	56
2320	495
2321	57
2322	176
2323	26
2324	256
2325	71
2326	153
2327	42
2328	307
2329	36
2330	226
2331	38
2332	384
2333	52
2334	160
2335	45
2336	317
2337	48
2338	145
2339	32
2340	372
2341	35
2342	171
2343	60
2344	290
2345	47
2346	159
2347	39
2348	230
2349	37
2350	183
2351	38
2352	320
2353	42
2354	278
2355	51
2356	256
2357	33
2358	152
2359	38
2360	351
2361	30
2362	156
2363	28
2364	280
2365	190
2366	143
2367	44
2368	256
2369	37
2370	185
2371	31
2372	204
2373	42
2374	144
2375	46
2376	483
2377	31
2378	126
2379	35
2380	281
2381	43
2382	158
2383	41
2384	277
2385	52
2386	159
2387	62
2388	246
2389	29
2390	157
2391	42
2392	276
2393	25
2394	171
2395	33
2396	244
2397	35
2398	204
2399	38
2400	16009
2401	24
2402	519
2403	40
2404	932
2405	1366
2406	208
2407	65
2408	754
2409	108
2410	2382
2411	24
2412	446
2413	66
2414	260
2415	547
2416	515
2417	54
2418	203
2419	64
2420	3161
2421	52
2422	214
2423	37
2424	480
2425	379
2426	181
2427	33
2428	340
2429	52
2430	1306
2431	71
2432	363
2433	51
2434	195
2435	236
2436	288
2437	38
2438	163
2439	39
2440	1838
2441	31
2442	277
2443	40
2444	315
2445	311
2446	153
2447	41
2448	360
2449	49
2450	791
2451	37
2452	251
2453	52
2454	173
2455	164
2456	284
2457	42
2458	184
2459	35
2460	1166
2461	43
2462	160
2463	40
2464	428
2465	167
2466	141
2467	26
2468	266
2469	48
2470	478
2471	27
2472	295
2473	40
2474	164
2475	230
2476	242
2477	35
2478	159
2479	27
2480	1070
2481	25
2482	147
2483	33
2484	258
2485	138
2486	185
2487	35
2488	270
2489	42
2490	545
2491	31
2492	233
2493	33
2494	141
2495	101
2496	286
2497	50
2498	130
2499	36
2500	634
2501	25
2502	123
2503	23
2504	237
2505	91
2506	125
2507	29
2508	332
2509	32
2510	307
2511	39
2512	233
2513	28
2514	124
2515	54
2516	194
2517	40
2518	113
2519	41
2520	959
2521	21
2522	150
2523	24
2524	220
2525	87
2526	120
2527	15
2528	222
2529	40
2530	606
2531	28
2532	240
2533	22
2534	123
2535	107
2536	206
2537	25
2538	120
2539	31
2540	439
2541	45
2542	114
2543	39
2544	245
2545	56
2546	128
2547	32
2548	184
2549	34
2550	266
2551	27
2552	282
2553	27
2554	130
2555	40
2556	200
2557	30
2558	113
2559	33
2560	582
2561	34
2562	124
2563	42
2564	211
2565	76
2566	115
2567	26
2568	262
2569	23
2570	231
2571	29
2572	210
2573	40
2574	175
2575	48
2576	214
2577	21
2578	120
2579	27
2580	427
2581	30
2582	113
2583	26
2584	200
2585	119
2586	135
2587	28
2588	176
2589	26
2590	193
2591	20
2592	246
2593	22
2594	97
2595	48
2596	236
2597	30
2598	122
2599	25
2600	516
2601	30
2602	122
2603	13
2604	237
2605	56
2606	111
2607	42
2608	199
2609	22
2610	183
2611	25
2612	174
2613	27
2614	105
2615	43
2616	193
2617	23
2618	133
2619	24
2620	260
2621	27
2622	102
2623	23
2624	167
2625	46
2626	93
2627	25
2628	171
2629	31
2630	134
2631	23
2632	157
2633	24
2634	103
2635	34
2636	150
2637	20
2638	82
2639	28
2640	7217
2641	27
2642	163
2643	24
2644	350
2645	174
2646	156
2647	27
2648	367
2649	38
2650	541
2651	31
2652	284
2653	38
2654	123
2655	116
2656	274
2657	21
2658	109
2659	37
2660	570
2661	25
2662	496
2663	26
2664	279
2665	79
2666	132
2667	33
2668	181
2669	22
2670	311
2671	30
2672	213
2673	32
2674	103
2675	50
2676	197
2677	30
2678	107
2679	26
2680	409
2681	27
2682	108
2683	23
2684	658
2685	52
2686	117
2687	19
2688	273
2689	26
2690	166
2691	27
2692	172
2693	25
2694	102
2695	684
2696	182
2697	29
2698	95
2699	27
2700	599
2701	25
2702	85
2703	22
2704	194
2705	53
2706	221
2707	32
2708	151
2709	25
2710	165
2711	25
2712	180
2713	26
2714	85
2715	53
2716	122
2717	57
2718	106
2719	27
2720	350
2721	28
2722	107
2723	23
2724	175
2725	38
2726	72
2727	32
2728	492
2729	21
2730	182
2731	18
2732	171
2733	42
2734	74
2735	54
2736	191
2737	27
2738	106
2739	71
2740	269
2741	30
2742	94
2743	23
2744	167
2745	27
2746	89
2747	18
2748	167
2749	24
2750	982
2751	16
2752	178
2753	19
2754	101
2755	46
2756	146
2757	25
2758	90
2759	29
2760	361
2761	38
2762	91
2763	23
2764	137
2765	38
2766	91
2767	25
2768	148
2769	24
2770	154
2771	16
2772	339
2773	26
2774	96
2775	43
2776	183
2777	20
2778	94
2779	25
2780	220
2781	21
2782	68
2783	47
2784	213
2785	36
2786	83
2787	26
2788	156
2789	16
2790	160
2791	23
2792	158
2793	22
2794	188
2795	33
2796	121
2797	16
2798	92
2799	29
2800	280
2801	18
2802	91
2803	11
2804	150
2805	228
2806	80
2807	22
2808	179
2809	14
2810	110
2811	23
2812	125
2813	22
2814	84
2815	43
2816	363
2817	22
2818	123
2819	14
2820	236
2821	29
2822	87
2823	32
2824	138
2825	26
2826	82
2827	40
2828	138
2829	25
2830	95
2831	18
2832	182
2833	27
2834	60
2835	18
2836	130
2837	20
2838	155
2839	13
2840	187
2841	22
2842	93
2843	20
2844	125
2845	30
2846	84
2847	15
2848	137
2849	52
2850	89
2851	14
2852	125
2853	19
2854	69
2855	24
2856	153
2857	25
2858	73
2859	22
2860	982
2861	13
2862	88
2863	15
2864	172
2865	39
2866	59
2867	19
2868	164
2869	23
2870	126
2871	42
2872	137
2873	13
2874	96
2875	26
2876	123
2877	17
2878	72
2879	17
2880	2116
2881	18
2882	184
2883	7
2884	262
2885	107
2886	104
2887	26
2888	256
2889	19
2890	351
2891	9
2892	184
2893	39
2894	97
2895	84
2896	182
2897	20
2898	111
2899	19
2900	449
2901	21
2902	119
2903	30
2904	445
2905	51
2906	97
2907	22
2908	187
2909	26
2910	238
2911	23
2912	202
2913	32
2914	100
2915	164
2916	166
2917	17
2918	91
2919	30
2920	426
2921	20
2922	74
2923	19
2924	226
2925	61
2926	144
2927	24
2928	262
2929	24
2930	216
2931	21
2932	159
2933	26
2934	101
2935	54
2936	177
2937	45
2938	81
2939	16
2940	380
2941	18
2942	81
2943	18
2944	176
2945	41
2946	108
2947	17
2948	262
2949	19
2950	158
2951	20
2952	166
2953	15
2954	101
2955	42
2956	158
2957	28
2958	102
2959	43
2960	296
2961	14
2962	87
2963	16
2964	156
2965	35
2966	74
2967	21
2968	197
2969	12
2970	860
2971	19
2972	156
2973	19
2974	98
2975	30
2976	217
2977	21
2978	80
2979	17
2980	234
2981	30
2982	93
2983	29
2984	161
2985	23
2986	94
2987	18
2988	153
2989	15
2990	158
2991	20
2992	241
2993	18
2994	75
2995	20
2996	129
2997	20
2998	94
2999	18
3000	391
3001	14
3002	82
3003	16
3004	151
3005	27
3006	98
3007	17
3008	150
3009	17
3010	153
3011	24
3012	169
3013	21
3014	161
3015	31
3016	152
3017	8
3018	82
3019	19
3020	170
3021	14
3022	61
3023	18
3024	208
3025	98
3026	74
3027	17
3028	108
3029	16
3030	122
3031	19
3032	121
3033	19
3034	81
3035	18
3036	190
3037	21
3038	65
3039	22
3040	217
3041	15
3042	67
3043	7
3044	121
3045	36
3046	62
3047	23
3048	165
3049	16
3050	104
3051	18
3052	101
3053	20
3054	52
3055	27
3056	157
3057	20
3058	120
3059	9
3060	203
3061	10
3062	69
3063	18
3064	136
3065	15
3066	69
3067	11
3068	137
3069	34
3070	80
3071	15
3072	188
3073	15
3074	68
3075	26
3076	117
3077	15
3078	85
3079	12
3080	824
3081	14
3082	73
3083	11
3084	136
3085	40
3086	75
3087	19
3088	135
3089	19
3090	102
3091	20
3092	121
3093	26
3094	58
3095	19
3096	113
3097	19
3098	53
3099	14
3100	183
3101	20
3102	114
3103	7
3104	119
3105	20
3106	63
3107	12
3108	122
3109	18
3110	80
3111	14
3112	107
3113	26
3114	76
3115	11
3116	90
3117	16
3118	48
3119	13
3120	261
3121	10
3122	74
3123	16
3124	185
3125	19
3126	58
3127	11
3128	141
3129	13
3130	62
3131	10
3132	122
3133	17
3134	53
3135	130
3136	129
3137	6
3138	64
3139	18
3140	128
3141	19
3142	66
3143	10
3144	146
3145	26
3146	80
3147	15
3148	118
3149	17
3150	102
3151	17
3152	132
3153	11
3154	64
3155	15
3156	107
3157	24
3158	69
3159	10
3160	138
3161	11
3162	64
3163	12
3164	118
3165	19
3166	78
3167	17
3168	344
3169	16
3170	69
3171	15
3172	78
3173	18
3174	66
3175	12
3176	112
3177	8
3178	49
3179	28
3180	125
3181	14
3182	62
3183	17
3184	98
3185	14
3186	53
3187	8
3188	133
3189	16
3190	340
3191	12
3192	141
3193	15
3194	68
3195	12
3196	89
3197	14
3198	48
3199	13
3200	8537
3201	15
3202	252
3203	8
3204	569
3205	593
3206	76
3207	22
3208	455
3209	33
3210	1302
3211	16
3212	215
3213	24
3214	125
3215	297
3216	278
3217	22
3218	86
3219	16
3220	1196
3221	17
3222	93
3223	40
3224	195
3225	208
3226	65
3227	15
3228	174
3229	24
3230	737
3231	19
3232	154
3233	22
3234	128
3235	132
3236	151
3237	15
3238	62
3239	18
3240	1149
3241	20
3242	85
3243	10
3244	190
3245	291
3246	72
3247	18
3248	161
3249	26
3250	467
3251	6
3252	141
3253	30
3254	76
3255	99
3256	193
3257	11
3258	80
3259	12
3260	751
3261	17
3262	70
3263	17
3264	168
3265	116
3266	61
3267	29
3268	95
3269	11
3270	333
3271	18
3272	124
3273	21
3274	60
3275	69
3276	144
3277	14
3278	97
3279	11
3280	537
3281	8
3282	63
3283	21
3284	114
3285	79
3286	56
3287	13
3288	135
3289	17
3290	303
3291	21
3292	107
3293	14
3294	83
3295	43
3296	97
3297	16
3298	73
3299	10
3300	1415
3301	12
3302	66
3303	19
3304	109
3305	49
3306	78
3307	13
3308	100
3309	17
3310	191
3311	22
3312	130
3313	13
3314	48
3315	27
3316	82
3317	8
3318	58
3319	9
3320	570
3321	9
3322	102
3323	16
3324	93
3325	58
3326	59
3327	14
3328	118
3329	17
3330	181
3331	9
3332	95
3333	20
3334	60
3335	58
3336	110
3337	24
3338	50
3339	12
3340	291
3341	14
3342	54
3343	16
3344	176
3345	24
3346	52
3347	14
3348	103
3349	7
3350	150
3351	9
3352	115
3353	16
3354	62
3355	100
3356	67
3357	9
3358	42
3359	8
3360	366
3361	15
3362	56
3363	8
3364	91
3365	33
3366	75
3367	13
3368	107
3369	16
3370	127
3371	12
3372	91
3373	17
3374	40
3375	22
3376	74
3377	13
3378	52
3379	9
3380	272
3381	10
3382	41
3383	11
3384	110
3385	30
3386	50
3387	10
3388	132
3389	17
3390	106
3391	14
3392	91
3393	8
3394	48
3395	20
3396	96
3397	17
3398	47
3399	25
3400	266
3401	13
3402	49
3403	8
3404	85
3405	20
3406	48
3407	11
3408	133
3409	13
3410	308
3411	10
3412	98
3413	13
3414	57
3415	20
3416	83
3417	15
3418	31
3419	13
3420	179
3421	14
3422	47
3423	11
3424	85
3425	22
3426	61
3427	12
3428	86
3429	18
3430	81
3431	11
3432	140
3433	8
3434	47
3435	14
3436	81
3437	13
3438	39
3439	14
3440	239
3441	4
3442	35
3443	13
3444	101
3445	26
3446	37
3447	16
3448	93
3449	13
3450	90
3451	8
3452	82
3453	11
3454	65
3455	20
3456	98
3457	5
3458	35
3459	11
3460	158
3461	9
3462	40
3463	11
3464	76
3465	61
3466	32
3467	8
3468	76
3469	8
3470	94
3471	7
3472	84
3473	6
3474	48
3475	14
3476	100
3477	10
3478	42
3479	6
3480	161
3481	10
3482	38
3483	13
3484	64
3485	13
3486	44
3487	12
3488	89
3489	9
3490	52
3491	11
3492	71
3493	12
3494	40
3495	17
3496	77
3497	11
3498	57
3499	11
3500	142
3501	8
3502	41
3503	10
3504	95
3505	8
3506	46
3507	12
3508	70
3509	18
3510	50
3511	8
3512	74
3513	10
3514	40
3515	8
3516	75
3517	7
3518	43
3519	10
3520	1371
3521	10
3522	36
3523	7
3524	111
3525	42
3526	39
3527	7
3528	102
3529	14
3530	106
3531	10
3532	76
3533	10
3534	47
3535	31
3536	76
3537	9
3538	34
3539	7
3540	139
3541	8
3542	124
3543	8
3544	73
3545	18
3546	44
3547	7
3548	60
3549	8
3550	66
3551	13
3552	78
3553	11
3554	28
3555	22
3556	72
3557	4
3558	40
3559	12
3560	174
3561	8
3562	44
3563	10
3564	175
3565	23
3566	29
3567	7
3568	72
3569	12
3570	85
3571	6
3572	70
3573	10
3574	55
3575	140
3576	79
3577	7
3578	33
3579	10
3580	110
3581	14
3582	26
3583	8
3584	64
3585	16
3586	47
3587	8
3588	67
3589	14
3590	50
3591	12
3592	58
3593	7
3594	46
3595	10
3596	70
3597	18
3598	34
3599	8
3600	2267
3601	7
3602	66
3603	8
3604	145
3605	173
3606	57
3607	13
3608	189
3609	15
3610	323
3611	6
3612	100
3613	20
3614	53
3615	70
3616	91
3617	11
3618	45
3619	27
3620	345
3621	13
3622	44
3623	9
3624	105
3625	53
3626	38
3627	6
3628	95
3629	14
3630	432
3631	6
3632	83
3633	10
3634	37
3635	28
3636	67
3637	10
3638	40
3639	14
3640	290
3641	12
3642	38
3643	6
3644	55
3645	54
3646	35
3647	6
3648	101
3649	5
3650	138
3651	6
3652	100
3653	12
3654	57
3655	25
3656	83
3657	5
3658	29
3659	15
3660	208
3661	11
3662	36
3663	17
3664	75
3665	25
3666	30
3667	7
3668	61
3669	6
3670	98
3671	8
3672	87
3673	11
3674	62
3675	20
3676	73
3677	11
3678	37
3679	13
3680	204
3681	8
3682	36
3683	9
3684	68
3685	90
3686	43
3687	5
3688	86
3689	13
3690	115
3691	8
3692	71
3693	16
3694	31
3695	25
3696	103
3697	11
3698	33
3699	4
3700	137
3701	6
3702	39
3703	5
3704	73
3705	17
3706	42
3707	7
3708	51
3709	4
3710	53
3711	12
3712	66
3713	8
3714	29
3715	11
3716	74
3717	10
3718	51
3719	14
3720	152
3721	4
3722	31
3723	5
3724	61
3725	20
3726	40
3727	11
3728	66
3729	11
3730	63
3731	4
3732	64
3733	12
3734	34
3735	17
3736	61
3737	9
3738	33
3739	9
3740	326
3741	10
3742	29
3743	6
3744	80
3745	24
3746	36
3747	3
3748	55
3749	10
3750	71
3751	11
3752	48
3753	4
3754	30
3755	14
3756	54
3757	10
3758	35
3759	9
3760	145
3761	9
3762	54
3763	8
3764	52
3765	16
3766	23
3767	12
3768	72
3769	11
3770	52
3771	9
3772	54
3773	15
3774	26
3775	15
3776	45
3777	11
3778	28
3779	10
3780	116
3781	5
3782	32
3783	7
3784	85
3785	16
3786	34
3787	6
3788	49
3789	8
3790	62
3791	8
3792	81
3793	10
3794	17
3795	63
3796	50
3797	7
3798	33
3799	11
3800	121
3801	4
3802	31
3803	5
3804	52
3805	15
3806	44
3807	8
3808	45
3809	5
3810	44
3811	10
3812	48
3813	6
3814	17
3815	16
3816	70
3817	7
3818	17
3819	12
3820	62
3821	14
3822	30
3823	7
3824	45
3825	8
3826	31
3827	11
3828	71
3829	4
3830	40
3831	9
3832	43
3833	6
3834	15
3835	7
3836	48
3837	7
3838	15
3839	9
3840	332
3841	6
3842	40
3843	5
3844	63
3845	10
3846	28
3847	6
3848	62
3849	5
3850	239
3851	1
3852	55
3853	11
3854	28
3855	14
3856	52
3857	3
3858	39
3859	10
3860	88
3861	9
3862	30
3863	4
3864	72
3865	15
3866	26
3867	7
3868	56
3869	10
3870	63
3871	6
3872	83
3873	11
3874	32
3875	9
3876	58
3877	8
3878	28
3879	7
3880	108
3881	5
3882	26
3883	11
3884	51
3885	17
3886	27
3887	6
3888	65
3889	10
3890	40
3891	6
3892	47
3893	3
3894	37
3895	8
3896	49
3898	32
3899	12
3900	83
3901	9
3902	22
3903	13
3904	55
3905	37
3906	28
3907	6
3908	41
3909	10
3910	39
3911	6
3912	65
3913	4
3914	29
3915	6
3916	52
3917	13
3918	27
3919	5
3920	92
3921	1
3922	25
3923	11
3924	40
3925	11
3926	28
3927	21
3928	40
3929	10
3930	61
3931	1
3932	39
3933	6
3934	22
3935	8
3936	61
3937	8
3938	25
3939	11
3940	62
3941	6
3942	32
3943	6
3944	50
3945	8
3946	20
3947	5
3948	40
3949	14
3950	41
3951	9
3952	44
3953	6
3954	24
3955	10
3956	48
3957	6
3958	31
3959	4
3960	2033
3961	7
3962	31
3963	8
3964	66
3965	62
3966	31
3967	4
3968	88
3969	12
3970	114
3971	8
3972	51
3973	6
3974	28
3975	23
3976	53
3977	4
3978	48
3979	5
3980	138
3981	7
3982	107
3983	7
3984	52
3985	19
3986	24
3987	10
3988	52
3989	8
3990	60
3991	5
3992	39
3993	6
3994	18
3995	7
3996	46
3997	6
3998	23
3999	7
4000	159
4001	4
4002	28
4003	3
4004	134
4005	14
4006	28
4007	7
4008	64
4009	6
4010	51
4011	7
4012	42
4013	9
4014	30
4015	183
4016	38
4017	6
4018	25
4019	8
4020	87
4021	7
4022	23
4023	3
4024	35
4025	21
4026	35
4027	7
4028	33
4029	8
4030	37
4031	7
4032	38
4033	5
4034	19
4035	19
4036	30
4037	18
4038	19
4039	5
4040	83
4041	7
4042	20
4043	7
4044	44
4045	13
4046	28
4047	6
4048	124
4049	4
4050	35
4051	3
4052	33
4053	3
4054	22
4055	14
4056	46
4057	3
4058	23
4059	15
4060	57
4061	8
4062	19
4063	7
4064	50
4065	5
4066	21
4067	7
4068	41
4069	7
4070	275
4071	4
4072	34
4073	4
4074	27
4075	15
4076	27
4077	7
4078	29
4079	5
4080	112
4081	6
4082	17
4083	6
4084	28
4085	14
4086	17
4087	4
4088	34
4089	4
4090	43
4091	6
4092	59
4093	3
4094	26
4095	13
4096	40
4097	5
4098	26
4099	2
4100	49
4101	3
4102	31
4103	11
4104	34
4105	8
4106	9
4107	6
4108	22
4109	6
4110	48
4111	6
4112	39
4113	7
4114	39
4115	6
4116	35
4117	9
4118	17
4119	9
4120	45
4121	5
4122	21
4123	4
4124	38
4125	67
4126	17
4127	3
4128	41
4129	6
4130	29
4131	4
4132	20
4133	7
4134	17
4135	6
4136	67
4137	3
4138	19
4139	5
4140	50
4141	5
4142	20
4143	5
4144	34
4145	14
4146	23
4147	13
4148	33
4149	3
4150	12
4151	6
4152	30
4153	5
4154	23
4155	7
4156	22
4157	4
4158	35
4159	5
4160	42
4161	5
4162	22
4163	7
4164	36
4165	12
4166	11
4167	3
4168	22
4169	7
4170	21
4171	5
4172	31
4173	8
4174	12
4175	5
4176	32
4177	1
4178	20
4179	8
4180	289
4181	2
4182	20
4183	4
4184	31
4185	11
4186	14
4187	8
4188	36
4189	7
4190	32
4191	9
4192	32
4193	7
4194	13
4195	4
4196	32
4197	5
4198	15
4199	3
4200	73
4201	3
4202	33
4203	3
4204	33
4205	9
4206	19
4207	8
4208	25
4209	4
4210	26
4211	6
4212	37
4213	7
4214	17
4215	7
4216	27
4217	7
4218	11
4219	3
4220	41
4221	8
4222	17
4223	6
4224	104
4225	1
4226	17
4227	1
4228	29
4229	9
4230	24
4231	2
4232	29
4233	4
4234	24
4235	48
4236	32
4237	4
4238	14
4239	4
4240	59
4241	5
4242	18
4243	8
4244	30
4245	8
4246	33
4247	5
4248	31
4249	3
4250	19
4251	5
4252	29
4253	6
4254	16
4255	9
4256	23
4257	4
4258	24
4259	7
4260	33
4261	3
4262	18
4263	6
4264	30
4265	4
4266	10
4267	2
4268	46
4269	4
4270	19
4271	1
4272	40
4273	5
4274	15
4275	8
4276	31
4277	3
4278	16
4279	8
4280	31
4281	2
4282	21
4283	4
4284	33
4285	5
4286	15
4287	4
4288	31
4289	6
4290	158
4291	1
4292	23
4293	3
4294	20
4295	11
4296	32
4297	3
4298	19
4299	3
4300	29
4301	10
4302	16
4303	2
4304	28
4305	4
4306	13
4307	3
4308	32
4309	1
4310	27
4311	1
4312	47
4313	4
4314	12
4315	4
4316	22
4317	3
4318	16
4319	3
4320	448
4321	1
4322	17
4323	5
4324	48
4325	24
4326	27
4327	5
4328	50
4329	4
4330	83
4331	2
4332	39
4333	4
4334	43
4335	25
4336	43
4337	5
4338	18
4339	4
4340	86
4341	3
4342	18
4343	1
4344	65
4345	27
4346	20
4347	3
4348	30
4349	8
4350	57
4351	6
4352	34
4353	6
4354	20
4355	13
4356	40
4357	4
4358	29
4359	7
4360	92
4361	7
4362	22
4363	2
4364	47
4365	5
4366	17
4367	5
4368	67
4369	4
4370	32
4371	4
4372	36
4373	3
4374	26
4375	5
4376	33
4377	4
4378	25
4379	6
4380	89
4381	5
4382	20
4383	6
4384	27
4385	7
4386	22
4387	4
4388	26
4389	5
4390	36
4391	2
4392	40
4393	3
4394	24
4395	10
4396	28
4397	5
4398	20
4399	3
4400	2584
4401	6
4402	22
4403	4
4404	66
4405	63
4406	29
4407	2
4408	69
4409	3
4410	134
4411	6
4412	33
4413	12
4414	23
4415	35
4416	38
4418	23
4419	1
4420	148
4421	4
4422	135
4423	6
4424	38
4425	15
4426	16
4427	16
4428	31
4429	4
4430	71
4431	5
4432	34
4433	3
4434	21
4435	5
4436	23
4437	10
4438	20
4439	4
4440	151
4441	5
4442	25
4443	6
4444	185
4445	10
4446	16
4447	4
4448	38
4449	5
4450	41
4451	3
4452	49
4453	2
4454	21
4455	230
4456	33
4457	4
4458	10
4459	8
4460	62
4461	6
4462	19
4463	6
4464	40
4465	8
4466	50
4467	3
4468	33
4469	8
4470	26
4471	3
4472	33
4473	6
4474	18
4475	11
4476	27
4477	16
4478	19
4479	2
4480	56
4482	19
4483	4
4484	31
4485	12
4486	15
4487	6
4488	149
4489	2
4490	29
4491	4
4492	25
4493	3
4494	15
4495	12
4496	33
4498	16
4499	8
4500	43
4501	2
4502	11
4503	5
4504	24
4505	4
4506	18
4507	3
4508	37
4509	4
4510	266
4511	2
4512	34
4513	8
4514	17
4515	7
4516	29
4517	7
4518	16
4519	5
4520	65
4521	4
4522	18
4523	4
4524	25
4525	8
4526	15
4527	5
4528	30
4529	6
4530	40
4531	4
4532	47
4533	6
4534	14
4535	8
4536	27
4537	6
4538	11
4539	4
4540	35
4541	3
4542	17
4543	7
4544	30
4545	1
4546	12
4547	6
4548	26
4549	1
4550	21
4551	4
4552	40
4553	4
4554	43
4555	6
4556	32
4557	5
4558	21
4559	2
4560	64
4561	4
4562	26
4563	5
4564	36
4565	61
4566	11
4567	5
4568	28
4569	3
4570	24
4571	2
4572	29
4573	5
4574	12
4575	7
4576	58
4577	4
4578	11
4579	5
4580	41
4581	2
4582	14
4583	7
4584	44
4585	2
4586	8
4587	8
4588	27
4589	3
4590	19
4591	5
4592	22
4593	2
4594	17
4595	3
4596	32
4597	2
4598	32
4599	3
4600	41
4601	4
4602	14
4603	4
4604	28
4605	8
4606	13
4607	1
4608	40
4609	6
4610	11
4611	2
4612	15
4613	1
4614	16
4615	4
4616	25
4617	2
4618	14
4619	3
4620	368
4621	2
4622	16
4623	5
4624	34
4625	10
4626	16
4627	2
4628	45
4629	2
4630	20
4631	5
4632	31
4633	3
4634	12
4636	30
4637	1
4638	11
4639	6
4640	45
4641	1
4642	38
4643	1
4644	24
4645	7
4646	7
4647	5
4648	19
4649	3
4650	28
4651	4
4652	24
4653	8
4654	12
4655	7
4656	37
4657	2
4658	11
4659	2
4660	42
4661	4
4662	15
4663	1
4664	59
4665	4
4666	9
4667	3
4668	20
4669	7
4670	15
4671	2
4672	25
4673	1
4674	13
4675	44
4676	15
4677	6
4678	8
4679	5
4680	50
4681	3
4682	11
4683	4
4684	20
4685	8
4686	21
4687	3
4688	19
4689	3
4690	22
4691	2
4692	16
4693	1
4694	7
4695	6
4696	27
4697	3
4698	12
4699	1
4700	29
4701	1
4702	10
4703	6
4704	24
4705	2
4706	9
4707	2
4708	36
4709	3
4710	16
4711	4
4712	19
4713	4
4714	14
4715	4
4716	28
4717	4
4718	17
4719	12
4720	25
4721	4
4722	18
4723	2
4724	26
4725	5
4726	7
4727	5
4728	27
4730	163
4731	5
4732	21
4733	1
4734	10
4735	6
4736	27
4737	5
4738	12
4739	5
4740	29
4741	5
4742	10
4743	3
4744	17
4745	2
4746	13
4748	18
4749	3
4750	23
4751	3
4752	78
4753	4
4754	16
4755	1
4756	19
4757	2
4758	14
4759	3
4760	32
4761	1
4762	16
4763	3
4764	26
4765	3
4766	12
4767	7
4768	20
4769	3
4770	17
4771	2
4772	22
4773	1
4774	28
4775	1
4776	24
4777	3
4778	13
4779	2
4780	29
4781	4
4782	19
4783	5
4784	30
4785	27
4786	10
4787	4
4788	19
4789	5
4790	10
4791	2
4792	20
4793	1
4794	17
4795	1
4796	28
4797	1
4798	10
4799	6
4800	3705
4801	2
4802	84
4803	1
4804	217
4805	317
4806	46
4807	13
4808	152
4809	19
4810	596
4811	2
4812	75
4813	11
4814	42
4815	127
4816	96
4817	6
4818	52
4819	5
4820	536
4821	9
4822	27
4823	8
4824	92
4825	82
4826	16
4827	10
4828	49
4829	9
4830	344
4831	5
4832	67
4833	2
4834	39
4835	42
4836	27
4837	7
4838	29
4839	9
4840	674
4841	4
4842	33
4843	3
4844	68
4845	78
4846	22
4847	5
4848	73
4849	6
4850	213
4851	5
4852	29
4853	8
4854	25
4855	47
4856	57
4857	4
4858	15
4859	7
4860	350
4861	7
4862	36
4863	11
4864	41
4865	39
4866	20
4867	5
4868	39
4869	5
4870	136
4871	3
4872	53
4873	4
4874	26
4875	22
4876	27
4877	6
4878	13
4879	4
4880	232
4881	8
4882	15
4883	2
4884	69
4885	23
4886	22
4887	4
4888	57
4889	3
4890	130
4891	5
4892	29
4893	4
4894	19
4895	58
4896	50
4898	20
4899	6
4900	141
4901	3
4902	14
4903	8
4904	25
4905	15
4906	17
4907	5
4908	30
4909	1
4910	63
4911	4
4912	33
4913	6
4914	15
4915	12
4916	28
4917	11
4918	15
4919	2
4920	186
4921	2
4922	17
4923	2
4924	28
4925	32
4926	13
4927	3
4928	39
4929	3
4930	80
4932	28
4933	5
4934	9
4935	24
4936	23
4937	4
4938	19
4939	10
4940	85
4941	7
4942	11
4943	6
4944	33
4945	9
4946	16
4947	6
4948	32
4949	4
4950	210
4951	4
4952	22
4953	2
4954	19
4955	13
4956	20
4957	2
4958	14
4959	1
4960	104
4961	6
4962	16
4963	8
4964	24
4965	9
4966	12
4967	3
4968	34
4969	3
4970	55
4971	2
4972	44
4973	4
4974	9
4975	6
4976	27
4977	4
4978	11
4979	2
4980	100
4981	2
4982	10
4983	4
4984	20
4985	8
4986	13
4988	23
4989	2
4990	35
4991	3
4992	27
4993	1
4994	21
4995	13
4996	22
4997	5
4998	19
5000	96
5001	5
5002	13
5003	3
5004	26
5005	28
5006	12
5007	4
5008	26
5009	2
5010	43
5011	1
5012	24
5013	5
5014	14
5015	6
5016	40
5017	3
5018	15
5019	4
5020	63
5021	3
5022	8
5023	2
5024	21
5025	9
5026	11
5027	4
5028	26
5029	3
5030	23
5031	2
5032	12
5033	4
5034	4
5035	2
5036	17
5038	12
5039	2
5040	112
5041	1
5042	13
5043	1
5044	28
5045	15
5046	15
5047	4
5048	21
5049	2
5050	28
5051	1
5052	24
5053	4
5054	7
5055	8
5056	11
5057	1
5058	19
5059	5
5060	167
5061	3
5062	13
5063	3
5064	29
5065	8
5066	12
5067	3
5068	21
5069	1
5070	45
5071	3
5072	22
5073	1
5074	11
5075	10
5076	20
5077	1
5078	13
5079	2
5080	40
5081	5
5082	21
5084	18
5085	6
5086	9
5087	2
5088	34
5089	3
5090	21
5091	4
5092	17
5093	2
5094	5
5095	6
5096	20
5097	4
5098	12
5099	1
5100	56
5101	4
5102	12
5104	32
5105	2
5106	10
5107	2
5108	15
5109	7
5110	19
5111	2
5112	23
5113	2
5114	7
5115	26
5116	18
5117	3
5118	8
5119	3
5120	58
5121	2
5122	9
5123	2
5124	32
5125	6
5126	5
5127	1
5128	23
5129	2
5130	29
5131	6
5132	18
5133	1
5134	11
5135	6
5136	22
5137	6
5138	11
5139	3
5140	32
5141	4
5142	8
5143	2
5144	25
5145	5
5146	15
5147	2
5148	29
5149	1
5150	13
5151	4
5152	14
5153	5
5154	6
5156	17
5157	3
5158	4
5159	4
5160	52
5161	3
5162	4
5163	3
5164	15
5165	3
5166	14
5167	2
5168	19
5169	7
5170	77
5171	1
5172	26
5173	2
5174	10
5175	6
5176	16
5177	1
5178	9
5179	5
5180	27
5182	12
5183	4
5184	28
5186	12
5187	1
5188	15
5189	2
5190	21
5191	3
5192	26
5193	1
5194	12
5195	3
5196	16
5198	8
5199	3
5200	46
5201	5
5202	8
5203	6
5204	13
5205	7
5206	10
5207	4
5208	22
5209	3
5210	22
5211	2
5212	17
5213	5
5214	11
5215	4
5216	17
5217	1
5218	9
5219	2
5220	26
5221	3
5222	6
5224	17
5225	18
5226	9
5227	1
5228	11
5229	1
5230	13
5231	1
5232	16
5233	1
5234	13
5235	3
5236	18
5237	1
5238	7
5239	5
5240	30
5241	2
5242	8
5243	1
5244	11
5245	4
5246	5
5247	4
5248	13
5249	3
5250	13
5251	2
5252	10
5253	3
5254	9
5255	4
5256	21
5257	3
5258	12
5259	1
5260	17
5261	3
5262	17
5263	2
5264	10
5265	3
5266	11
5267	3
5268	15
5269	2
5270	11
5271	2
5272	20
5274	8
5276	13
5277	3
5278	10
5279	1
5280	1654
5281	1
5282	18
5284	55
5285	40
5286	12
5287	2
5288	43
5290	101
5291	5
5292	29
5293	3
5294	9
5295	32
5296	38
5297	3
5298	13
5299	3
5300	87
5301	3
5302	99
5303	3
5304	38
5305	11
5306	12
5307	4
5308	18
5309	3
5310	65
5311	4
5312	21
5313	5
5314	17
5315	6
5316	22
5317	5
5318	10
5319	7
5320	66
5321	5
5322	16
5323	6
5324	120
5325	10
5326	14
5327	1
5328	38
5329	5
5330	22
5331	1
5332	22
5333	1
5334	13
5335	159
5336	17
5337	3
5338	8
5339	5
5340	57
5341	1
5342	6
5343	6
5344	21
5345	12
5346	15
5347	4
5348	19
5349	4
5350	26
5351	3
5352	11
5353	1
5354	7
5355	15
5356	12
5357	5
5358	3
5359	6
5360	40
5362	11
5363	5
5364	14
5365	15
5366	7
5367	4
5368	66
5369	7
5370	23
5371	3
5372	13
5373	2
5374	5
5375	9
5376	18
5377	4
5378	14
5379	8
5380	31
5381	2
5382	3
5383	5
5384	24
5385	8
5386	8
5387	3
5388	19
5390	219
5391	5
5392	13
5394	11
5395	1
5396	14
5398	6
5399	5
5400	195
5402	10
5403	2
5404	19
5405	12
5406	16
5407	1
5408	17
5409	4
5410	41
5412	45
5413	1
5414	7
5415	7
5416	20
5417	2
5418	7
5420	40
5421	3
5422	7
5423	12
5424	19
5425	5
5426	9
5428	13
5429	1
5430	30
5431	3
5432	11
5433	3
5434	25
5435	8
5436	11
5437	3
5438	11
5439	2
5440	37
5442	12
5443	3
5444	12
5445	61
5446	4
5447	1
5448	23
5450	15
5451	4
5452	13
5453	1
5454	7
5455	9
5456	31
5458	14
5459	2
5460	38
5461	5
5462	7
5463	4
5464	17
5465	13
5466	12
5467	4
5468	12
5469	1
5470	12
5471	1
5472	23
5473	3
5474	10
5475	4
5476	13
5478	20
5479	1
5480	37
5482	8
5483	3
5484	13
5485	6
5486	9
5487	2
5488	12
5489	2
5490	19
5491	6
5492	16
5493	2
5494	6
5495	4
5496	7
5498	9
5499	2
5500	232
5501	1
5502	7
5503	4
5504	10
5505	13
5506	7
5508	19
5509	3
5510	15
5511	7
5512	14
5514	8
5515	7
5516	12
5517	2
5518	8
5519	1
5520	62
5521	1
5522	24
5523	1
5524	26
5525	1
5526	9
5527	3
5528	20
5529	1
5530	22
5531	1
5532	18
5533	7
5534	7
5535	2
5536	8
5537	2
5538	9
5540	30
5541	2
5542	11
5543	1
5544	48
5545	4
5546	5
5548	14
5550	10
5552	15
5553	1
5554	5
5555	41
5556	8
5557	3
5558	5
5559	6
5560	27
5561	1
5562	13
5563	1
5564	16
5565	4
5566	19
5567	5
5568	23
5569	4
5570	4
5572	15
5573	2
5574	11
5575	5
5576	13
5577	3
5578	7
5579	3
5580	21
5581	2
5582	4
5583	2
5584	16
5585	3
5586	16
5587	2
5588	25
5589	3
5590	12
5592	16
5593	1
5594	8
5595	5
5596	8
5598	9
5599	1
5600	29
5601	1
5602	10
5603	2
5604	14
5605	2
5606	7
5607	5
5608	10
5609	2
5610	126
5611	5
5612	19
5613	1
5614	8
5615	6
5616	19
5617	3
5618	9
5619	2
5620	17
5622	8
5624	13
5626	7
5627	2
5628	13
5630	15
5631	1
5632	30
5634	4
5635	1
5636	8
5637	2
5638	10
5640	27
5641	2
5642	5
5643	2
5644	7
5645	2
5646	7
5647	2
5648	14
5649	2
5650	10
5652	8
5653	3
5654	20
5655	2
5656	12
5657	1
5658	6
5659	2
5660	15
5661	1
5662	7
5663	1
5664	9
5665	18
5666	3
5668	6
5669	4
5670	15
5671	2
5672	20
5674	3
5675	2
5676	18
5677	3
5678	3
5679	1
5680	22
5682	8
5683	1
5684	11
5685	3
5686	9
5687	2
5688	10
5689	1
5690	9
5692	7
5693	1
5694	6
5695	4
5696	7
5697	1
5698	13
5699	3
5700	20
5701	2
5702	5
5703	6
5704	12
5705	6
5706	8
5707	1
5708	17
5709	6
5710	8
5711	4
5712	14
5713	1
5714	6
5715	1
5716	13
5717	5
5718	5
5720	154
5722	9
5723	4
5724	13
5725	6
5726	6
5727	2
5728	11
5730	14
5731	3
5732	10
5733	3
5734	7
5735	3
5736	12
5738	3
5739	1
5740	15
5741	2
5742	14
5743	3
5744	9
5745	1
5746	6
5748	15
5749	1
5750	10
5751	1
5752	9
5753	4
5754	6
5755	2
5756	10
5757	1
5758	9
5759	1
5760	168
5761	2
5762	5
5764	38
5765	8
5766	17
5767	2
5768	24
5769	2
5770	34
5771	1
5772	10
5773	5
5774	9
5775	45
5776	17
5778	13
5779	2
5780	37
5781	1
5782	14
5783	2
5784	25
5785	4
5786	13
5788	16
5789	1
5790	17
5791	1
5792	29
5793	1
5794	6
5795	4
5796	12
5797	2
5798	6
5799	4
5800	40
5801	1
5802	10
5803	1
5804	20
5805	5
5806	10
5807	5
5808	41
5809	1
5810	9
5811	3
5812	10
5813	1
5814	5
5815	3
5816	15
5817	2
5818	6
5819	1
5820	33
5822	6
5824	19
5825	2
5826	14
5827	1
5828	14
5829	2
5830	81
5832	19
5833	3
5834	4
5835	1
5836	16
5838	3
5840	29
5841	3
5842	6
5843	2
5844	12
5845	3
5846	3
5847	1
5848	21
5849	1
5850	16
5851	2
5852	22
5853	2
5854	5
5855	4
5856	18
5857	1
5858	5
5859	1
5860	19
5861	3
5862	5
5863	7
5864	16
5865	1
5866	12
5867	1
5868	24
5869	3
5870	12
5871	2
5872	13
5874	16
5875	4
5876	14
5877	2
5878	2
5879	1
5880	43
5882	2
5884	8
5885	22
5886	9
5887	4
5888	20
5889	2
5890	10
5891	3
5892	10
5893	1
5894	6
5895	6
5896	17
5897	3
5898	8
5899	1
5900	15
5901	1
5902	4
5903	1
5904	17
5905	2
5906	8
5907	2
5908	13
5909	2
5910	15
5911	2
5912	12
5913	1
5914	7
5915	2
5916	20
5918	13
5920	13
5921	1
5922	6
5923	2
5924	14
5925	4
5926	8
5927	3
5928	10
5929	2
5930	2
5931	1
5932	11
5933	2
5934	4
5936	15
5937	1
5938	8
5939	1
5940	306
5941	1
5942	6
5943	2
5944	19
5945	8
5946	6
5948	13
5949	1
5950	26
5951	3
5952	13
5953	1
5954	7
5955	7
5956	11
5957	1
5958	9
5960	38
5961	1
5962	18
5964	11
5965	3
5966	6
5967	2
5968	9
5969	2
5970	9
5971	1
5972	5
5973	6
5974	8
5975	1
5976	21
5977	1
5978	3
5980	29
5981	1
5982	9
5984	30
5985	1
5986	5
5987	5
5988	11
5989	3
5990	12
5991	2
5992	11
5993	2
5994	3
5995	36
5996	11
5998	2
5999	1
6000	30
6001	2
6002	11
6003	1
6004	10
6005	1
6006	7
6007	1
6008	11
6010	13
6012	10
6013	2
6014	5
6015	2
6016	12
6017	5
6018	3
6019	1
6020	18
6021	1
6022	5
6023	1
6024	11
6025	3
6026	5
6027	1
6028	14
6029	2
6030	12
6031	2
6032	14
6033	1
6034	4
6035	3
6036	16
6037	4
6038	6
6039	4
6040	15
6042	3
6043	2
6044	11
6045	2
6046	5
6047	2
6048	18
6049	2
6050	60
6051	1
6052	11
6053	2
6054	5
6055	2
6056	11
6057	1
6058	5
6060	13
6061	2
6062	2
6063	3
6064	4
6065	1
6066	8
6068	10
6069	1
6070	7
6072	16
6073	1
6074	5
6076	4
6077	1
6078	5
6080	13
6081	4
6082	4
6083	1
6084	13
6085	3
6086	2
6087	1
6088	7
6089	2
6090	7
6091	2
6092	3
6093	1
6094	11
6095	1
6096	11
6097	1
6098	5
6099	1
6100	13
6101	1
6102	4
6103	1
6104	14
6105	11
6106	6
6107	1
6108	4
6110	6
6111	2
6112	13
6113	2
6114	2
6116	7
6117	1
6118	4
6119	3
6120	26
6122	5
6123	1
6124	10
6125	1
6126	9
6127	3
6128	10
6129	2
6130	8
6131	1
6132	11
6133	1
6134	2
6136	11
6137	2
6138	5
6140	6
6141	1
6142	5
6144	14
6146	3
6148	3
6149	3
6150	8
6151	2
6152	8
6154	5
6156	10
6157	1
6158	6
6160	96
6161	1
6162	3
6163	1
6164	6
6165	2
6166	9
6168	9
6169	2
6170	11
6171	3
6172	8
6174	2
6175	1
6176	9
6177	2
6178	4
6179	1
6180	19
6182	9
6183	2
6184	5
6186	7
6188	7
6190	6
6191	1
6192	7
6193	2
6194	5
6196	4
6197	2
6198	6
6199	1
6200	13
6201	2
6202	9
6204	14
6206	2
6207	1
6208	11
6210	4
6211	1
6212	7
6213	1
6214	4
6215	14
6216	7
6218	9
6219	2
6220	7
6221	1
6222	7
6223	1
6224	7
6225	2
6226	7
6227	1
6228	11
6230	5
6231	2
6232	9
6233	1
6234	7
6235	3
6236	4
6237	3
6239	1
6240	15
6241	1
6242	8
6243	1
6244	14
6245	1
6246	3
6248	12
6250	5
6251	2
6252	9
6253	1
6254	4
6255	3
6256	7
6258	3
6259	4
6260	15
6261	2
6262	5
6263	1
6264	10
6266	8
6268	11
6269	2
6270	45
6272	10
6273	3
6274	6
6276	5
6278	2
6280	8
6281	2
6282	5
6283	1
6284	9
6286	4
6287	1
6288	14
6290	5
6291	1
6292	10
6293	2
6294	9
6296	7
6297	4
6298	4
6300	18
6302	5
6303	4
6304	11
6305	2
6306	2
6308	7
6309	1
6310	7
6312	17
6314	12
6316	7
6318	1
6319	1
6320	10
6322	6
6323	2
6324	7
6325	12
6326	4
6327	2
6328	5
6330	4
6331	1
6332	9
6333	3
6334	2
6335	1
6336	28
6337	1
6338	4
6340	6
6341	1
6342	4
6344	4
6346	5
6347	2
6348	7
6350	5
6351	2
6352	5
6353	2
6354	7
6355	1
6356	7
6358	8
6359	1
6360	8
6361	2
6362	7
6363	1
6364	8
6365	1
6366	2
6367	3
6368	14
6370	3
6371	1
6372	5
6373	1
6374	3
6376	13
6377	2
6378	4
6380	67
6381	2
6382	3
6384	12
6385	1
6386	4
6388	9
6389	3
6390	7
6391	2
6392	12
6393	3
6394	4
6396	6
6397	1
6398	1
6400	903
6402	20
6404	71
6405	44
6406	8
6407	2
6408	54
6409	1
6410	144
6412	13
6413	3
6414	4
6415	34
6416	22
6417	3
6418	5
6419	3
6420	115
6421	1
6422	7
6423	2
6424	21
6425	18
6426	2
6427	1
6428	11
6429	1
6430	87
6431	2
6432	14
6434	7
6435	24
6436	14
6438	4
6439	1
6440	114
6442	10
6443	1
6444	11
6445	12
6446	10
6447	1
6448	8
6449	1
6450	47
6451	2
6452	5
6453	2
6454	4
6455	6
6456	10
6457	1
6458	6
6459	2
6460	84
6461	1
6462	7
6464	14
6465	5
6466	4
6468	17
6470	33
6471	2
6472	10
6474	10
6475	6
6476	10
6477	1
6478	5
6479	2
6480	103
6481	1
6482	3
6484	8
6485	10
6486	4
6487	3
6488	11
6489	1
6490	71
6492	9
6494	3
6495	5
6496	8
6497	1
6498	7
6499	1
6500	48
6502	8
6503	4
6504	15
6505	1
6506	3
6507	1
6508	11
6509	3
6510	25
6512	14
6513	2
6514	4
6515	2
6516	13
6517	1
6518	8
6519	3
6520	61
6521	1
6522	2
6523	1
6524	9
6525	6
6526	2
6528	11
6530	15
6531	1
6532	6
6533	2
6534	7
6535	8
6536	8
6538	9
6539	2
6540	37
6541	4
6542	5
6544	7
6545	8
6546	3
6547	2
6548	5
6550	6
6552	10
6553	3
6554	4
6555	3
6556	3
6558	6
6559	1
6560	31
6562	5
6563	2
6564	1
6565	3
6566	6
6567	3
6568	10
6570	11
6571	1
6572	10
6574	3
6575	4
6576	14
6578	6
6580	32
6582	8
6583	1
6584	7
6585	2
6586	4
6588	8
6589	1
6590	16
6591	2
6592	8
6593	1
6594	4
6595	1
6596	11
6597	2
6598	4
6599	1
6600	732
6601	1
6602	13
6604	14
6605	20
6606	4
6607	2
6608	14
6609	3
6610	38
6611	1
6612	14
6613	2
6614	7
6615	6
6616	7
6618	4
6620	35
6622	37
6623	2
6624	12
6625	4
6626	4
6627	2
6628	10
6629	1
6630	16
6631	1
6632	6
6634	1
6636	4
6637	1
6638	3
6639	3
6640	43
6641	1
6642	5
6644	36
6645	2
6646	3
6647	1
6648	12
6649	3
6650	12
6651	1
6652	5
6653	2
6654	3
6655	47
6656	13
6658	3
6660	30
6662	4
6664	9
6665	5
6666	15
6667	2
6668	9
6670	17
6671	2
6672	14
6674	6
6675	1
6676	9
6677	3
6678	3
6680	29
6682	3
6684	11
6685	1
6686	5
6688	21
6690	8
6692	3
6693	1
6694	1
6695	1
6696	7
6698	2
6700	18
6701	1
6702	1
6703	1
6704	5
6705	1
6706	5
6708	4
6710	106
6711	1
6712	5
6713	1
6714	2
6715	2
6716	8
6717	3
6718	3
6719	1
6720	36
6721	1
6722	1
6724	5
6726	3
6728	9
6730	9
6732	19
6733	1
6734	1
6735	1
6736	9
6737	3
6738	4
6740	14
6741	1
6742	4
6743	2
6744	11
6746	5
6748	11
6749	1
6750	6
6752	6
6754	11
6756	6
6757	1
6758	4
6759	1
6760	20
6762	3
6763	1
6764	9
6765	13
6767	1
6768	5
6770	11
6771	1
6772	7
6774	5
6775	2
6776	12
6777	3
6778	2
6780	18
6782	1
6783	1
6784	5
6785	3
6786	4
6787	2
6788	4
6790	5
6792	10
6793	1
6794	1
6795	2
6796	3
6797	1
6798	2
6799	2
6800	15
6802	3
6803	2
6804	5
6805	2
6806	3
6808	5
6809	2
6810	6
6811	3
6812	7
6813	1
6814	5
6816	7
6817	1
6818	3
6820	97
6821	1
6822	3
6823	1
6824	1
6825	4
6826	5
6827	2
6828	8
6829	2
6830	11
6831	1
6832	9
6834	6
6836	4
6837	3
6838	3
6840	18
6841	2
6842	7
6844	5
6845	1
6846	1
6847	1
6848	6
6849	1
6850	8
6851	1
6852	6
6854	3
6856	7
6858	4
6859	2
6860	11
6862	4
6864	13
6865	1
6866	2
6867	2
6868	7
6869	1
6870	3
6871	1
6872	8
6874	2
6875	7
6876	7
6878	4
6879	2
6880	13
6882	1
6883	1
6884	11
6885	3
6886	2
6887	1
6888	9
6890	6
6891	1
6892	8
6893	1
6894	1
6895	3
6896	7
6897	1
6898	3
6900	7
6902	4
6904	7
6907	2
6908	6
6909	1
6910	1
6912	5
6914	2
6915	1
6916	2
6917	2
6918	5
6920	20
6922	1
6923	2
6924	7
6926	4
6927	1
6928	3
6929	2
6930	40
6931	1
6932	4
6933	1
6934	1
6935	1
6936	5
6938	1
6939	1
6940	5
6942	3
6944	6
6945	2
6946	3
6948	4
6949	1
6950	1
6951	2
6952	10
6953	1
6954	3
6955	5
6956	2
6958	3
6960	15
6961	1
6962	5
6963	1
6964	2
6966	5
6967	1
6968	8
6970	5
6971	1
6972	4
6974	2
6975	1
6976	7
6977	2
6978	1
6979	1
6980	12
6982	1
6984	3
6985	5
6986	3
6987	1
6988	5
6989	1
6990	3
6991	1
6992	8
6993	2
6994	1
6995	1
6996	8
6997	1
6998	2
6999	1
7000	11
7001	1
7002	6
7004	5
7006	3
7007	2
7008	3
7010	5
7011	1
7012	4
7013	1
7014	1
7015	1
7016	4
7018	1
7020	5
7022	3
7023	2
7024	2
7026	2
7028	3
7031	2
7032	1
7034	4
7036	3
7037	2
7038	6
7040	174
7042	4
7043	1
7044	10
7045	4
7046	2
7047	1
7048	7
7049	2
7050	13
7052	5
7053	1
7054	4
7055	5
7056	3
7058	2
7060	7
7061	3
7062	17
7064	8
7066	3
7068	3
7069	1
7070	11
7072	7
7074	1
7075	2
7076	3
7078	1
7079	1
7080	18
7082	2
7084	15
7085	1
7086	3
7088	5
7090	3
7092	3
7094	7
7095	20
7096	5
7098	2
7099	1
7101	1
7102	4
7103	1
7104	11
7105	4
7106	2
7107	3
7108	4
7110	2
7111	2
7112	5
7113	2
7114	1
7115	1
7116	4
7117	1
7118	3
7119	2
7120	11
7122	2
7124	4
7126	5
7127	1
7128	14
7129	1
7130	4
7133	2
7134	3
7135	1
7136	4
7137	2
7138	2
7139	4
7140	9
7142	3
7144	5
7145	1
7146	5
7148	6
7149	2
7150	45
7152	9
7153	1
7154	2
7155	3
7156	2
7158	3
7159	1
7160	4
7162	3
7164	5
7165	1
7166	4
7168	5
7170	3
7172	11
7174	3
7176	11
7179	1
7180	8
7181	2
7182	3
7183	1
7184	7
7186	1
7188	2
7189	1
7190	4
7191	1
7192	3
7194	4
7196	2
7198	2
7200	610
7202	14
7204	35
7205	49
7206	16
7207	2
7208	40
7209	2
7210	108
7212	15
7213	1
7214	13
7215	27
7216	25
7217	1
7218	6
7219	1
7220	97
7221	2
7222	6
7223	1
7224	20
7225	18
7226	3
7227	3
7228	12
7229	6
7230	49
7231	1
7232	9
7233	1
7234	5
7235	7
7236	9
7237	1
7238	5
7239	1
7240	64
7242	4
7244	10
7245	12
7246	4
7248	5
7249	2
7250	30
7251	1
7252	4
7254	3
7255	5
7256	12
7257	1
7258	5
7259	1
7260	84
7261	1
7262	3
7264	9
7265	7
7266	3
7267	2
7268	5
7269	1
7270	25
7272	10
7273	1
7274	3
7275	4
7276	9
7278	4
7279	1
7280	43
7281	1
7282	6
7283	2
7284	8
7285	2
7286	2
7287	1
7288	8
7289	1
7290	24
7292	9
7293	3
7294	4
7295	2
7296	6
7297	1
7298	1
7300	29
7302	3
7303	1
7304	17
7305	6
7306	5
7307	1
7308	5
7309	3
7310	14
7312	5
7313	2
7314	3
7315	9
7316	7
7317	3
7318	4
7320	37
7322	1
7323	1
7324	2
7325	3
7326	6
7327	1
7328	3
7330	11
7331	1
7332	3
7334	4
7335	3
7336	12
7339	2
7340	14
7342	1
7344	8
7346	5
7348	8
7350	11
7351	1
7352	5
7354	2
7355	1
7356	5
7358	3
7359	3
7360	24
7362	4
7364	8
7365	1
7366	2
7367	1
7368	7
7370	23
7371	2
7372	5
7374	2
7375	2
7376	7
7377	2
7378	2
7379	1
7380	11
7382	4
7384	3
7385	3
7386	1
7388	8
7390	4
7392	12
7393	1
7394	4
7395	2
7396	2
7398	2
7400	14
7402	3
7403	3
7404	5
7405	4
7406	1
7408	3
7410	6
7412	1
7413	1
7414	5
7415	2
7416	6
7420	9
7421	1
7422	2
7424	6
7425	9
7426	2
7428	7
7429	1
7430	7
7431	1
7432	6
7433	1
7434	2
7435	1
7436	7
7437	1
7438	2
7440	18
7442	4
7444	5
7445	2
7446	1
7447	3
7448	2
7449	1
7450	5
7451	1
7452	4
7454	3
7455	2
7456	4
7458	2
7460	8
7464	8
7465	1
7467	1
7468	6
7469	1
7470	7
7471	1
7472	5
7473	1
7474	2
7476	6
7478	2
7480	55
7482	3
7484	3
7485	2
7488	4
7489	1
7490	6
7492	3
7493	3
7495	1
7496	1
7498	4
7499	1
7500	10
7502	4
7504	2
7505	1
7506	2
7508	4
7509	1
7510	6
7512	4
7513	2
7514	1
7515	1
7516	4
7517	1
7518	3
7519	1
7520	11
7521	1
7522	3
7524	6
7525	1
7526	4
7527	1
7528	4
7529	1
7530	3
7531	1
7534	3
7535	14
7536	2
7538	3
7539	1
7540	7
7541	1
7542	1
7543	1
7544	2
7546	4
7548	4
7550	3
7551	1
7552	4
7553	1
7554	4
7555	1
7556	4
7557	2
7558	4
7559	1
7560	17
7561	1
7562	2
7563	1
7564	2
7565	2
7566	2
7568	5
7570	6
7571	1
7572	4
7574	2
7576	7
7578	3
7579	1
7580	4
7584	3
7585	1
7586	4
7587	1
7588	1
7589	1
7590	23
7592	4
7594	6
7596	1
7600	7
7601	2
7602	6
7604	1
7608	3
7609	1
7611	1
7612	5
7614	1
7615	1
7616	2
7617	2
7618	6
7620	5
7621	2
7622	2
7624	1
7626	1
7628	2
7629	1
7630	4
7632	3
7633	1
7634	3
7635	1
7636	2
7639	1
7640	5
7642	3
7644	9
7645	4
7646	1
7648	3
7650	3
7651	1
7653	2
7654	1
7655	1
7656	6
7658	3
7660	5
7662	3
7664	5
7665	1
7666	1
7667	1
7668	2
7670	2
7672	2
7674	2
7676	1
7678	3
7680	23
7682	3
7684	8
7685	1
7686	1
7688	5
7689	1
7690	3
7692	2
7694	1
7698	1
7700	37
7701	1
7702	2
7704	6
7705	1
7706	1
7708	1
7710	1
7711	4
7712	1
7714	2
7715	1
7716	3
7720	5
7722	7
7723	1
7724	3
7726	2
7727	1
7728	6
7730	1
7731	2
7732	1
7734	2
7735	1
7736	2
7737	1
7740	9
7742	2
7744	8
7745	1
7747	1
7748	1
7750	2
7752	5
7754	1
7755	1
7756	2
7758	1
7760	7
7762	2
7764	4
7766	1
7768	4
7770	6
7772	3
7773	1
7774	1
7775	1
7776	5
7777	1
7778	3
7780	4
7782	3
7783	1
7784	5
7786	1
7788	4
7789	2
7790	5
7792	5
7794	1
7795	1
7796	3
7798	1
7799	2
7800	6
7802	1
7804	3
7806	1
7808	3
7810	13
7811	1
7812	4
7814	1
7816	4
7818	3
7820	5
7821	1
7824	6
7826	1
7828	2
7830	6
7831	1
7832	3
7834	2
7835	1
7836	1
7839	1
7840	7
7841	1
7844	3
7845	1
7848	6
7849	1
7850	1
7852	4
7854	4
7856	4
7857	2
7860	6
7864	2
7865	6
7868	1
7869	2
7870	6
7871	2
7872	3
7874	1
7876	2
7878	3
7880	2
7882	3
7884	2
7885	1
7886	3
7887	1
7888	3
7892	3
7893	1
7894	1
7896	1
7897	1
7898	1
7900	1
7904	4
7905	1
7906	1
7907	1
7908	2
7909	1
7910	1
7911	1
7912	1
7914	3
7915	1
7917	1
7919	1
7920	531
7922	9
7924	13
7925	10
7926	3
7927	1
7928	8
7930	32
7931	1
7932	5
7933	1
7935	9
7936	3
7938	1
7939	2
7940	29
7942	31
7943	1
7944	7
7945	6
7947	1
7948	3
7950	22
7951	2
7952	3
7953	1
7954	2
7955	5
7956	2
7958	2
7960	13
7962	2
7964	40
7965	1
7966	3
7968	10
7969	1
7970	10
7972	6
7974	2
7975	65
7976	2
7978	1
7979	2
7980	20
7982	2
7984	8
7985	3
7986	4
7988	2
7989	1
7990	4
7992	2
7993	1
7994	1
7995	1
7997	1
7998	3
7999	1
8000	12
8002	1
8004	4
8005	3
8007	1
8008	15
8010	14
8012	5
8015	2
8016	2
8018	3
8019	5
8020	7
8021	1
8023	3
8024	2
8025	1
8026	3
8027	1
8028	2
8030	72
8031	1
8032	3
8035	2
8036	2
8038	2
8039	2
8040	16
8042	1
8043	2
8044	4
8045	2
8046	3
8047	1
8048	4
8050	7
8051	1
8052	12
8053	1
8054	1
8055	1
8056	1
8057	3
8059	1
8060	7
8062	6
8063	3
8064	3
8065	2
8066	1
8068	1
8069	1
8070	4
8072	1
8073	1
8074	9
8076	5
8078	4
8080	10
8083	1
8084	5
8085	14
8086	2
8088	3
8089	2
8090	4
8092	2
8095	2
8096	11
8098	4
8099	2
8100	11
8101	1
8102	2
8103	1
8105	1
8108	1
8109	1
8110	6
8112	2
8114	3
8116	3
8118	3
8120	5
8122	2
8124	5
8125	2
8126	3
8128	3
8129	2
8130	5
8132	1
8135	2
8136	2
8138	1
8140	56
8142	1
8144	6
8145	3
8146	3
8148	3
8150	6
8152	2
8154	1
8155	1
8156	4
8158	1
8159	1
8160	10
8162	4
8164	3
8165	2
8167	1
8170	4
8172	2
8173	2
8174	2
8176	3
8177	2
8178	2
8180	3
8184	7
8186	1
8188	2
8190	4
8192	1
8194	2
8195	4
8196	1
8197	1
8198	1
8200	4
8202	1
8203	1
8204	1
8206	2
8207	1
8208	3
8210	2
8212	2
8216	3
8217	1
8220	3
8221	1
8222	2
8224	3
8225	1
8226	4
8228	8
8230	1
8232	3
8233	1
8234	2
8235	1
8236	4
8239	2
8240	2
8242	1
8243	1
8244	5
8246	2
8248	2
8250	33
8252	1
8254	1
8255	1
8256	1
8258	1
8259	1
8260	3
8261	1
8262	1
8264	1
8265	1
8266	2
8267	2
8268	2
8270	2
8272	4
8274	2
8276	3
8278	1
8280	4
8282	3
8283	1
8284	1
8285	2
8286	1
8288	1
8290	1
8291	1
8292	2
8294	4
8296	1
8300	3
8302	1
8304	2
8305	2
8306	1
8308	3
8309	1
8310	2
8311	1
8312	3
8314	1
8315	2
8316	4
8317	1
8320	1
8321	1
8324	4
8326	4
8327	1
8328	2
8330	3
8332	3
8335	1
8336	3
8338	2
8340	2
8342	3
8344	4
8345	1
8346	1
8348	1
8350	2
8352	2
8353	1
8354	2
8356	3
8358	3
8359	2
8360	52
8362	2
8364	3
8365	1
8368	3
8369	1
8370	4
8372	1
8374	2
8375	1
8376	1
8379	1
8380	7
8382	2
8386	1
8388	1
8389	1
8390	2
8392	1
8393	2
8396	2
8400	15
8402	2
8403	1
8404	7
8406	1
8408	2
8409	1
8410	1
8411	1
8412	2
8415	10
8416	1
8419	1
8420	4
8422	3
8424	2
8426	4
8430	4
8432	2
8434	2
8436	1
8438	1
8440	5
8442	4
8444	3
8446	3
8448	5
8450	4
8451	1
8452	1
8454	1
8456	3
8458	1
8460	3
8462	3
8465	1
8466	1
8468	1
8469	1
8470	15
8472	2
8473	1
8474	1
8476	2
8478	3
8480	2
8486	2
8487	1
8488	1
8490	1
8492	2
8493	1
8496	5
8498	1
8500	3
8502	2
8503	1
8504	4
8506	1
8508	1
8509	1
8510	3
8511	2
8512	1
8514	4
8515	1
8516	3
8517	2
8520	7
8522	1
8524	3
8525	6
8526	1
8528	2
8532	1
8533	2
8534	1
8536	2
8540	3
8542	1
8544	4
8546	1
8548	1
8550	1
8552	2
8554	1
8556	3
8558	1
8560	4
8562	1
8564	1
8570	2
8572	3
8575	1
8576	1
8578	2
8579	1
8580	33
8582	1
8584	3
8585	1
8586	2
8588	1
8590	1
8591	1
8592	4
8594	4
8595	1
8596	3
8597	1
8598	1
8600	5
8602	4
8604	2
8605	1
8607	2
8608	2
8610	3
8612	3
8613	1
8614	1
8616	1
8620	3
8621	1
8622	1
8624	3
8628	2
8630	2
8632	3
8634	1
8635	6
8636	1
8638	2
8639	1
8640	55
8642	1
8644	3
8645	1
8646	2
8648	5
8650	4
8652	3
8653	1
8654	4
8656	4
8658	1
8660	14
8662	4
8663	1
8664	7
8665	1
8668	1
8670	1
8672	5
8675	1
8676	1
8678	1
8680	7
8681	1
8682	1
8683	1
8684	5
8685	1
8688	6
8690	15
8692	5
8694	3
8695	1
8696	5
8698	1
8700	5
8701	1
8702	3
8704	3
8705	1
8706	3
8708	2
8710	5
8712	3
8714	1
8716	1
8718	3
8719	2
8720	5
8722	6
8723	1
8728	3
8730	2
8732	1
8733	1
8734	3
8736	4
8740	1
8742	1
8744	1
8745	3
8747	1
8748	2
8750	1
8752	3
8755	1
8756	8
8758	2
8760	16
8761	1
8762	1
8764	2
8766	2
8767	2
8768	3
8770	2
8772	1
8774	1
8776	1
8778	3
8780	1
8784	2
8785	1
8786	1
8788	3
8790	2
8792	2
8793	1
8794	2
8796	3
8798	1
8800	1141
8802	4
8804	23
8805	21
8806	4
8807	1
8808	13
8809	1
8810	51
8811	1
8812	3
8813	1
8814	5
8815	7
8816	2
8818	2
8819	1
8820	56
8822	58
8823	1
8824	15
8825	1
8826	1
8828	3
8830	27
8832	6
8834	2
8835	1
8836	6
8837	1
8838	1
8839	1
8840	34
8842	3
8844	65
8845	2
8846	4
8847	1
8848	8
8849	1
8850	14
8851	1
8852	5
8854	7
8855	77
8856	1
8859	1
8860	17
8861	1
8862	3
8864	3
8865	6
8866	8
8867	3
8868	6
8869	1
8870	3
8871	2
8872	2
8875	6
8876	1
8877	4
8879	1
8880	17
8881	2
8882	2
8884	5
8885	4
8886	1
8887	2
8888	32
8889	3
8890	7
8892	5
8893	2
8894	1
8895	3
8896	4
8897	1
8898	1
8899	7
8900	5
8902	3
8904	6
8905	3
8906	1
8907	1
8908	1
8910	143
8912	6
8915	2
8916	4
8918	3
8919	1
8920	17
8921	1
8922	1
8924	5
8925	1
8926	5
8927	1
8928	2
8930	18
8931	1
8932	14
8934	2
8935	7
8936	3
8937	1
8938	1
8940	7
8941	1
8943	6
8944	3
8945	1
8946	1
8948	3
8950	3
8952	3
8953	1
8954	4
8956	2
8957	1
8958	2
8960	8
8961	1
8962	1
8964	1
8965	25
8966	1
8968	3
8969	1
8970	3
8972	3
8973	1
8976	13
8980	8
8982	1
8983	1
8984	1
8985	3
8986	2
8987	3
8988	1
8990	4
8991	1
8992	3
8994	1
8996	2
8998	4
9000	9
9002	2
9004	4
9005	1
9006	3
9009	4
9011	1
9012	1
9014	1
9016	2
9020	119
9024	2
9025	5
9028	6
9029	1
9030	6
9032	2
9033	1
9034	1
9035	1
9036	2
9037	1
9038	1
9040	11
9042	7
9044	5
9046	1
9048	2
9050	5
9052	2
9053	1
9054	2
9055	1
9058	1
9060	12
9062	4
9063	1
9064	7
9066	2
9068	3
9070	1
9072	4
9074	2
9075	14
9076	1
9078	1
9080	8
9082	2
9084	2
9085	3
9086	1
9087	1
9088	3
9090	2
9092	1
9094	3
9095	2
9096	2
9100	5
9103	1
9104	1
9106	1
9108	5
9110	4
9113	3
9115	2
9116	4
9119	1
9120	5
9122	1
9124	3
9127	1
9128	2
9129	1
9130	61
9131	1
9132	1
9135	1
9136	3
9137	1
9138	1
9140	7
9141	2
9142	1
9144	1
9145	1
9146	2
9148	4
9150	7
9151	1
9152	3
9155	1
9159	1
9160	6
9163	1
9164	1
9165	1
9168	1
9169	1
9170	4
9172	1
9173	1
9174	4
9176	5
9178	1
9180	3
9182	1
9184	2
9185	9
9186	1
9190	1
9192	2
9194	1
9196	7
9200	5
9201	1
9203	1
9207	1
9208	1
9210	1
9211	1
9212	2
9215	1
9216	3
9220	1
9224	1
9226	1
9228	1
9229	1
9233	2
9234	2
9235	1
9236	3
9237	1
9238	1
9239	1
9240	80
9242	1
9244	6
9245	2
9248	1
9250	7
9255	2
9256	2
9257	1
9258	1
9260	6
9262	7
9264	1
9265	2
9266	3
9268	1
9270	2
9274	1
9275	1
9276	4
9280	6
9284	6
9287	1
9290	1
9292	1
9294	4
9295	19
9296	1
9297	1
9298	1
9300	1
9304	1
9308	2
9311	1
9312	2
9313	1
9314	2
9315	1
9316	3
9320	2
9324	2
9326	2
9328	6
9330	1
9331	1
9332	1
9334	1
9335	1
9338	3
9339	2
9340	1
9344	1
9346	1
9348	1
9350	25
9352	2
9354	1
9356	1
9360	7
9364	1
9365	1
9366	1
9368	1
9370	3
9372	5
9376	2
9377	1
9380	1
9382	1
9383	1
9384	3
9386	2
9388	2
9390	4
9392	1
9394	5
9396	2
9398	1
9400	2
9402	2
9403	1
9404	4
9405	8
9406	1
9410	4
9412	2
9414	2
9415	2
9416	6
9418	1
9420	1
9422	2
9424	2
9425	2
9426	3
9428	3
9431	1
9432	2
9438	3
9440	1
9448	2
9450	3
9452	1
9454	1
9456	1
9457	1
9458	1
9460	36
9464	3
9468	3
9470	8
9471	1
9472	3
9474	2
9479	1
9480	9
9482	3
9484	2
9488	1
9492	1
9493	1
9496	1
9498	1
9500	4
9502	1
9504	9
9506	1
9510	4
9512	1
9514	1
9515	4
9517	1
9518	1
9519	1
9520	4
9522	2
9524	3
9525	1
9526	2
9528	3
9530	1
9532	2
9536	2
9537	2
9539	1
9540	1
9544	1
9545	1
9546	1
9548	3
9550	2
9552	1
9553	1
9555	1
9556	2
9558	3
9559	3
9560	1
9561	1
9565	1
9566	1
9568	1
9569	1
9570	16
9572	5
9574	1
9576	3
9578	1
9579	1
9580	3
9582	1
9584	3
9585	1
9586	3
9588	2
9589	1
9590	1
9592	1
9594	1
9595	3
9598	1
9600	518
9602	10
9604	26
9605	30
9606	5
9608	26
9609	3
9610	64
9611	1
9612	7
9613	2
9614	8
9615	10
9616	10
9618	6
9619	2
9620	69
9621	2
9622	5
9623	1
9624	25
9625	11
9626	2
9627	1
9628	3
9629	1
9630	32
9631	1
9632	4
9634	2
9635	12
9636	5
9638	5
9639	1
9640	60
9641	1
9642	4
9644	21
9645	8
9646	1
9647	1
9648	15
9650	24
9652	1
9654	4
9655	1
9656	5
9657	1
9658	4
9660	46
9662	1
9663	1
9664	9
9665	2
9666	1
9668	4
9669	1
9670	18
9672	2
9674	2
9675	2
9676	5
9677	1
9679	1
9680	79
9681	1
9682	2
9684	6
9685	5
9686	3
9688	11
9690	19
9691	1
9692	3
9693	3
9694	3
9695	3
9696	6
9697	1
9698	1
9700	24
9704	4
9706	2
9708	5
9709	1
9710	9
9712	1
9715	2
9716	4
9717	1
9718	3
9719	1
9720	40
9721	1
9722	3
9724	6
9725	3
9726	3
9727	1
9728	6
9729	1
9730	11
9732	1
9734	4
9735	6
9736	4
9738	2
9739	1
9740	15
9742	2
9743	2
9744	7
9745	3
9746	1
9750	6
9752	1
9754	3
9755	1
9756	1
9757	2
9758	2
9760	8
9764	5
9765	4
9768	7
9769	1
9770	3
9771	1
9774	2
9775	2
9776	5
9777	2
9780	19
9782	3
9784	4
9785	1
9786	1
9788	1
9790	20
9792	5
9795	1
9796	1
9797	1
9798	3
9799	1
9800	17
9801	1
9804	4
9806	1
9807	1
9810	9
9812	3
9814	2
9815	1
9816	2
9820	5
9822	2
9823	1
9824	1
9826	1
9830	2
9832	3
9836	1
9837	1
9840	14
9841	1
9842	1
9844	1
9845	6
9846	2
9848	2
9849	1
9850	3
9852	5
9854	1
9855	1
9856	2
9858	1
9860	3
9861	1
9862	1
9864	2
9866	1
9868	1
9870	4
9872	2
9875	1
9876	1
9880	3
9885	1
9886	2
9887	1
9888	3
9890	1
9891	1
9893	1
9895	2
9896	2
9900	105
9901	1
9904	2
9908	4
9910	2
9914	1
9920	14
9922	2
9924	1
9928	1
9929	1
9930	3
9932	2
9933	1
9934	3
9935	1
9936	1
9937	1
9938	1
9940	7
9944	3
9948	3
9952	3
9954	1
9955	7
9956	2
9957	1
9960	6
9964	2
9965	3
9966	3
9968	2
9970	1
9972	2
9974	1
9976	4
9980	6
9982	1
9984	4
9985	1
9988	3
9990	1
9998	1
9999	1
10000	5
10004	3
10005	1
10008	4
10010	17
10012	1
10014	1
10018	1
10020	6
10024	2
10025	1
10028	3
10030	4
10032	2
10034	1
10036	2
10039	1
10040	2
10042	1
10044	1
10047	1
10048	1
10050	3
10052	1
10054	2
10064	3
10065	2
10069	1
10070	1
10072	1
10074	1
10080	15
10082	3
10084	1
10085	1
10086	1
10088	2
10090	1
10094	2
10096	2
10098	3
10100	2
10101	1
10104	4
10108	2
10109	1
10110	2
10112	1
10114	1
10115	1
10116	1
10120	44
10122	1
10124	3
10125	1
10127	1
10128	3
10130	4
10131	1
10136	2
10140	5
10142	2
10146	1
10148	2
10149	1
10152	2
10154	2
10156	1
10160	2
10164	4
10165	1
10167	1
10168	1
10170	4
10174	1
10175	4
10176	3
10180	1
10182	1
10184	2
10186	2
10187	1
10188	2
10196	2
10197	2
10200	4
10202	2
10204	1
10206	1
10208	2
10210	1
10212	2
10215	1
10216	4
10220	2
10224	1
10227	1
10228	1
10230	12
10231	1
10232	1
10234	1
10236	1
10238	1
10240	2
10246	3
10247	2
10252	4
10254	3
10258	3
10260	1
10264	3
10268	2
10271	1
10272	1
10274	1
10276	1
10282	1
10285	2
10286	2
10288	2
10290	1
10292	3
10296	2
10298	2
10300	2
10302	1
10303	1
10304	2
10307	1
10311	1
10316	2
10317	1
10318	2
10320	7
10324	1
10331	1
10332	1
10336	1
10338	1
10339	1
10340	19
10344	4
10346	1
10348	1
10349	2
10350	2
10352	1
10353	1
10360	2
10361	1
10362	3
10363	1
10366	1
10368	1
10370	2
10376	1
10380	2
10384	2
10386	1
10390	1
10393	1
10395	5
10398	1
10400	4
10401	1
10402	1
10404	1
10406	1
10408	1
10413	1
10416	1
10418	1
10420	3
10424	1
10426	1
10428	2
10432	2
10434	1
10436	2
10437	1
10440	6
10442	1
10444	3
10445	1
10448	2
10450	10
10452	5
10454	1
10456	1
10460	2
10464	2
10465	1
10466	1
10472	2
10474	1
10476	2
10478	1
10480	1
10484	1
10488	2
10492	2
10494	3
10495	1
10496	1
10498	1
10500	6
10505	1
10506	1
10510	1
10512	2
10516	2
10519	1
10520	4
10526	1
10532	3
10536	1
10538	3
10540	2
10542	1
10546	1
10547	1
10548	1
10550	2
10552	1
10555	1
10560	235
10564	10
10565	1
10566	1
10568	3
10569	1
10570	12
10572	1
10575	8
10576	1
10577	1
10578	3
10579	1
10580	12
10582	19
10584	5
10585	2
10588	2
10590	18
10592	1
10595	2
10596	1
10598	1
10600	10
10602	1
10604	7
10605	1
10608	6
10610	4
10612	2
10614	1
10615	26
10620	4
10621	2
10622	1
10623	1
10624	1
10626	2
10628	1
10629	1
10630	1
10634	1
10640	3
10641	1
10642	1
10644	1
10645	1
10648	8
10649	1
10650	5
10652	4
10654	1
10656	3
10659	2
10660	2
10664	3
10666	1
10667	1
10668	1
10670	33
10672	2
10678	1
10679	1
10680	3
10684	1
10686	1
10688	1
10690	1
10692	2
10695	1
10696	2
10700	3
10703	1
10704	2
10710	1
10712	1
10714	5
10716	1
10718	2
10720	2
10723	1
10724	2
10725	9
10728	2
10730	3
10732	1
10735	1
10736	1
10738	2
10744	2
10745	1
10747	1
10748	4
10750	1
10752	3
10753	1
10754	1
10755	1
10756	2
10758	1
10766	1
10768	3
10769	1
10770	1
10775	1
10776	1
10780	40
10783	1
10785	2
10788	1
10790	2
10792	2
10794	1
10795	1
10796	1
10800	65
10802	4
10805	4
10808	7
10809	1
10810	11
10811	1
10812	1
10815	1
10816	5
10818	2
10820	12
10822	1
10824	3
10825	1
10826	1
10830	3
10832	4
10835	7
10836	1
10837	1
10838	1
10839	1
10840	9
10842	1
10843	2
10844	2
10845	1
10846	2
10848	2
10850	6
10851	2
10852	2
10853	1
10857	1
10860	6
10861	1
10866	1
10868	4
10870	2
10872	1
10878	1
10879	2
10880	1
10882	1
10883	1
10884	1
10888	3
10890	17
10894	1
10895	1
10896	1
10898	3
10900	4
10904	1
10910	1
10912	4
10916	1
10920	5
10924	1
10926	3
10928	1
10929	1
10930	2
10932	1
10934	2
10935	3
10936	1
10938	1
10944	2
10945	1
10948	2
10950	3
10951	1
10952	3
10954	1
10960	2
10961	1
10968	1
10970	1
10974	2
10978	1
10982	1
10983	1
10985	1
10986	2
10988	1
10990	1
10994	1
10996	1
10998	1
11000	21
11002	1
11003	1
11004	2
11005	1
11008	1
11010	1
11011	1
11013	1
11016	1
11020	5
11021	1
11022	1
11026	1
11032	1
11040	1
11041	1
11042	1
11043	1
11044	4
11048	1
11052	1
11055	2
11060	3
11062	1
11064	2
11065	1
11066	2
11068	1
11070	2
11072	1
11073	1
11074	1
11075	1
11078	1
11080	3
11084	2
11088	4
11090	1
11092	1
11096	2
11100	1
11102	1
11104	1
11108	1
11110	11
11120	2
11122	1
11126	2
11128	1
11130	2
11132	5
11133	1
11136	1
11148	2
11150	2
11158	1
11160	3
11165	6
11167	1
11168	1
11170	1
11172	1
11174	1
11176	2
11178	3
11180	2
11181	1
11184	1
11188	1
11196	2
11198	2
11200	3
11205	1
11206	1
11220	16
11224	1
11227	1
11232	1
11234	3
11236	1
11237	1
11240	1
11242	1
11244	3
11248	1
11250	2
11252	1
11261	1
11272	1
11274	1
11275	2
11276	1
11277	1
11280	2
11284	1
11300	1
11302	1
11304	1
11309	1
11316	1
11320	2
11323	1
11324	1
11326	4
11330	10
11332	1
11336	1
11340	1
11344	1
11346	1
11347	1
11348	2
11350	1
11352	2
11372	1
11373	1
11374	2
11384	2
11385	3
11400	4
11404	1
11412	2
11416	2
11420	3
11422	1
11428	1
11432	1
11434	1
11435	1
11436	1
11440	18
11444	1
11445	1
11450	1
11455	1
11458	1
11460	3
11464	1
11470	2
11480	2
11484	1
11485	1
11490	1
11495	2
11496	1
11498	1
11499	1
11502	1
11504	2
11506	1
11508	1
11514	1
11516	1
11518	1
11520	16
11522	1
11524	3
11526	1
11528	4
11530	2
11534	2
11535	1
11536	2
11538	1
11542	1
11544	3
11548	2
11550	11
11552	2
11554	1
11555	1
11556	1
11558	1
11562	1
11564	1
11568	3
11572	2
11573	1
11574	2
11576	1
11580	2
11581	1
11594	1
11604	1
11605	1
11613	1
11615	1
11616	2
11620	1
11622	1
11626	1
11628	2
11634	1
11640	3
11649	1
11655	1
11658	1
11660	8
11662	1
11664	2
11665	1
11666	1
11672	1
11676	2
11680	3
11682	1
11684	3
11688	1
11690	2
11696	1
11704	1
11706	1
11708	2
11712	1
11714	1
11715	1
11716	1
11718	2
11722	1
11724	1
11725	1
11726	2
11732	2
11744	1
11748	1
11756	2
11758	1
11760	2
11762	1
11764	1
11765	1
11768	2
11770	6
11772	1
11781	1
11784	1
11790	2
11792	1
11798	1
11800	2
11804	1
11812	1
11814	1
11816	1
11820	4
11825	3
11832	2
11836	1
11848	2
11854	1
11856	1
11858	1
11860	1
11864	1
11875	1
11880	77
11882	2
11884	3
11885	3
11887	1
11888	1
11890	3
11892	2
11895	2
11896	2
11900	6
11902	3
11905	3
11906	1
11907	1
11909	1
11910	2
11912	1
11920	7
11924	5
11928	1
11930	1
11931	1
11934	1
11935	10
11936	1
11940	2
11946	2
11949	2
11950	1
11952	2
11953	1
11956	1
11957	1
11960	3
11968	4
11976	1
11978	1
11988	3
11990	17
12000	7
12002	1
12004	1
12006	1
12008	1
12010	3
12012	3
12016	1
12018	2
12021	1
12025	1
12030	1
12033	1
12036	1
12039	1
12040	1
12044	1
12045	2
12050	2
12060	3
12065	1
12066	1
12076	1
12080	1
12084	1
12096	1
12098	1
12100	11
12104	1
12111	1
12112	1
12120	2
12122	1
12123	1
12139	1
12144	1
12145	1
12146	2
12148	1
12150	1
12152	1
12159	1
12160	2
12164	1
12166	1
12169	1
12176	1
12180	1
12182	1
12186	1
12187	1
12188	2
12190	1
12210	3
12220	1
12223	1
12224	1
12228	1
12230	1
12231	1
12232	1
12240	1
12244	2
12251	1
12256	1
12260	1
12265	1
12268	1
12270	2
12276	2
12280	1
12284	1
12287	1
12288	1
12296	1
12298	2
12300	4
12306	1
12318	1
12320	17
12324	1
12332	1
12336	1
12339	1
12344	1
12348	1
12350	1
12352	1
12374	2
12376	1
12378	1
12384	1
12390	1
12400	2
12408	2
12418	1
12419	1
12420	1
12430	3
12434	1
12440	1
12444	1
12448	1
12451	1
12462	1
12464	1
12468	1
12471	1
12478	1
12480	4
12485	2
12490	1
12496	1
12503	2
12504	1
12508	1
12512	1
12515	2
12518	1
12522	2
12524	1
12528	1
12536	1
12540	10
12546	1
12550	2
12552	1
12555	1
12560	3
12562	1
12574	1
12578	1
12580	3
12581	1
12584	2
12592	1
12595	1
12598	1
12600	1
12604	1
12612	2
12638	1
12642	2
12650	1
12652	1
12660	1
12666	1
12680	1
12684	1
12690	2
12696	1
12700	1
12705	2
12708	1
12710	1
12714	1
12716	1
12722	1
12724	1
12726	1
12744	1
12746	1
12754	1
12760	8
12772	1
12774	1
12780	2
12788	1
12796	1
12798	1
12800	48
12804	5
12805	1
12806	1
12808	3
12810	4
12812	4
12814	2
12815	4
12816	2
12818	2
12820	8
12823	1
12824	2
12828	1
12830	4
12832	3
12834	1
12835	5
12836	1
12840	7
12842	2
12844	1
12845	3
12850	4
12854	1
12855	2
12856	1
12858	1
12859	1
12860	2
12863	1
12864	1
12868	1
12869	1
12870	9
12876	1
12884	1
12885	1
12890	3
12892	1
12896	3
12898	1
12900	1
12916	3
12920	1
12930	2
12936	3
12937	1
12940	2
12942	1
12950	2
12958	1
12960	10
12964	1
12968	2
12970	1
12976	1
12980	2
12984	2
12986	1
12990	1
12996	1
13000	1
13008	2
13010	2
13014	1
13018	1
13020	2
13035	1
13040	3
13054	2
13060	1
13066	1
13070	1
13071	1
13080	4
13084	1
13090	5
13092	1
13098	2
13100	2
13104	3
13106	1
13124	1
13134	1
13142	1
13150	1
13154	1
13155	1
13166	1
13168	1
13184	1
13186	2
13192	2
13196	1
13200	435
13202	4
13204	4
13205	8
13207	1
13208	3
13209	2
13210	17
13213	1
13214	2
13215	3
13216	2
13218	1
13220	18
13222	27
13223	1
13224	5
13225	3
13230	15
13233	1
13234	1
13235	2
13236	1
13240	16
13244	19
13245	2
13246	1
13248	1
13250	5
13252	1
13254	1
13255	31
13256	2
13258	2
13260	11
13265	1
13266	1
13270	1
13272	1
13275	2
13276	1
13280	6
13282	1
13284	2
13285	2
13288	7
13290	4
13294	1
13295	3
13297	1
13298	2
13299	4
13300	2
13302	1
13307	1
13310	33
13312	1
13314	3
13315	1
13320	11
13321	2
13322	1
13325	1
13330	4
13332	2
13335	2
13340	2
13341	1
13346	1
13350	1
13354	3
13358	1
13360	3
13365	4
13368	2
13370	1
13375	4
13376	1
13378	1
13380	2
13382	1
13385	1
13387	2
13392	1
13398	3
13404	2
13406	1
13409	2
13410	1
13412	1
13420	35
13424	1
13435	1
13440	6
13442	2
13444	3
13445	1
13449	1
13450	4
13452	1
13453	1
13460	1
13464	2
13470	2
13473	1
13474	1
13475	6
13479	1
13480	4
13485	1
13494	1
13495	2
13506	1
13508	1
13512	2
13519	1
13521	1
13523	1
13524	1
13526	1
13528	1
13530	13
13534	1
13540	1
13550	1
13552	1
13556	1
13560	2
13563	1
13570	1
13572	1
13574	1
13580	1
13582	1
13595	1
13596	1
13600	1
13608	1
13621	1
13634	1
13640	33
13644	1
13645	1
13648	2
13650	3
13656	1
13660	2
13662	2
13668	1
13673	1
13680	1
13684	1
13688	2
13692	1
13695	4
13702	1
13705	2
13712	1
13721	1
13728	3
13730	1
13734	1
13744	1
13745	1
13750	10
13756	1
13762	1
13763	1
13769	1
13770	1
13772	1
13774	1
13776	1
13780	1
13782	1
13786	1
13788	1
13800	2
13805	1
13808	1
13815	1
13818	1
13824	2
13830	1
13832	2
13850	1
13855	1
13860	14
13864	2
13880	1
13884	1
13885	1
13888	1
13894	1
13900	1
13906	2
13915	3
13919	1
13920	4
13922	2
13930	1
13936	1
13938	1
13944	1
13948	3
13950	1
13954	1
13959	1
13964	1
13970	5
13986	1
13990	2
13992	1
14008	2
14014	1
14017	1
14024	1
14025	1
14036	2
14038	1
14046	1
14054	1
14055	1
14058	1
14064	1
14068	1
14071	1
14080	15
14084	1
14085	1
14088	1
14090	1
14100	2
14102	2
14110	2
14112	1
14124	1
14125	1
14135	1
14156	1
14160	2
14166	1
14168	1
14172	1
14173	1
14174	1
14179	2
14190	7
14194	1
14198	1
14208	1
14212	1
14226	1
14232	1
14234	1
14245	2
14256	1
14258	1
14276	1
14278	1
14282	1
14284	1
14286	1
14289	1
14300	6
14305	1
14308	1
14312	1
14320	2
14332	1
14333	1
14342	1
14344	2
14351	1
14384	1
14392	2
14398	1
14400	113
14404	9
14405	4
14406	1
14408	3
14410	13
14412	4
14414	1
14415	5
14416	3
14418	1
14420	10
14422	1
14425	3
14426	2
14428	2
14430	14
14432	3
14434	1
14435	3
14436	2
14437	1
14438	1
14440	13
14442	1
14444	5
14445	4
14446	1
14448	5
14450	10
14456	2
14458	1
14460	12
14462	2
14463	2
14466	1
14468	1
14470	5
14474	1
14476	1
14478	1
14480	7
14484	1
14485	2
14488	3
14490	4
14491	1
14493	1
14496	3
14500	5
14501	1
14504	1
14506	2
14508	1
14510	1
14511	1
14512	2
14516	1
14519	1
14520	17
14524	2
14530	1
14532	1
14535	1
14536	2
14538	1
14539	1
14540	4
14541	1
14544	1
14550	2
14556	1
14558	1
14560	4
14564	1
14575	2
14580	8
14596	1
14600	7
14608	2
14609	1
14614	1
14618	1
14620	3
14630	3
14632	1
14634	1
14635	1
14640	1
14650	2
14655	1
14664	2
14670	2
14674	1
14685	1
14686	1
14689	1
14697	1
14698	1
14700	1
14704	1
14705	1
14706	1
14712	1
14733	1
14740	6
14744	1
14753	1
14764	1
14772	1
14775	1
14790	1
14796	1
14800	2
14820	1
14829	1
14830	2
14838	1
14840	1
14844	1
14847	1
14848	1
14850	4
14855	1
14856	1
14870	1
14880	2
14884	2
14886	1
14888	1
14900	1
14904	2
14905	2
14918	2
14928	1
14938	1
14950	1
14960	6
14964	1
14987	1
15000	1
15012	1
15026	1
15027	1
15044	2
15045	1
15048	1
15052	1
15070	6
15080	1
15115	1
15120	7
15125	1
15130	1
15140	1
15142	1
15144	1
15162	2
15170	1
15178	1
15180	9
15188	1
15200	2
15206	1
15210	1
15236	1
15240	1
15242	2
15255	1
15262	1
15284	1
15290	4
15301	1
15303	1
15367	1
15375	1
15380	1
15400	4
15404	1
15406	1
15415	1
15430	1
15446	1
15448	2
15462	1
15464	1
15470	1
15476	1
15480	1
15502	1
15510	1
15520	1
15525	1
15528	2
15532	1
15552	1
15554	1
15560	1
15568	1
15576	1
15579	1
15580	1
15588	1
15598	1
15600	1
15604	1
15620	2
15626	1
15630	1
15646	1
15648	1
15655	1
15676	1
15689	1
15714	1
15730	2
15740	2
15784	1
15789	1
15790	1
15840	89
15844	1
15845	1
15850	5
15855	1
15860	3
15862	2
15864	2
15869	1
15870	2
15872	1
15880	3
15884	2
15885	1
15890	4
15895	12
15898	1
15900	1
15902	1
15905	1
15909	1
15910	1
15911	1
15915	1
15920	2
15925	2
15926	1
15928	3
15930	3
15939	1
15940	2
15948	1
15949	1
15950	13
15952	1
15953	1
15958	1
15960	2
15970	1
15980	1
15986	1
15990	2
15992	1
15994	1
16000	1
16005	2
16014	1
16016	1
16018	1
16025	1
16027	1
16040	2
16042	1
16048	1
16060	4
16065	1
16082	1
16086	1
16090	1
16101	1
16104	1
16113	1
16115	2
16116	1
16120	1
16128	1
16144	1
16148	1
16152	1
16160	1
16170	4
16176	1
16180	1
16182	1
16190	1
16192	3
16200	1
16210	1
16214	1
16215	2
16216	1
16225	1
16230	1
16235	1
16240	1
16252	1
16255	1
16256	1
16258	3
16280	6
16290	2
16307	1
16314	1
16318	1
16320	2
16324	2
16330	1
16335	3
16345	1
16374	1
16388	1
16390	3
16394	1
16400	1
16434	2
16440	1
16456	1
16462	1
16480	1
16492	1
16500	4
16512	1
16516	1
16522	1
16524	2
16536	1
16560	1
16573	1
16576	1
16600	1
16610	3
16634	1
16639	1
16646	1
16662	1
16665	1
16698	1
16710	1
16720	3
16724	2
16740	2
16742	1
16744	1
16775	1
16788	1
16800	2
16820	1
16829	1
16830	2
16842	1
16844	1
16855	1
16884	1
16888	1
16940	3
16958	1
16979	1
16984	1
17003	1
17010	1
17014	1
17033	1
17036	1
17050	1
17080	1
17127	1
17130	1
17150	1
17152	1
17160	2
17175	1
17180	2
17202	1
17215	1
17220	1
17238	1
17264	1
17280	2
17284	1
17288	1
17300	1
17308	1
17324	1
17328	2
17332	1
17336	2
17340	1
17346	1
17364	1
17376	1
17380	2
17400	3
17420	1
17424	1
17430	1
17435	2
17444	1
17446	1
17450	1
17490	3
17494	1
17520	2
17586	1
17600	332
17602	1
17604	5
17605	7
17608	3
17610	14
17611	1
17612	2
17613	2
17615	4
17620	15
17622	20
17624	1
17625	4
17626	1
17630	8
17632	2
17635	1
17640	9
17642	1
17644	19
17645	1
17646	1
17648	1
17649	1
17650	6
17652	2
17654	1
17655	29
17660	10
17664	1
17665	1
17675	2
17678	1
17680	5
17684	1
17688	7
17690	2
17695	1
17699	4
17700	4
17704	3
17707	1
17708	1
17710	27
17715	2
17718	2
17720	4
17724	2
17725	1
17730	3
17732	5
17733	1
17734	1
17735	1
17738	1
17740	1
17743	1
17746	1
17750	4
17754	2
17755	1
17756	1
17760	3
17764	1
17765	7
17770	1
17775	1
17776	1
17786	1
17792	1
17798	1
17800	2
17806	1
17809	1
17816	1
17820	29
17824	1
17825	3
17828	1
17830	6
17840	3
17842	1
17846	1
17849	1
17850	1
17853	1
17856	1
17865	1
17875	5
17880	3
17884	1
17886	1
17889	1
17908	2
17920	1
17926	1
17930	21
17940	3
17949	1
17950	1
17952	1
17954	1
17964	1
17974	1
17976	1
17980	2
17984	2
17985	3
17988	2
17996	1
18004	1
18015	1
18021	1
18025	1
18028	1
18040	9
18049	1
18050	2
18060	1
18062	3
18070	2
18073	1
18080	1
18084	1
18085	1
18090	1
18095	3
18100	1
18118	2
18128	2
18135	1
18144	2
18148	1
18150	7
18160	1
18170	1
18172	2
18190	2
18192	1
18194	2
18200	1
18202	1
18248	2
18260	10
18266	1
18270	2
18275	1
18280	1
18290	1
18292	1
18294	1
18304	4
18312	1
18315	3
18317	1
18321	1
18370	12
18400	2
18414	1
18416	1
18420	1
18425	3
18435	1
18436	1
18440	1
18442	2
18444	1
18451	1
18460	1
18480	10
18490	1
18524	1
18535	1
18536	1
18540	2
18553	1
18560	1
18576	1
18590	9
18600	1
18604	1
18610	1
18616	1
18645	2
18656	1
18661	1
18667	1
18700	10
18714	1
18772	1
18775	1
18780	1
18810	3
18846	1
18865	2
18881	1
18920	4
18925	1
18930	2
18940	1
18942	1
18964	1
18968	1
18998	1
19030	1
19032	1
19042	1
19074	1
19084	1
19105	1
19110	1
19132	1
19140	1
19160	1
19172	1
19194	2
19195	1
19200	56
19204	2
19206	3
19208	2
19209	1
19210	4
19215	1
19216	1
19220	4
19222	1
19224	2
19226	1
19228	1
19232	1
19234	1
19240	4
19241	1
19244	1
19248	5
19249	1
19250	3
19254	1
19255	2
19256	1
19260	5
19268	1
19274	2
19275	1
19278	2
19280	1
19281	1
19288	1
19292	1
19296	1
19299	1
19300	1
19304	1
19308	1
19320	3
19328	1
19332	1
19338	1
19339	1
19340	2
19344	2
19346	1
19350	1
19351	1
19358	1
19360	2
19364	1
19366	1
19376	1
19377	1
19380	3
19381	1
19392	1
19396	1
19400	2
19408	1
19412	1
19415	4
19416	1
19430	1
19431	1
19440	1
19460	1
19464	1
19470	4
19476	1
19480	1
19490	1
19525	1
19528	1
19540	1
19556	1
19560	1
19574	1
19576	1
19580	3
19583	1
19596	1
19604	1
19608	1
19633	1
19635	1
19636	1
19668	1
19680	2
19690	1
19692	1
19710	1
19740	1
19790	1
19800	51
19804	1
19805	1
19810	2
19812	1
19820	1
19822	3
19824	1
19828	1
19830	3
19840	1
19844	2
19848	1
19860	3
19880	2
19888	1
19895	2
19896	1
19898	1
19900	1
19910	5
19920	2
19954	1
19956	1
19965	1
19980	1
20016	1
20020	1
20025	1
20028	1
20030	1
20040	2
20064	3
20080	1
20112	1
20120	2
20130	2
20139	1
20155	1
20160	1
20170	1
20180	1
20240	5
20244	1
20254	1
20256	1
20295	1
20300	1
20332	1
20340	1
20350	4
20356	1
20390	1
20400	1
20405	1
20407	1
20416	1
20424	1
20426	1
20427	1
20440	1
20460	3
20470	1
20480	1
20504	1
20515	1
20536	1
20542	1
20552	1
20560	1
20625	1
20669	1
20684	1
20688	1
20735	1
20742	2
20746	1
20775	1
20790	2
20822	1
20823	1
20842	1
20861	1
20878	1
20880	1
20884	1
20896	1
20900	3
20902	1
20912	1
20916	1
20922	1
20928	1
20950	1
20988	1
21000	1
21034	1
21047	1
21060	1
21120	23
21134	1
21135	1
21148	1
21150	1
21154	1
21160	2
21162	1
21164	2
21170	1
21192	1
21194	1
21202	1
21204	1
21230	4
21234	1
21244	1
21278	1
21300	1
21318	1
21346	1
21350	1
21384	2
21439	1
21450	1
21476	1
21480	1
21484	1
21532	1
21560	1
21570	1
21600	15
21604	1
21605	1
21615	2
21620	1
21625	1
21628	2
21630	1
21644	1
21645	2
21648	2
21666	1
21680	1
21700	1
21720	2
21726	1
21744	1
21754	1
21770	1
21780	3
21810	1
21829	1
21890	1
21972	1
21990	1
21999	1
22000	5
22072	1
22102	1
22116	1
22148	1
22150	1
22374	1
22440	1
22484	1
22680	1
22710	1
22746	1
22823	1
22853	1
22900	1
22922	1
22968	1
22980	1
22990	2
23010	1
23040	1
23088	1
23118	1
23140	1
23160	1
23162	1
23210	1
23212	1
23364	1
23475	1
23506	1
23508	1
23568	1
23584	1
23650	1
23705	1
23760	23
23765	1
23780	2
23790	1
23800	1
23815	1
23820	1
23830	1
23860	1
23870	3
23884	1
23885	1
23890	1
23900	1
23914	3
23964	1
23990	2
24000	1
24035	2
24090	1
24129	1
24178	1
24200	3
24220	1
24288	2
24320	1
24325	1
24360	1
24420	1
24438	1
24468	1
24472	1
24648	1
24695	1
24750	1
24820	1
24941	1
25200	3
25232	1
25540	1
25594	1
25600	2
25605	1
25616	1
25620	1
25623	1
25685	1
25740	1
25744	1
25795	1
25920	2
25980	1
26114	1
26122	1
26148	1
26160	1
26164	1
26176	1
26360	1
26400	156
26402	1
26404	2
26405	4
26408	2
26410	9
26415	3
26416	1
26420	10
26422	6
26424	1
26426	1
26427	1
26428	1
26430	6
26440	3
26442	2
26444	5
26445	1
26448	1
26450	3
26455	15
26456	1
26460	3
26465	2
26466	1
26474	1
26477	1
26480	1
26485	1
26488	6
26490	1
26502	1
26510	13
26515	1
26520	3
26539	1
26540	3
26548	1
26554	1
26558	2
26565	5
26570	1
26573	1
26576	1
26585	2
26587	1
26598	1
26600	1
26613	1
26614	1
26620	13
26622	1
26630	2
26640	2
26642	1
26658	1
26660	1
26664	2
26675	1
26679	1
26700	1
26702	1
26706	1
26708	1
26728	1
26730	12
26740	1
26741	2
26750	1
26752	2
26754	1
26774	1
26785	1
26790	1
26804	1
26815	1
26822	1
26830	1
26833	1
26840	4
26850	1
26860	1
26880	1
26884	1
26895	4
26896	1
26928	1
26936	1
26950	2
26974	1
26988	1
26990	1
26994	1
27010	1
27014	1
27016	1
27048	1
27056	1
27060	4
27068	1
27080	2
27082	1
27104	1
27115	1
27170	1
27176	1
27214	1
27220	1
27280	1
27285	1
27300	1
27327	1
27382	1
27390	4
27392	1
27430	1
27445	1
27500	3
27506	1
27610	1
27720	2
27764	1
27775	2
27874	1
27962	1
27988	1
27995	1
28160	2
28270	1
28276	1
28350	1
28401	1
28406	1
28435	1
28545	1
28600	3
28735	1
28800	16
28808	3
28810	1
28812	1
28815	1
28822	1
28830	2
28840	1
28844	2
28848	2
28850	1
28855	1
28856	1
28860	1
28866	1
28870	1
28880	1
28888	1
28890	1
28900	1
28932	1
28940	1
28944	1
28960	1
28976	1
29040	1
29050	1
29080	1
29082	1
29100	1
29108	1
29184	1
29200	1
29218	1
29227	1
29262	1
29280	1
29300	1
29403	1
29700	3
29780	1
29810	1
29980	1
30025	1
30240	1
30265	1
30580	1
30800	2
30952	1
30984	1
31020	1
31086	1
31208	1
31450	1
31530	1
31680	7
31700	1
31705	1
31715	1
31765	2
31790	1
31900	2
31960	1
31965	1
32030	1
32050	1
32054	1
32230	1
32510	1
32598	1
32615	1
32664	1
32674	1
32890	1
33000	2
33600	2
33660	1
33891	1
33892	1
34560	1
34604	1
34605	1
34800	1
35200	44
35205	1
35210	2
35212	1
35220	3
35222	6
35230	3
35240	1
35244	1
35250	2
35254	1
35255	1
35260	2
35265	3
35277	1
35280	1
35288	1
35290	1
35310	5
35312	1
35315	1
35320	1
35332	1
35335	1
35350	1
35385	1
35398	1
35400	1
35420	3
35430	1
35440	1
35464	2
35475	2
35497	1
35504	1
35508	1
35530	1
35570	2
35640	4
35649	1
35685	1
35750	2
35805	1
35860	1
35880	1
35920	1
35930	1
35959	1
35970	2
36080	2
36084	1
36100	1
36122	1
36230	1
36480	1
36600	1
36682	1
36773	1
36795	1
36876	1
37180	1
37312	1
37422	1
37510	1
37710	1
37906	1
38170	1
38256	1
38400	2
38410	1
38424	1
38440	1
38448	1
38496	1
38520	1
38522	1
38580	1
38638	1
38712	1
38940	1
39264	1
39384	1
39480	1
39600	26
39605	1
39610	1
39625	1
39630	1
39640	3
39644	1
39655	1
39660	1
39684	1
39686	1
39688	2
39710	4
39750	1
39754	1
39765	1
39776	2
39780	1
39820	1
39830	1
39888	1
39930	2
39963	1
40040	1
40150	1
40178	1
40260	1
40315	1
40368	1
40474	1
40535	1
40556	1
40710	1
41030	1
41855	1
41910	1
42798	1
43200	1
43220	1
43240	2
43245	1
43248	1
43258	1
43284	1
43290	1
43320	1
43440	1
43480	1
43506	1
43570	1
43744	1
43932	1
44088	1
44160	1
44990	1
45144	1
46200	1
46976	1
47108	1
47520	1
47540	1
47550	1
47575	1
48055	1
51210	1
51660	1
51898	1
52800	24
52810	1
52822	2
52830	1
52832	1
52837	1
52880	1
52888	1
52899	1
52910	4
52923	1
52930	1
52940	1
52955	1
52965	1
52974	1
52986	1
52998	1
53000	1
53020	2
53028	1
53040	1
53064	1
53086	1
53130	1
53174	1
53185	1
53224	1
53240	1
53274	1
53300	1
53393	1
53460	1
53680	1
53810	1
53900	1
54164	1
54340	1
54952	1
55044	1
57600	2
57632	1
57656	1
57660	1
57700	1
57720	1
58088	1
58156	1
58172	1
58290	1
58374	1
58396	1
59340	1
59400	3
59565	1
59740	1
62195	1
64800	1
66460	1
67456	1
70400	4
70460	1
70730	1
71500	1
71860	1
74470	1
76900	1
76981	1
79200	4
79217	1
79250	1
79255	1
79310	1
79335	1
79480	1
79800	1
79948	1
80085	1
86400	1
100844	1
105600	2
105625	1
105630	1
105644	1
105720	1
105842	1
107118	1
120648	1
132000	1
135012	1
158730	1
241120	1
