RTP and Standard Deviation Breakdown
Name	RTP	StDev
Initial	0.21696	27.99
Tumbles	0.281633	46.44
Base Total	0.498593	57.35
Free Spins	0.261467	159.2
Total	0.760061	169.2
----------------------------------------
Iterations	1000000000
Total Pay	5.229e+09
Feature Hits
Feature	Hits	Hit Rate
Base	222201654	4.5004165
Base Win	219715911	4.5513317
FS Tease	35249852	28.368913
Free Spins	3027952	330.25623
FS Trigger 3	2894198	345.51886
FS Trigger 4	130599	7657.0265
FS Trigger 5	3121	320410.12
FS Trigger 6	34	29411765
----------------------------------------
Base Hits
Symbol	1	2	3	4	5	6
WL	0	0	0	0	0	0
R1	0	0	1640451	274738	56599	45500
R2	0	0	4559553	1151535	165586	210056
R3	0	0	5170227	1950619	333050	374582
R4	0	0	48886040	23324917	14136060	4130842
R5	0	0	43713146	24061303	17907277	3828433
R6	0	0	68682589	35592206	28174022	10082076
S1	0	0	76594408	48563108	16254199	11397829
S2	0	0	127401572	67564606	17355404	13963120
S3	0	0	63170904	33508710	20534359	13483975
S4	0	0	92431292	49137421	25060836	15090414
F1	0	0	0	0	0	0
F2	0	0	0	0	0	0
F3	0	0	0	0	0	0
----------------------------------------
Free Hits
Symbol	1	2	3	4	5	6
WL	0	0	0	0	0	0
R1	0	0	26593	3597	462	79
R2	0	0	83351	16505	2992	898
R3	0	0	123592	28834	6323	2490
R4	0	0	256221	77585	21011	12073
R5	0	0	362226	129799	41389	27243
R6	0	0	611386	199127	65241	49527
S1	0	0	8260435	5565731	2189665	1745054
S2	0	0	12331913	7012109	2144191	1872950
S3	0	0	6539378	4108871	2682152	2242020
S4	0	0	8974464	5313274	2866957	2255140
F1	0	0	0	0	0	0
F2	0	0	0	0	0	0
F3	0	0	0	0	0	0
----------------------------------------
Average Free Spins: 	10.226131
----------------------------------------
Average Tumbles Base: 	1.7105485
----------------------------------------
Average Tumbles Free: 	1.9435687
----------------------------------------
Tumble Frequencies Base
Number Tumble	Frequency
1	131630815
2	47028303
3	23927916
4	10846464
5	3866013
6	1572217
7	602038
8	193608
9	38670
10	6293
11	2832
12	594
13	115
14	31
15	2
----------------------------------------
Multiplier Hit Rate: 	15.516769
Average Final Multiplier: 	1.1661663
Final Multiplier Frequencies
Multiplier	Frequency
1	935553592
2	36879464
3	12057073
4	5235005
5	2297790
6	968384
7	392872
8	153905
9	56510
10	19402
11	3160188
12	1557471
13	813280
14	400129
15	180321
16	76283
17	30984
18	12111
19	4329
20	1538
21	53155
22	43517
23	26593
24	13444
25	5943
26	2534
27	1037
28	409
29	150
30	50
31	796
32	762
33	527
34	243
35	105
36	46
37	17
38	8
39	1
40	2
41	9
42	11
43	3
44	4
46	1
47	1
53	1
----------------------------------------
Average Final Multiplier Free Spins: 	22.227041
Final Multiplier Frequencies Free Spins
Multiplier	Frequency
1	11046
2	13726
3	31189
4	35740
5	52825
6	57986
7	73970
8	78116
9	90768
10	94938
11	104230
12	109006
13	114295
14	116485
15	118160
16	118279
17	117381
18	115830
19	111793
20	107520
21	101739
22	96294
23	89747
24	83702
25	77029
26	71193
27	65368
28	59991
29	54926
30	49702
31	45874
32	41551
33	37421
34	34057
35	31061
36	28584
37	26029
38	23814
39	21936
40	19959
41	18530
42	17382
43	16109
44	14613
45	13656
46	13001
47	12029
48	11337
49	10621
50	10217
51	9626
52	8863
53	8504
54	7953
55	7577
56	7103
57	6562
58	6310
59	6026
60	5746
61	5148
62	5099
63	4605
64	4327
65	4048
66	3859
67	3721
68	3494
69	3304
70	2998
71	2835
72	2644
73	2524
74	2276
75	2163
76	2024
77	1925
78	1789
79	1657
80	1519
81	1357
82	1382
83	1299
84	1152
85	1084
86	955
87	929
88	879
89	801
90	717
91	673
92	645
93	627
94	567
95	509
96	480
97	471
98	395
99	382
100	377
101	356
102	331
103	288
104	270
105	284
106	212
107	216
108	207
109	194
110	182
111	184
112	151
113	173
114	143
115	134
116	116
117	122
118	103
119	109
120	101
121	98
122	79
123	89
124	81
125	70
126	62
127	76
128	45
129	48
130	47
131	49
132	39
133	53
134	44
135	27
136	32
137	30
138	28
139	32
140	25
141	23
142	16
143	29
144	20
145	19
146	13
147	13
148	10
149	16
150	12
151	9
152	15
153	8
154	10
155	8
156	8
157	4
158	10
159	6
160	5
161	9
162	2
163	10
164	7
165	3
166	4
167	5
168	3
169	3
170	1
171	4
172	3
173	2
174	2
175	1
176	2
177	2
178	4
180	5
181	2
182	4
183	3
184	1
185	1
186	1
188	2
189	3
190	2
191	2
193	2
194	1
197	1
199	3
202	1
226	1
268	1
----------------------------------------
Boost Statistics (Free Games)
Standard Boosts (+1):	49931892	(Total Mult: 49931892)
Superboosts (+10):	1434257	(Total Mult: 14342570)
Superboost %:	2.792%
Avg Mult per Boost:	1.251

Boost Level Frequencies (Free Games)
Boost Level	Frequency
1	49931892
2	1434257
----------------------------------------
Wins with Superboosts
Base Game Wins:	219715911
Base Game Wins with Superboost:	6377360	(2.903%)
Free Game Wins:	13693779
Free Game Wins with Superboost:	1351410	(9.869%)
----------------------------------------
Final Multiplier Frequencies Free Spins (split by initial multiplier)
Init Multiplier: 1
Average Final Multiplier (init 1):	22.23
Final Mult	Frequency
1	11046
2	13726
3	31189
4	35740
5	52825
6	57986
7	73970
8	78116
9	90768
10	94938
11	104230
12	109006
13	114295
14	116485
15	118160
16	118279
17	117381
18	115830
19	111793
20	107520
21	101739
22	96294
23	89747
24	83702
25	77029
26	71193
27	65368
28	59991
29	54926
30	49702
31	45874
32	41551
33	37421
34	34057
35	31061
36	28584
37	26029
38	23814
39	21936
40	19959
41	18530
42	17382
43	16109
44	14613
45	13656
46	13001
47	12029
48	11337
49	10621
50	10217
51	9626
52	8863
53	8504
54	7953
55	7577
56	7103
57	6562
58	6310
59	6026
60	5746
61	5148
62	5099
63	4605
64	4327
65	4048
66	3859
67	3721
68	3494
69	3304
70	2998
71	2835
72	2644
73	2524
74	2276
75	2163
76	2024
77	1925
78	1789
79	1657
80	1519
81	1357
82	1382
83	1299
84	1152
85	1084
86	955
87	929
88	879
89	801
90	717
91	673
92	645
93	627
94	567
95	509
96	480
97	471
98	395
99	382
100	377
101	356
102	331
103	288
104	270
105	284
106	212
107	216
108	207
109	194
110	182
111	184
112	151
113	173
114	143
115	134
116	116
117	122
118	103
119	109
120	101
121	98
122	79
123	89
124	81
125	70
126	62
127	76
128	45
129	48
130	47
131	49
132	39
133	53
134	44
135	27
136	32
137	30
138	28
139	32
140	25
141	23
142	16
143	29
144	20
145	19
146	13
147	13
148	10
149	16
150	12
151	9
152	15
153	8
154	10
155	8
156	8
157	4
158	10
159	6
160	5
161	9
162	2
163	10
164	7
165	3
166	4
167	5
168	3
169	3
170	1
171	4
172	3
173	2
174	2
175	1
176	2
177	2
178	4
180	5
181	2
182	4
183	3
184	1
185	1
186	1
188	2
189	3
190	2
191	2
193	2
194	1
197	1
199	3
202	1
226	1
268	1
----------------------------------------
Elapsed time: 1307 seconds
