Pay	Frequency
0	780296242
2	14185439
4	24319185
5	9305029
6	4821922
7	999099
8	19506570
9	1185303
10	15501444
11	239167
12	7183752
13	1080544
14	4212501
15	2321662
16	10287357
17	370946
18	3510059
19	494397
20	11195588
21	671179
22	2014953
23	521292
24	6272500
25	513772
26	2039811
27	222304
28	3411604
29	453623
30	3833690
31	301157
32	4362588
33	273486
34	1759548
35	256757
36	2718548
37	287415
38	1388952
39	246268
40	4692655
41	190752
42	1277062
43	169170
44	1904942
45	395075
46	974631
47	166065
48	3277017
49	178350
50	931362
51	123092
52	1382122
53	289082
54	799737
55	104215
56	1385096
57	122619
58	828606
59	93953
60	2616200
61	110334
62	633505
63	139751
64	1644495
65	133027
66	551248
67	74277
68	1167831
69	127508
70	532602
71	63686
72	1352895
73	105918
74	502554
75	63304
76	813611
77	103327
78	491060
79	68849
80	1639279
81	61946
82	421879
83	64874
84	782722
85	90719
86	327436
87	61662
88	723898
89	56384
90	624746
91	41506
92	569086
93	63223
94	329923
95	57950
96	1118136
97	47664
98	323288
99	43224
100	538638
101	79247
102	281639
103	42145
104	480751
105	39885
106	319088
107	33868
108	455815
109	34836
110	227810
111	48859
112	410434
113	34449
114	219709
115	25906
116	373142
117	31223
118	191356
119	24997
120	1013710
121	30643
122	192980
123	24373
124	365266
125	51170
126	199106
127	22173
128	450598
129	29133
130	193980
131	22371
132	285526
133	33356
134	150859
135	37753
136	319603
137	20852
138	168054
139	20614
140	251301
141	26154
142	126629
143	24541
144	484049
145	18409
146	136853
147	17224
148	227526
149	34480
150	130591
151	18757
152	233079
153	17301
154	140707
155	14632
156	202678
157	15313
158	107613
159	22989
160	489494
161	13929
162	110941
163	13191
164	202444
165	30211
166	94228
167	13149
168	212563
169	16794
170	112943
171	12205
172	143725
173	15700
174	95833
175	16975
176	161973
177	11508
178	81440
179	12507
180	300483
181	11628
182	74441
183	12038
184	168136
185	17426
186	78505
187	9111
188	139506
189	14941
190	79817
191	9313
192	256588
193	11782
194	71490
195	10924
196	122602
197	16856
198	68807
199	9994
200	162079
201	9452
202	75068
203	8663
204	113734
205	10330
206	57266
207	11562
208	107946
209	8678
210	60040
211	7035
212	102269
213	8125
214	52366
215	7313
216	126763
217	8066
218	50097
219	7103
220	88043
221	9055
222	53052
223	6503
224	87410
225	6702
226	47967
227	6283
228	79131
229	6015
230	42970
231	7013
232	79619
233	5559
234	42738
235	5226
236	67267
237	6211
238	37932
239	5068
240	282880
241	5128
242	40782
243	4772
244	83530
245	14564
246	38841
247	4879
248	88641
249	6887
250	49864
251	4358
252	66651
253	6938
254	35073
255	7581
256	79461
257	5143
258	36568
259	4658
260	64855
261	6081
262	31284
263	4902
264	63933
265	5290
266	31444
267	4285
268	48991
269	4877
270	46354
271	4286
272	55771
273	3872
274	30128
275	4530
276	49173
277	3965
278	28139
279	4409
280	53742
281	3621
282	27251
283	3511
284	40026
285	4531
286	25477
287	3385
288	110696
289	3032
290	25397
291	3285
292	40580
293	7279
294	24362
295	3238
296	42247
297	3249
298	29565
299	2648
300	44581
301	2821
302	21377
303	4648
304	40077
305	2853
306	21244
307	2565
308	39590
309	2904
310	20115
311	2452
312	37390
313	3213
314	18871
315	2597
316	30185
317	2584
318	21571
319	2322
320	115365
321	2244
322	19230
323	2638
324	37273
325	6287
326	16752
327	2310
328	39154
329	2645
330	24673
331	1846
332	27055
333	3289
334	16173
335	3481
336	33704
337	2159
338	16405
339	2207
340	29180
341	2419
342	14630
343	2269
344	26644
345	2559
346	14504
347	1911
348	24577
349	2222
350	15266
351	2149
352	24317
353	1856
354	13505
355	1913
356	20265
357	1995
358	12578
359	1735
360	80157
361	1552
362	12721
363	1650
364	25349
365	4258
366	12528
367	1627
368	30377
369	2238
370	14657
371	1471
372	20913
373	2852
374	11500
375	2253
376	23080
377	1664
378	13190
379	1559
380	21457
381	1987
382	10423
383	1875
384	38004
385	1699
386	10749
387	1449
388	18306
389	2321
390	11288
391	1462
392	19702
393	1472
394	11825
395	1351
396	16673
397	1504
398	9524
399	1720
400	40228
401	1266
402	9884
403	1145
404	17838
405	2497
406	8646
407	1241
408	18762
409	1365
410	9915
411	1121
412	13952
413	1534
414	9067
415	1378
416	15186
417	1133
418	8090
419	1127
420	14400
421	1234
422	7360
423	1234
424	14416
425	1103
426	7423
427	982
428	11938
429	1157
430	7048
431	930
432	25484
433	972
434	6945
435	957
436	11285
437	1912
438	6767
439	914
440	13665
441	969
442	7685
443	827
444	11403
445	1098
446	6025
447	1237
448	11742
449	812
450	6825
451	779
452	10922
453	994
454	5746
455	880
456	11216
457	1067
458	5710
459	766
460	9433
461	856
462	6087
463	822
464	10353
465	809
466	5384
467	758
468	9143
469	739
470	5056
471	709
472	9450
473	683
474	5147
475	618
476	7917
477	850
478	4450
479	675
480	63539
481	637
482	5433
483	641
484	12609
485	3103
486	4866
487	606
488	14423
489	1183
490	8640
491	578
492	9113
493	1228
494	4991
495	1489
496	11445
497	891
498	5424
499	758
500	10576
501	1003
502	4439
503	809
504	10096
505	1006
506	4387
507	710
508	7028
509	931
510	5471
511	730
512	9077
513	700
514	4312
515	732
516	7100
517	764
518	3929
519	684
520	8873
521	546
522	4327
523	504
524	6120
525	861
526	3566
527	596
528	7935
529	530
530	3833
531	484
532	5639
533	680
534	3437
535	580
536	5962
537	503
538	3424
539	450
540	13054
541	517
542	3275
543	554
544	6768
545	746
546	3221
547	396
548	6377
549	632
550	3406
551	420
552	6246
553	560
554	3115
555	502
556	5432
557	534
558	3278
559	419
560	6524
561	475
562	2854
563	403
564	5209
565	495
566	2752
567	421
568	4978
569	393
570	3132
571	353
572	4583
573	389
574	2667
575	422
576	15091
577	364
578	2568
579	314
580	4886
581	791
582	2605
583	349
584	4745
585	415
586	3604
587	330
588	4455
589	366
590	2412
591	564
592	4540
593	335
594	2457
595	303
596	4827
597	320
598	2330
599	327
600	10422
601	388
602	2443
603	299
604	4197
605	457
606	2666
607	285
608	4650
609	338
610	2469
611	327
612	3974
613	303
614	2006
615	324
616	4511
617	287
618	2144
619	268
620	3807
621	336
622	1936
623	247
624	4100
625	260
626	1981
627	278
628	3192
629	237
630	2000
631	290
632	3221
633	239
634	1853
635	231
636	3425
637	202
638	1679
639	268
640	19196
641	256
642	2064
643	229
644	4224
645	798
646	1776
647	251
648	6131
649	310
650	2858
651	248
652	3126
653	500
654	1833
655	416
656	4099
657	310
658	1966
659	215
660	3973
661	388
662	1474
663	326
664	3417
665	320
666	1797
667	201
668	2757
669	323
670	1849
671	266
672	3466
673	238
674	1666
675	265
676	2662
677	282
678	1569
679	237
680	3115
681	246
682	1473
683	187
684	2453
685	282
686	1418
687	219
688	3047
689	202
690	1444
691	170
692	2204
693	270
694	1279
695	189
696	2544
697	179
698	1293
699	179
700	2395
701	194
702	1184
703	200
704	2307
705	180
706	1130
707	152
708	2049
709	199
710	1125
711	187
712	2040
713	175
714	1077
715	154
716	1757
717	196
718	1052
719	146
720	16655
721	139
722	1213
723	130
724	3029
725	834
726	1142
727	161
728	3821
729	284
730	1994
731	156
732	2262
733	348
734	1209
735	335
736	3127
737	197
738	1416
739	211
740	2517
741	301
742	1051
743	267
744	2650
745	241
746	1269
747	211
748	1881
749	253
750	1404
751	219
752	2262
753	163
754	1116
755	184
756	1955
757	228
758	1056
759	193
760	2490
761	152
762	1083
763	146
764	1712
765	233
766	1060
767	183
768	3663
769	156
770	1088
771	156
772	1674
773	236
774	970
775	155
776	1809
777	165
778	1092
779	120
780	1870
781	145
782	818
783	178
784	1825
785	199
786	894
787	139
788	1701
789	158
790	859
791	119
792	1718
793	140
794	868
795	131
796	1431
797	135
798	943
799	150
800	8502
801	119
802	929
803	98
804	1841
805	247
806	792
807	127
808	1909
809	143
810	1485
811	126
812	1324
813	152
814	837
815	155
816	1720
817	107
818	846
819	135
820	1515
821	125
822	737
823	119
824	1454
825	134
826	759
827	109
828	1255
829	127
830	753
831	113
832	1284
833	90
834	736
835	117
836	1109
837	104
838	658
839	89
840	1490
841	107
842	604
843	100
844	1049
845	102
846	664
847	79
848	1172
849	93
850	652
851	85
852	1025
853	88
854	564
855	110
856	1050
857	74
858	590
859	77
860	968
861	99
862	559
863	72
864	3740
865	84
866	511
867	73
868	929
869	213
870	542
871	67
872	1011
873	75
874	830
875	72
876	855
877	68
878	519
879	177
880	1093
881	63
882	528
883	63
884	1086
885	100
886	534
887	92
888	1042
889	108
890	555
891	64
892	812
893	80
894	671
895	81
896	973
897	58
898	551
899	74
900	1239
901	58
902	485
903	73
904	1031
905	77
906	523
907	64
908	882
909	85
910	540
911	74
912	889
913	57
914	479
915	66
916	742
917	66
918	446
919	78
920	862
921	71
922	448
923	64
924	813
925	58
926	444
927	55
928	760
929	65
930	432
931	65
932	634
933	57
934	415
935	44
936	714
937	56
938	400
939	52
940	676
941	63
942	369
943	58
944	686
945	58
946	344
947	50
948	612
949	65
950	328
951	45
952	631
953	65
954	346
955	45
956	552
957	60
958	345
959	52
960	11110
961	48
962	421
963	46
964	1500
965	432
966	415
967	51
968	1894
969	136
970	1152
971	48
972	911
973	177
974	439
975	172
976	1409
977	116
978	551
979	70
980	1237
981	130
982	399
983	108
984	981
985	147
986	460
987	87
988	737
989	134
990	638
991	85
992	1001
993	82
994	404
995	83
996	747
997	95
998	400
999	88
1000	1076
1001	66
1002	461
1003	55
1004	586
1005	122
1006	346
1007	67
1008	1005
1009	78
1010	406
1011	67
1012	619
1013	110
1014	369
1015	71
1016	648
1017	71
1018	365
1019	57
1020	764
1021	62
1022	305
1023	62
1024	694
1025	68
1026	332
1027	39
1028	528
1029	79
1030	322
1031	49
1032	600
1033	48
1034	311
1035	54
1036	480
1037	57
1038	301
1039	55
1040	681
1041	55
1042	284
1043	38
1044	481
1045	50
1046	271
1047	51
1048	450
1049	36
1050	368
1051	39
1052	387
1053	51
1054	222
1055	46
1056	605
1057	28
1058	241
1059	49
1060	407
1061	54
1062	233
1063	40
1064	377
1065	32
1066	253
1067	46
1068	372
1069	23
1070	214
1071	24
1072	394
1073	26
1074	225
1075	25
1076	324
1077	44
1078	217
1079	26
1080	2465
1081	30
1082	235
1083	31
1084	528
1085	119
1086	202
1087	37
1088	663
1089	64
1090	299
1091	24
1092	427
1093	72
1094	216
1095	55
1096	522
1097	28
1098	249
1099	36
1100	439
1101	44
1102	207
1103	44
1104	537
1105	41
1106	246
1107	38
1108	424
1109	38
1110	278
1111	27
1112	454
1113	41
1114	239
1115	34
1116	398
1117	43
1118	204
1119	50
1120	524
1121	31
1122	246
1123	29
1124	363
1125	46
1126	191
1127	48
1128	445
1129	26
1130	219
1131	33
1132	326
1133	50
1134	203
1135	46
1136	384
1137	35
1138	219
1139	17
1140	400
1141	33
1142	180
1143	28
1144	381
1145	38
1146	205
1147	22
1148	328
1149	32
1150	187
1151	19
1152	1201
1153	19
1154	174
1155	28
1156	346
1157	35
1158	176
1159	22
1160	403
1161	28
1162	244
1163	23
1164	357
1165	38
1166	166
1167	41
1168	371
1169	24
1170	208
1171	28
1172	394
1173	25
1174	181
1175	27
1176	391
1177	23
1178	181
1179	16
1180	325
1181	25
1182	185
1183	22
1184	323
1185	17
1186	184
1187	32
1188	289
1189	25
1190	164
1191	29
1192	348
1193	22
1194	186
1195	17
1196	241
1197	27
1198	172
1199	24
1200	2756
1201	19
1202	227
1203	20
1204	440
1205	60
1206	179
1207	22
1208	442
1209	30
1210	254
1211	17
1212	315
1213	29
1214	147
1215	47
1216	337
1217	24
1218	166
1219	25
1220	322
1221	30
1222	150
1223	30
1224	353
1225	23
1226	144
1227	34
1228	245
1229	22
1230	185
1231	31
1232	273
1233	20
1234	127
1235	18
1236	261
1237	27
1238	140
1239	21
1240	307
1241	18
1242	147
1243	17
1244	202
1245	25
1246	123
1247	14
1248	288
1249	20
1250	120
1251	25
1252	196
1253	34
1254	149
1255	24
1256	194
1257	29
1258	128
1259	23
1260	219
1261	19
1262	96
1263	24
1264	240
1265	14
1266	124
1267	15
1268	188
1269	20
1270	110
1271	23
1272	206
1273	20
1274	93
1275	15
1276	185
1277	12
1278	98
1279	15
1280	1939
1281	23
1282	127
1283	15
1284	282
1285	51
1286	97
1287	16
1288	433
1289	25
1290	229
1291	10
1292	212
1293	38
1294	140
1295	22
1296	720
1297	29
1298	126
1299	23
1300	290
1301	39
1302	94
1303	28
1304	272
1305	30
1306	139
1307	16
1308	156
1309	31
1310	124
1311	38
1312	273
1313	11
1314	130
1315	24
1316	185
1317	37
1318	100
1319	20
1320	257
1321	26
1322	121
1323	17
1324	179
1325	22
1326	135
1327	24
1328	259
1329	10
1330	131
1331	7
1332	203
1333	19
1334	103
1335	16
1336	193
1337	19
1338	118
1339	12
1340	182
1341	20
1342	88
1343	12
1344	202
1345	13
1346	86
1347	12
1348	153
1349	13
1350	115
1351	20
1352	168
1353	11
1354	90
1355	17
1356	188
1357	16
1358	89
1359	25
1360	194
1361	7
1362	97
1363	13
1364	147
1365	16
1366	67
1367	16
1368	158
1369	6
1370	90
1371	10
1372	120
1373	11
1374	75
1375	16
1376	183
1377	13
1378	66
1379	6
1380	128
1381	14
1382	73
1383	17
1384	136
1385	12
1386	84
1387	11
1388	118
1389	8
1390	58
1391	12
1392	140
1393	14
1394	54
1395	8
1396	97
1397	11
1398	49
1399	9
1400	116
1401	9
1402	53
1403	3
1404	110
1405	15
1406	63
1407	14
1408	123
1409	8
1410	75
1411	11
1412	74
1413	11
1414	59
1415	8
1416	120
1417	11
1418	49
1419	7
1420	89
1421	3
1422	64
1423	11
1424	97
1425	7
1426	42
1427	9
1428	73
1429	9
1430	58
1431	7
1432	94
1433	2
1434	70
1435	6
1436	85
1437	11
1438	51
1439	10
1440	3062
1441	10
1442	100
1443	11
1444	346
1445	109
1446	86
1447	11
1448	466
1449	37
1450	242
1451	9
1452	159
1453	40
1454	91
1455	56
1456	326
1457	21
1458	129
1459	22
1460	299
1461	32
1462	85
1463	24
1464	245
1465	44
1466	106
1467	19
1468	163
1469	29
1470	130
1471	28
1472	226
1473	21
1474	103
1475	23
1476	171
1477	21
1478	116
1479	22
1480	252
1481	23
1482	97
1483	15
1484	131
1485	32
1486	94
1487	19
1488	209
1489	20
1490	108
1491	8
1492	118
1493	24
1494	84
1495	33
1496	155
1497	22
1498	99
1499	9
1500	174
1501	11
1502	79
1503	14
1504	144
1505	17
1506	72
1507	11
1508	117
1509	13
1510	78
1511	11
1512	168
1513	10
1514	79
1515	15
1516	124
1517	19
1518	86
1519	10
1520	182
1521	20
1522	71
1523	8
1524	125
1525	19
1526	58
1527	9
1528	132
1529	11
1530	84
1531	8
1532	109
1533	9
1534	63
1535	13
1536	209
1537	6
1538	56
1539	6
1540	121
1541	12
1542	51
1543	4
1544	111
1545	18
1546	69
1547	8
1548	94
1549	10
1550	60
1551	13
1552	87
1553	9
1554	63
1555	11
1556	107
1557	13
1558	48
1559	10
1560	141
1561	8
1562	60
1563	10
1564	98
1565	19
1566	66
1567	10
1568	115
1569	8
1570	60
1571	7
1572	83
1573	7
1574	44
1575	7
1576	85
1577	1
1578	38
1579	6
1580	84
1581	11
1582	55
1583	8
1584	107
1585	3
1586	47
1587	11
1588	77
1589	9
1590	52
1591	7
1592	75
1593	7
1594	35
1595	3
1596	79
1597	7
1598	43
1599	5
1600	1199
1601	4
1602	57
1603	3
1604	143
1605	30
1606	40
1607	8
1608	146
1609	6
1610	85
1611	5
1612	82
1613	7
1614	41
1615	7
1616	113
1617	7
1618	37
1619	9
1620	244
1621	5
1622	50
1623	9
1624	91
1625	14
1626	36
1627	6
1628	105
1629	8
1630	52
1631	5
1632	94
1633	11
1634	34
1635	9
1636	81
1637	9
1638	40
1639	6
1640	98
1641	3
1642	35
1643	11
1644	77
1645	6
1646	38
1647	9
1648	76
1649	7
1650	32
1651	11
1652	51
1653	7
1654	32
1655	7
1656	71
1657	8
1658	41
1659	5
1660	69
1661	5
1662	42
1663	4
1664	62
1665	7
1666	33
1667	7
1668	57
1669	3
1670	30
1671	5
1672	59
1673	5
1674	30
1675	13
1676	44
1677	6
1678	34
1679	5
1680	93
1681	4
1682	38
1683	3
1684	54
1685	12
1686	35
1687	6
1688	61
1689	5
1690	32
1691	2
1692	48
1693	5
1694	29
1695	5
1696	51
1697	4
1698	21
1699	7
1700	39
1701	11
1702	22
1703	7
1704	60
1705	3
1706	35
1707	4
1708	42
1709	1
1710	29
1711	3
1712	51
1713	6
1714	26
1715	4
1716	42
1717	6
1718	19
1719	1
1720	47
1721	9
1722	25
1723	3
1724	41
1725	10
1726	29
1727	5
1728	326
1729	8
1730	21
1731	6
1732	51
1733	9
1734	28
1735	3
1736	38
1737	5
1738	39
1739	4
1740	54
1741	3
1742	20
1743	5
1744	40
1745	6
1746	26
1747	2
1748	65
1749	5
1750	27
1751	2
1752	50
1753	11
1754	24
1755	8
1756	35
1757	5
1758	41
1759	5
1760	58
1761	7
1762	44
1763	4
1764	41
1765	1
1766	31
1767	5
1768	62
1769	4
1770	48
1771	3
1772	48
1773	5
1774	33
1775	8
1776	60
1777	11
1778	30
1779	6
1780	47
1781	4
1782	25
1783	2
1784	48
1785	4
1786	21
1787	2
1788	62
1789	6
1790	24
1791	4
1792	47
1793	6
1794	24
1795	3
1796	41
1797	2
1798	28
1799	3
1800	240
1801	4
1802	30
1803	6
1804	45
1805	9
1806	25
1807	5
1808	73
1809	1
1810	29
1811	4
1812	55
1813	5
1814	30
1815	5
1816	46
1817	1
1818	22
1819	5
1820	40
1821	3
1822	24
1824	54
1825	2
1826	22
1827	2
1828	45
1830	23
1831	3
1832	38
1833	5
1834	16
1835	1
1836	45
1837	2
1838	22
1839	4
1840	35
1841	4
1842	28
1843	3
1844	26
1845	4
1846	15
1847	2
1848	46
1849	1
1850	22
1851	3
1852	35
1853	4
1854	21
1855	3
1856	29
1857	6
1858	24
1859	2
1860	30
1861	6
1862	16
1863	3
1864	35
1866	14
1867	2
1868	28
1869	1
1870	15
1871	1
1872	40
1873	4
1874	14
1875	4
1876	33
1877	3
1878	17
1879	1
1880	29
1881	2
1882	19
1883	1
1884	23
1885	3
1886	20
1887	6
1888	40
1889	5
1890	16
1891	4
1892	28
1893	5
1894	15
1895	3
1896	25
1897	3
1898	20
1899	4
1900	28
1901	4
1902	13
1903	2
1904	26
1905	4
1906	19
1907	6
1908	38
1909	2
1910	17
1911	3
1912	30
1913	4
1914	19
1915	5
1916	33
1917	3
1918	17
1919	1
1920	1305
1921	3
1922	23
1923	3
1924	125
1925	19
1926	22
1927	2
1928	184
1929	21
1930	104
1931	2
1932	84
1933	13
1934	31
1935	19
1936	145
1937	11
1938	48
1939	4
1940	108
1941	14
1942	45
1943	10
1944	134
1945	9
1946	42
1947	10
1948	53
1949	15
1950	44
1951	10
1952	96
1953	5
1954	23
1955	8
1956	42
1957	11
1958	26
1959	12
1960	91
1961	5
1962	39
1963	4
1964	47
1965	11
1966	36
1967	9
1968	74
1969	8
1970	41
1971	5
1972	40
1973	17
1974	32
1975	4
1976	41
1977	4
1978	29
1979	4
1980	58
1981	6
1982	19
1983	3
1984	64
1985	5
1986	26
1987	5
1988	54
1989	6
1990	15
1991	5
1992	55
1993	7
1994	30
1995	7
1996	39
1997	3
1998	27
1999	4
2000	59
2001	2
2002	18
2003	2
2004	35
2005	8
2006	21
2007	7
2008	41
2009	3
2010	25
2011	4
2012	28
2013	7
2014	24
2015	4
2016	53
2017	5
2018	14
2019	5
2020	26
2021	3
2022	22
2023	6
2024	24
2025	6
2026	21
2027	6
2028	20
2029	5
2030	18
2031	2
2032	26
2033	2
2034	15
2035	3
2036	24
2037	2
2038	23
2039	4
2040	45
2041	3
2042	13
2044	25
2045	3
2046	20
2047	1
2048	36
2049	3
2050	20
2051	3
2052	28
2053	3
2054	15
2055	5
2056	30
2057	3
2058	12
2059	2
2060	15
2061	2
2062	8
2063	2
2064	29
2065	4
2066	9
2067	4
2068	15
2069	8
2070	14
2071	3
2072	15
2073	1
2074	9
2075	2
2076	16
2077	2
2078	12
2079	2
2080	35
2081	2
2082	11
2083	1
2084	23
2085	5
2086	10
2087	1
2088	16
2089	3
2090	13
2091	3
2092	11
2094	9
2095	1
2096	14
2097	3
2098	8
2099	3
2100	22
2101	3
2102	12
2103	1
2104	11
2105	2
2106	9
2107	4
2108	16
2109	4
2110	12
2111	1
2112	22
2113	1
2114	2
2115	2
2116	17
2117	1
2118	8
2119	1
2120	22
2121	2
2122	8
2124	12
2125	2
2126	8
2128	17
2129	1
2130	9
2131	3
2132	14
2134	7
2135	5
2136	14
2138	5
2139	2
2140	15
2141	1
2142	6
2143	2
2144	13
2146	6
2147	1
2148	14
2149	2
2150	6
2152	9
2153	1
2154	3
2155	2
2156	12
2157	2
2158	7
2159	2
2160	435
2161	5
2162	9
2163	1
2164	54
2165	17
2166	20
2168	45
2169	6
2170	38
2172	24
2173	4
2174	14
2175	11
2176	55
2177	4
2178	16
2179	2
2180	41
2181	4
2182	12
2183	4
2184	36
2185	8
2186	20
2187	5
2188	20
2189	1
2190	12
2191	4
2192	35
2193	1
2194	20
2195	2
2196	30
2197	4
2198	14
2199	4
2200	42
2201	5
2202	18
2203	2
2204	29
2205	3
2206	22
2207	1
2208	31
2209	4
2210	22
2211	4
2212	25
2213	5
2214	14
2215	5
2216	9
2217	4
2218	13
2220	20
2221	3
2222	11
2223	2
2224	27
2225	5
2226	16
2227	2
2228	23
2229	1
2230	8
2231	1
2232	29
2233	2
2234	14
2235	4
2236	19
2237	2
2238	14
2239	4
2240	36
2241	5
2242	13
2243	3
2244	35
2245	1
2246	13
2247	3
2248	13
2249	3
2250	21
2251	2
2252	25
2253	2
2254	10
2255	1
2256	29
2257	3
2258	9
2259	1
2260	30
2261	3
2262	10
2264	13
2265	1
2266	13
2267	3
2268	18
2269	1
2270	9
2271	4
2272	22
2273	2
2274	10
2275	2
2276	18
2278	6
2280	34
2281	3
2282	8
2283	1
2284	13
2285	2
2286	6
2287	1
2288	20
2290	4
2291	1
2292	13
2293	3
2294	11
2295	2
2296	15
2297	4
2298	9
2299	2
2300	14
2301	2
2302	11
2303	2
2304	69
2305	1
2306	14
2307	2
2308	18
2309	1
2310	11
2312	19
2313	1
2314	15
2316	21
2317	2
2318	4
2320	21
2321	2
2322	9
2324	19
2325	1
2326	10
2327	1
2328	9
2329	2
2330	10
2331	2
2332	11
2333	3
2334	14
2336	15
2337	1
2338	9
2339	2
2340	19
2341	1
2342	9
2343	4
2344	15
2345	1
2346	7
2347	3
2348	11
2349	1
2350	12
2352	21
2353	1
2354	10
2355	1
2356	21
2357	1
2358	14
2359	1
2360	14
2361	1
2362	7
2364	14
2365	2
2366	5
2367	2
2368	18
2370	9
2372	16
2374	8
2376	10
2377	2
2378	7
2379	2
2380	13
2381	1
2382	6
2384	12
2385	2
2386	7
2388	11
2389	1
2390	4
2391	1
2392	5
2394	11
2395	1
2396	8
2398	6
2400	589
2402	18
2404	56
2405	9
2406	15
2407	4
2408	45
2409	4
2410	19
2411	3
2412	25
2413	2
2414	17
2416	33
2417	1
2418	8
2419	2
2420	26
2421	2
2422	7
2423	6
2424	27
2425	2
2426	4
2427	1
2428	14
2429	3
2430	18
2432	21
2433	1
2434	17
2435	1
2436	12
2437	3
2438	12
2439	2
2440	21
2441	1
2442	6
2443	2
2444	9
2446	6
2447	2
2448	21
2449	3
2450	6
2451	2
2452	13
2453	1
2454	7
2455	1
2456	5
2457	1
2458	6
2460	20
2461	2
2462	8
2463	1
2464	10
2466	8
2467	1
2468	12
2469	3
2470	6
2472	10
2473	2
2474	5
2475	1
2476	5
2477	1
2478	4
2480	18
2481	2
2482	7
2483	1
2484	13
2485	1
2486	5
2487	1
2488	14
2490	2
2491	1
2492	12
2493	6
2494	4
2495	1
2496	9
2497	3
2498	4
2499	2
2500	13
2502	5
2503	1
2504	12
2505	1
2506	6
2507	1
2508	8
2509	3
2510	8
2512	7
2514	7
2516	12
2518	6
2519	3
2520	9
2521	2
2522	5
2523	3
2524	7
2525	2
2526	3
2527	1
2528	9
2529	1
2530	3
2531	2
2532	11
2534	2
2536	7
2537	2
2538	4
2540	4
2542	5
2544	6
2545	2
2546	2
2548	6
2549	3
2550	2
2551	2
2552	5
2553	1
2554	1
2555	1
2556	9
2558	4
2559	1
2560	117
2562	4
2564	17
2565	2
2566	8
2567	2
2568	20
2569	2
2570	7
2571	1
2572	10
2573	1
2574	3
2576	9
2577	2
2578	9
2579	1
2580	9
2581	2
2582	1
2583	2
2584	14
2585	3
2586	5
2588	10
2590	6
2591	1
2592	56
2594	4
2595	2
2596	13
2597	4
2598	4
2600	11
2601	2
2602	9
2604	5
2605	1
2606	4
2607	5
2608	16
2609	1
2610	5
2612	10
2614	5
2615	1
2616	7
2617	1
2618	5
2620	12
2622	6
2624	12
2626	5
2628	7
2630	3
2631	2
2632	15
2633	2
2634	5
2636	10
2637	3
2638	3
2640	8
2642	1
2644	7
2645	1
2646	6
2648	5
2650	4
2651	1
2652	9
2654	5
2655	1
2656	15
2658	6
2659	3
2660	17
2661	2
2662	5
2664	11
2665	2
2666	6
2668	10
2670	1
2671	1
2672	9
2674	4
2675	1
2676	11
2677	1
2680	6
2682	3
2683	1
2684	8
2686	3
2688	9
2689	1
2690	1
2692	6
2694	1
2696	5
2698	1
2700	13
2701	1
2702	3
2704	11
2706	2
2708	4
2710	3
2711	3
2712	4
2713	2
2714	3
2716	5
2718	7
2720	4
2722	2
2723	2
2724	6
2725	1
2726	4
2728	6
2730	3
2731	1
2732	2
2734	1
2735	1
2736	9
2738	1
2740	3
2742	1
2743	1
2744	7
2746	1
2747	1
2748	6
2749	1
2750	1
2751	1
2752	6
2753	1
2754	1
2756	1
2757	1
2758	3
2759	1
2760	10
2762	1
2763	1
2764	5
2765	1
2766	3
2768	8
2769	3
2770	3
2772	1
2774	2
2775	1
2776	7
2778	4
2780	3
2781	1
2782	3
2784	5
2785	2
2786	2
2788	4
2790	2
2792	4
2794	5
2795	2
2796	1
2800	11
2801	2
2802	2
2804	4
2805	1
2806	2
2807	2
2808	8
2812	3
2813	2
2814	2
2816	3
2818	1
2820	2
2821	2
2822	3
2824	2
2826	1
2828	5
2830	2
2831	1
2832	2
2833	1
2836	5
2838	2
2839	1
2840	5
2844	4
2845	1
2846	1
2847	1
2848	4
2849	2
2850	3
2851	3
2852	3
2853	3
2854	5
2855	1
2856	3
2858	1
2859	1
2860	4
2861	1
2862	1
2863	1
2864	5
2865	1
2866	1
2867	1
2868	3
2869	1
2870	4
2871	1
2872	5
2874	3
2876	2
2878	1
2880	336
2882	8
2884	31
2885	7
2886	7
2888	52
2889	1
2890	17
2892	19
2893	3
2894	7
2895	3
2896	34
2897	5
2898	11
2899	2
2900	25
2901	4
2902	7
2903	1
2904	18
2905	4
2906	10
2907	3
2908	15
2909	1
2910	11
2911	2
2912	19
2913	3
2914	13
2915	1
2916	15
2917	4
2918	12
2919	1
2920	31
2921	2
2922	11
2923	1
2924	11
2925	5
2926	6
2927	3
2928	22
2929	1
2930	10
2932	6
2933	1
2934	4
2935	2
2936	11
2937	5
2938	5
2940	21
2941	4
2942	4
2943	2
2944	18
2945	3
2946	8
2948	10
2949	2
2950	5
2951	2
2952	9
2954	6
2955	1
2956	11
2957	2
2958	9
2959	4
2960	16
2962	4
2963	1
2964	10
2966	4
2968	16
2969	4
2970	6
2972	5
2973	2
2974	2
2976	10
2978	7
2979	1
2980	14
2981	5
2982	3
2983	1
2984	10
2985	1
2986	4
2988	8
2989	1
2990	4
2991	4
2992	8
2993	1
2994	4
2995	1
2996	6
2997	1
2998	6
3000	17
3001	1
3002	5
3003	3
3004	6
3006	4
3007	1
3008	3
3010	2
3012	9
3013	1
3014	5
3016	5
3017	1
3018	8
3019	2
3020	5
3022	4
3023	2
3024	7
3026	4
3028	3
3029	1
3030	3
3032	4
3033	1
3034	3
3035	1
3036	5
3037	3
3038	4
3040	15
3043	1
3044	10
3046	4
3047	1
3048	8
3050	1
3052	1
3054	4
3055	2
3056	3
3057	1
3058	4
3059	1
3060	4
3061	2
3062	3
3064	5
3065	2
3066	1
3067	1
3068	6
3070	2
3071	1
3072	11
3074	1
3075	1
3076	3
3078	6
3080	4
3081	2
3082	5
3084	6
3087	2
3088	1
3092	1
3093	1
3095	1
3096	3
3097	1
3098	4
3099	2
3100	2
3102	5
3103	1
3104	3
3105	1
3106	1
3109	1
3110	1
3112	3
3114	4
3116	2
3120	7
3122	2
3124	2
3126	1
3128	6
3130	2
3134	3
3136	2
3137	1
3138	2
3140	6
3142	2
3144	3
3145	1
3147	1
3148	2
3150	3
3151	1
3152	4
3154	1
3155	1
3156	7
3158	1
3160	2
3164	3
3166	1
3168	5
3169	1
3170	1
3173	1
3174	1
3176	3
3179	1
3180	2
3184	3
3186	1
3188	3
3190	2
3191	1
3192	2
3194	1
3195	1
3196	2
3198	2
3200	102
3202	4
3203	1
3204	15
3205	3
3206	1
3208	16
3209	1
3210	2
3212	3
3214	2
3215	1
3216	6
3218	1
3219	1
3220	4
3222	3
3224	2
3226	1
3228	2
3230	2
3231	1
3232	5
3234	2
3235	1
3236	5
3238	2
3240	40
3242	2
3244	8
3245	2
3246	4
3248	7
3249	1
3250	3
3252	2
3253	1
3254	2
3256	4
3257	1
3258	4
3260	9
3262	1
3263	1
3264	5
3266	1
3267	2
3268	3
3269	1
3270	1
3272	7
3273	1
3274	2
3276	2
3278	1
3280	4
3282	2
3284	3
3285	2
3288	1
3290	3
3292	4
3293	1
3294	2
3296	3
3299	2
3300	3
3301	1
3306	1
3307	1
3308	5
3310	1
3312	7
3315	1
3316	2
3318	1
3320	6
3322	4
3324	5
3325	1
3326	1
3328	4
3331	1
3332	2
3334	2
3335	1
3336	3
3338	3
3340	1
3341	1
3344	3
3345	1
3346	2
3347	1
3348	1
3349	1
3350	1
3351	2
3352	2
3353	1
3354	3
3355	1
3356	3
3358	1
3360	3
3362	1
3363	1
3364	2
3366	1
3368	1
3369	2
3372	6
3373	1
3374	3
3376	2
3379	1
3380	3
3381	1
3382	5
3384	2
3386	2
3388	4
3392	2
3394	2
3399	1
3400	3
3406	1
3408	3
3410	3
3412	2
3416	2
3417	1
3418	1
3420	1
3421	1
3422	1
3424	5
3425	1
3428	5
3431	1
3432	2
3435	1
3436	2
3438	1
3439	1
3440	5
3441	1
3444	3
3445	1
3446	1
3448	3
3450	2
3452	1
3456	7
3458	1
3459	2
3460	1
3462	4
3464	1
3467	1
3468	4
3471	2
3472	2
3474	3
3476	1
3477	1
3478	1
3481	2
3484	3
3485	1
3486	2
3487	1
3488	5
3490	1
3492	1
3494	3
3495	1
3496	2
3497	1
3500	3
3502	3
3504	2
3505	1
3506	2
3508	4
3510	3
3512	1
3516	3
3518	1
3520	3
3521	1
3522	4
3524	6
3526	4
3528	2
3531	1
3532	2
3534	1
3537	1
3538	1
3540	1
3544	3
3546	1
3548	4
3550	2
3556	3
3557	1
3558	1
3559	1
3560	1
3562	1
3564	1
3565	1
3566	1
3568	1
3572	3
3574	1
3576	1
3578	1
3580	1
3582	1
3584	2
3588	2
3590	1
3592	1
3596	1
3597	1
3600	61
3602	4
3604	6
3606	1
3607	2
3608	8
3610	2
3612	5
3614	2
3616	3
3618	1
3619	1
3620	2
3622	1
3624	2
3628	2
3632	5
3635	1
3636	2
3638	2
3640	1
3641	2
3644	1
3646	2
3648	3
3651	1
3652	3
3654	3
3656	5
3658	1
3660	2
3661	1
3662	2
3664	4
3668	3
3670	3
3672	4
3674	2
3676	2
3678	3
3679	1
3680	1
3682	3
3683	1
3684	3
3686	2
3688	1
3689	2
3690	1
3691	1
3692	1
3693	1
3694	1
3698	2
3700	1
3702	2
3703	1
3704	2
3708	1
3709	1
3712	1
3716	1
3718	1
3720	2
3722	1
3724	3
3726	1
3728	5
3732	1
3734	1
3738	2
3739	1
3744	1
3746	2
3748	1
3752	1
3753	2
3758	2
3760	1
3765	2
3766	1
3768	4
3772	1
3774	1
3776	2
3778	1
3780	2
3784	2
3786	1
3792	6
3794	2
3795	1
3796	1
3797	1
3798	1
3806	1
3808	1
3810	2
3818	1
3820	1
3822	2
3826	2
3828	1
3832	2
3834	1
3838	1
3840	79
3844	4
3846	1
3848	5
3849	1
3850	7
3852	2
3853	2
3854	1
3855	2
3856	10
3857	3
3860	10
3862	5
3863	3
3864	7
3866	1
3868	3
3869	1
3870	4
3871	1
3872	6
3873	1
3874	1
3876	2
3877	3
3878	1
3880	8
3881	1
3882	1
3884	2
3886	1
3888	8
3890	1
3892	1
3893	1
3896	1
3897	1
3898	2
3900	3
3902	1
3904	5
3906	1
3908	3
3910	1
3916	1
3918	2
3920	3
3922	1
3923	1
3924	3
3925	1
3926	1
3927	2
3928	1
3932	1
3934	1
3935	1
3936	3
3938	2
3939	1
3940	2
3941	1
3943	1
3944	1
3945	1
3946	2
3948	3
3949	1
3952	1
3956	2
3958	1
3960	1
3964	1
3965	1
3968	4
3970	1
3971	1
3974	1
3975	1
3978	1
3979	1
3980	1
3981	1
3982	2
3984	2
3992	2
3994	1
3997	1
3999	1
4000	1
4001	1
4006	2
4008	4
4014	3
4016	1
4018	1
4021	1
4023	1
4028	2
4030	1
4032	1
4034	2
4035	1
4036	1
4044	1
4045	1
4048	1
4050	1
4056	1
4060	1
4062	1
4063	1
4065	1
4074	2
4076	1
4077	1
4079	1
4082	1
4084	1
4088	2
4090	4
4091	1
4095	1
4100	1
4102	1
4104	2
4112	1
4124	1
4132	2
4134	1
4136	1
4138	1
4142	3
4144	1
4146	2
4148	2
4150	1
4159	1
4160	1
4163	1
4164	1
4172	2
4182	1
4186	1
4191	1
4192	2
4194	1
4196	1
4198	1
4200	1
4201	1
4203	1
4205	1
4208	1
4210	1
4217	1
4226	1
4230	2
4232	1
4242	2
4243	1
4245	1
4246	1
4248	1
4256	1
4260	2
4269	1
4272	1
4273	1
4274	1
4278	1
4279	1
4284	1
4290	1
4296	1
4302	1
4304	1
4320	78
4321	1
4324	5
4325	1
4328	6
4329	1
4330	1
4332	1
4333	1
4334	2
4336	5
4337	1
4338	1
4340	3
4344	4
4346	1
4348	3
4350	2
4352	3
4354	1
4356	1
4358	1
4359	1
4360	1
4361	1
4364	5
4366	1
4368	2
4370	2
4371	1
4372	3
4374	2
4376	2
4388	1
4392	2
4393	1
4394	2
4396	2
4398	2
4400	1
4403	1
4404	1
4406	3
4408	1
4410	1
4412	6
4416	2
4420	2
4422	3
4424	1
4426	1
4429	1
4431	1
4440	2
4442	1
4444	1
4446	1
4447	2
4448	2
4450	1
4452	2
4454	1
4456	1
4460	1
4464	1
4466	1
4469	1
4472	1
4473	1
4474	1
4475	1
4478	2
4480	2
4482	1
4484	3
4488	1
4489	1
4490	1
4492	1
4496	2
4498	2
4504	2
4508	1
4512	1
4514	1
4516	1
4526	1
4528	1
4533	1
4536	2
4540	1
4546	1
4548	1
4550	1
4552	2
4558	1
4561	1
4562	1
4566	1
4574	1
4576	1
4579	2
4587	1
4590	2
4594	1
4596	1
4604	2
4608	1
4612	1
4614	1
4616	2
4628	1
4632	1
4640	1
4642	1
4643	1
4652	1
4654	2
4658	1
4662	1
4664	1
4667	1
4672	1
4676	1
4680	1
4684	2
4706	1
4714	1
4720	2
4724	1
4727	1
4732	1
4744	1
4748	1
4750	1
4751	1
4776	1
4777	1
4786	1
4792	1
4800	48
4802	1
4804	3
4808	3
4810	1
4812	1
4813	1
4814	1
4816	3
4818	1
4820	2
4822	1
4824	3
4825	1
4828	1
4830	1
4832	3
4834	1
4840	2
4842	3
4843	1
4846	1
4848	3
4852	1
4856	1
4860	1
4868	1
4872	2
4876	1
4880	1
4884	1
4888	1
4896	1
4900	1
4904	3
4906	1
4912	1
4915	1
4928	1
4950	2
4952	1
4960	2
4968	2
4972	1
4980	1
4982	2
4992	1
5002	2
5004	1
5020	1
5034	1
5040	2
5044	1
5052	1
5054	1
5064	1
5066	1
5068	1
5071	1
5072	1
5082	1
5089	1
5091	1
5097	1
5106	1
5108	1
5121	1
5131	1
5132	1
5140	1
5152	1
5155	1
5166	1
5169	1
5172	1
5176	1
5180	2
5182	1
5187	1
5198	1
5206	1
5211	1
5213	1
5217	1
5220	1
5226	1
5238	2
5242	2
5250	2
5256	1
5264	1
5270	1
5271	1
5273	1
5280	1
5286	1
5292	1
5296	1
5306	1
5312	1
5318	1
5360	1
5364	1
5400	8
5408	2
5416	1
5418	1
5424	1
5438	1
5442	1
5444	1
5452	1
5455	1
5460	1
5471	1
5484	1
5495	1
5506	2
5512	1
5516	1
5517	1
5524	1
5538	1
5544	1
5546	1
5584	1
5596	1
5610	1
5641	1
5672	1
5676	1
5696	1
5704	1
5760	26
5762	1
5764	4
5768	4
5772	3
5773	2
5774	1
5775	1
5776	6
5780	4
5782	1
5784	1
5786	2
5788	1
5792	1
5794	1
5799	1
5800	3
5804	1
5806	1
5808	3
5814	1
5815	1
5818	1
5824	1
5830	1
5846	1
5848	1
5850	2
5863	1
5864	2
5866	1
5871	1
5875	1
5896	1
5904	2
5906	1
5908	1
5918	1
5924	1
5928	1
5929	1
5930	1
5934	1
5940	1
5944	1
5955	1
5963	1
5968	1
5978	1
5983	1
5991	1
6003	1
6018	1
6025	1
6064	1
6068	1
6078	1
6120	1
6170	1
6196	1
6216	2
6232	1
6362	1
6384	1
6400	3
6404	1
6438	1
6453	1
6480	3
6484	1
6500	1
6522	1
6528	1
6548	1
6554	1
6578	1
6584	1
6610	1
6621	1
6623	1
6640	1
6652	1
6782	1
6784	1
6804	1
6812	1
6827	1
6852	1
6866	1
6880	1
6996	1
7006	1
7008	1
7019	1
7034	1
7092	1
7112	1
7200	11
7208	1
7212	1
7220	1
7248	1
7256	1
7260	1
7293	1
7303	1
7476	1
7538	1
7570	1
7624	1
7680	5
7698	1
7716	1
7768	1
7806	1
7818	1
7863	1
8016	1
8108	1
8236	1
8238	1
8378	1
8640	4
8652	1
8662	1
8665	1
8670	1
8672	1
8676	1
8685	1
8696	1
8713	1
8768	1
8791	1
8800	1
8802	1
8858	1
8884	1
8917	1
9600	3
9608	1
9639	1
9700	1
9910	1
10202	1
11092	1
11407	1
11816	1
12504	1
12980	1
13013	1
13024	1
13182	1
19498	1
