Pay	Frequency
0	911914904
2	2993636
4	7009162
5	2743035
6	1331590
7	201285
8	6790555
9	216143
10	4228233
11	60851
12	3282655
13	203836
14	1262851
15	779005
16	4605964
17	66025
18	1232583
19	132318
20	3715553
21	202643
22	774747
23	140897
24	3353341
25	194089
26	608615
27	75979
28	1689971
29	125630
30	1490605
31	73131
32	2306536
33	114744
34	561585
35	106903
36	1553071
37	72053
38	466106
39	79336
40	2076562
41	45629
42	561471
43	45602
44	1130784
45	197452
46	358235
47	41562
48	1900269
49	55536
50	396187
51	37135
52	778200
53	81424
54	384709
55	69784
56	918161
57	51005
58	287934
59	27875
60	1291918
61	33171
62	240381
63	50195
64	920418
65	58942
66	344725
67	19542
68	571457
69	56807
70	240116
71	18502
72	906888
73	31751
74	198606
75	34510
76	451426
77	40464
78	234766
79	22392
80	811282
81	26717
82	157655
83	19446
84	472220
85	37946
86	134637
87	25205
88	638310
89	18781
90	320042
91	15202
92	329260
93	29362
94	134689
95	25872
96	725866
97	14923
98	138140
99	22017
100	318943
101	21398
102	145850
103	13361
104	359336
105	20408
106	124073
107	10945
108	306302
109	13095
110	180195
111	18410
112	311171
113	10964
114	130645
115	9863
116	208397
117	17752
118	92936
119	8771
120	562346
121	13560
122	91406
123	10240
124	201683
125	22480
126	105688
127	7771
128	277490
129	13084
130	99627
131	7774
132	284865
133	10995
134	74029
135	20239
136	223649
137	6981
138	90885
139	7820
140	168452
141	11762
142	59856
143	13751
144	345703
145	7538
146	63831
147	8581
148	141120
149	10772
150	78673
151	6582
152	173169
153	7910
154	101274
155	6357
156	153915
157	5771
158	55753
159	9637
160	254615
161	4878
162	66701
163	5387
164	108723
165	27209
166	48041
167	5554
168	189434
169	6431
170	56347
171	5768
172	93709
173	6819
174	53728
175	6793
176	209794
177	5370
178	45163
179	5364
180	190405
181	5054
182	47835
183	5768
184	128174
185	7932
186	48182
187	5940
188	89156
189	6866
190	44171
191	4230
192	203327
193	4193
194	37335
195	8099
196	85935
197	4794
198	69885
199	4197
200	113424
201	4473
202	36698
203	3937
204	86956
205	4220
206	32684
207	4824
208	103891
209	6214
210	40900
211	3219
212	66446
213	4851
214	30584
215	3459
216	120301
217	3031
218	27080
219	3560
220	116492
221	3930
222	35384
223	2793
224	82495
225	3897
226	26605
227	2874
228	73136
229	2633
230	24438
231	6492
232	67551
233	2453
234	33411
235	2599
236	53950
237	3758
238	21313
239	2618
240	169414
241	2192
242	39274
243	2803
244	56339
245	5978
246	26690
247	3163
248	67636
249	3174
250	28928
251	2149
252	59979
253	5785
254	20951
255	3965
256	63838
257	2189
258	25428
259	2258
260	51755
261	3511
262	17545
263	2127
264	109738
265	2385
266	20029
267	2362
268	42729
269	2376
270	30917
271	1814
272	54658
273	2819
274	17681
275	5024
276	45435
277	1841
278	16959
279	2338
280	51231
281	1502
282	19084
283	2130
284	31202
285	2654
286	30597
287	1627
288	89729
289	1442
290	16727
291	1908
292	32570
293	2165
294	21571
295	1485
296	42252
297	2844
298	16451
299	2362
300	38010
301	1467
302	14841
303	2090
304	40954
305	1490
306	16218
307	1478
308	49075
309	1912
310	14669
311	1409
312	54433
313	1477
314	12562
315	1729
316	28039
317	1215
318	15473
319	2925
320	64332
321	1504
322	11917
323	1373
324	32883
325	3194
326	11213
327	1488
328	31775
329	1458
330	36365
331	1203
332	24179
333	1842
334	11594
335	1794
336	49422
337	1122
338	14377
339	1495
340	25102
341	2462
342	12258
343	1177
344	27192
345	1566
346	10754
347	1024
348	24676
349	1206
350	10021
351	1421
352	47268
353	1088
354	12044
355	1126
356	20877
357	1399
358	9491
359	947
360	61619
361	834
362	9224
363	1961
364	25087
365	2232
366	10441
367	973
368	28523
369	1258
370	9982
371	950
372	22242
373	1126
374	16078
375	1446
376	25460
377	1172
378	11551
379	997
380	19116
381	1243
382	8333
383	995
384	42159
385	2266
386	8062
387	1029
388	17532
389	1067
390	12619
391	745
392	22798
393	1027
394	7461
395	827
396	31212
397	793
398	7756
399	978
400	26166
401	692
402	8807
403	1104
404	16160
405	1545
406	7353
407	1593
408	26558
409	764
410	7140
411	816
412	14057
413	907
414	7797
415	851
416	21622
417	907
418	11847
419	700
420	17889
421	715
422	6444
423	802
424	16904
425	670
426	7620
427	641
428	12570
429	1987
430	5863
431	603
432	29669
433	734
434	6083
435	742
436	12052
437	808
438	6743
439	572
440	32417
441	781
442	7472
443	616
444	15130
445	774
446	5449
447	766
448	16880
449	567
450	6895
451	1033
452	11472
453	841
454	5006
455	786
456	20558
457	517
458	4988
459	704
460	10706
461	553
462	10570
463	423
464	14461
465	678
466	4807
467	567
468	14507
469	566
470	5098
471	510
472	12680
473	969
474	5225
475	611
476	9280
477	720
478	4472
479	425
480	38639
481	606
482	4597
483	562
484	16754
485	1292
486	5415
487	468
488	14117
489	674
490	6031
491	435
492	11198
493	627
494	5719
495	3003
496	12762
497	514
498	5033
499	521
500	9628
501	702
502	3900
503	527
504	16592
505	587
506	7038
507	625
508	8448
509	488
510	5366
511	421
512	11398
513	572
514	4201
515	481
516	9261
517	1025
518	3895
519	495
520	12587
521	377
522	4714
523	383
524	7150
525	706
526	3389
527	402
528	25683
529	371
530	3894
531	365
532	8141
533	576
534	3996
535	418
536	9456
537	445
538	3572
539	945
540	11990
541	368
542	3184
543	394
544	9398
545	479
546	4844
547	386
548	6765
549	487
550	6588
551	305
552	11769
553	394
554	3351
555	473
556	6843
557	351
558	3853
559	411
560	9029
561	715
562	3040
563	361
564	7623
565	325
566	3026
567	367
568	7352
569	327
570	3512
571	262
572	10762
573	360
574	2833
575	302
576	16332
577	268
578	2821
579	383
580	6416
581	356
582	3252
583	1124
584	7306
585	494
586	2916
587	325
588	7774
589	270
590	2438
591	377
592	7329
593	323
594	5066
595	287
596	5656
597	301
598	3373
599	277
600	10762
601	246
602	2737
603	277
604	5493
605	826
606	2947
607	263
608	6976
609	385
610	2475
611	377
612	6021
613	276
614	2299
615	322
616	10298
617	258
618	2748
619	248
620	5610
621	337
622	2234
623	206
624	10962
625	240
626	2256
627	534
628	4806
629	256
630	2851
631	230
632	5890
633	319
634	2140
635	251
636	5525
637	320
638	3816
639	246
640	11568
641	199
642	2575
643	255
644	4722
645	506
646	2074
647	218
648	7941
649	536
650	3234
651	285
652	4245
653	344
654	2347
655	253
656	5430
657	306
658	2126
659	196
660	15220
661	232
662	2025
663	312
664	5683
665	275
666	2395
667	286
668	4271
669	251
670	2106
671	486
672	8890
673	243
674	1900
675	276
676	4928
677	207
678	2133
679	200
680	5139
681	259
682	3287
683	216
684	4456
685	207
686	1915
687	225
688	4867
689	271
690	2162
691	200
692	3402
693	647
694	1710
695	203
696	5522
697	159
698	1555
699	197
700	3463
701	158
702	2256
703	175
704	8187
705	213
706	1567
707	159
708	3891
709	153
710	1509
711	195
712	4170
713	199
714	1809
715	770
716	3183
717	188
718	1329
719	156
720	13525
721	158
722	1555
723	219
724	3371
725	372
726	2789
727	139
728	5489
729	259
730	2102
731	171
732	3884
733	192
734	1563
735	331
736	4706
737	361
738	1825
739	197
740	3183
741	306
742	1512
743	177
744	5400
745	170
746	1464
747	179
748	5630
749	191
750	1862
751	155
752	4051
753	260
754	1660
755	186
756	4115
757	172
758	1421
759	511
760	3945
761	147
762	1563
763	177
764	3037
765	227
766	1264
767	192
768	6487
769	132
770	2590
771	137
772	2911
773	169
774	1572
775	131
776	3466
777	206
778	1333
779	153
780	4172
781	258
782	1240
783	174
784	3623
785	136
786	1460
787	117
788	2465
789	186
790	1205
791	124
792	8549
793	199
794	1260
795	159
796	2653
797	169
798	1515
799	138
800	4542
801	153
802	1177
803	398
804	3027
805	164
806	1389
807	130
808	3242
809	120
810	1483
811	119
812	2318
813	144
814	2184
815	138
816	4729
817	107
818	1095
819	189
820	2313
821	96
822	1303
823	127
824	2758
825	404
826	1077
827	156
828	2626
829	110
830	1125
831	120
832	3277
833	120
834	1210
835	127
836	3633
837	140
838	1002
839	110
840	3996
841	127
842	1053
843	118
844	2083
845	133
846	1082
847	334
848	2548
849	117
850	938
851	102
852	2333
853	95
854	897
855	119
856	2158
857	94
858	2128
859	139
860	1759
861	139
862	921
863	109
864	5718
865	92
866	930
867	113
868	1977
869	284
870	1095
871	170
872	2266
873	115
874	1023
875	102
876	2184
877	117
878	858
879	138
880	6709
881	87
882	1281
883	96
884	2430
885	146
886	889
887	93
888	3450
889	89
890	984
891	218
892	1759
893	90
894	986
895	111
896	2522
897	140
898	830
899	112
900	2136
901	66
902	1485
903	127
904	2103
905	95
906	915
907	103
908	1668
909	90
910	904
911	71
912	3477
913	218
914	808
915	124
916	1532
917	103
918	950
919	92
920	1932
921	141
922	715
923	116
924	3342
925	79
926	708
927	66
928	2111
929	82
930	898
931	84
932	1470
933	79
934	718
935	342
936	3244
937	89
938	665
939	87
940	1485
941	106
942	770
943	86
944	1808
945	121
946	1103
947	68
948	1665
949	92
950	690
951	90
952	1850
953	84
954	777
955	96
956	1361
957	249
958	624
959	83
960	6724
961	55
962	986
963	110
964	1639
965	222
966	815
967	101
968	3247
969	133
970	956
971	79
972	1836
973	117
974	674
975	181
976	2055
977	76
978	823
979	211
980	1603
981	113
982	612
983	100
984	2309
985	91
986	627
987	97
988	1687
989	79
990	2910
991	66
992	1722
993	99
994	638
995	100
996	1653
997	87
998	667
999	72
1000	1632
1001	155
1002	719
1003	91
1004	1210
1005	107
1006	605
1007	74
1008	2804
1009	55
1010	634
1011	78
1012	2045
1013	82
1014	824
1015	69
1016	1448
1017	92
1018	605
1019	51
1020	1636
1021	58
1022	568
1023	206
1024	1449
1025	42
1026	651
1027	97
1028	1071
1029	92
1030	514
1031	69
1032	1863
1033	56
1034	1067
1035	65
1036	1042
1037	57
1038	632
1039	53
1040	1821
1041	58
1042	509
1043	50
1044	1248
1045	265
1046	497
1047	52
1048	1309
1049	54
1050	680
1051	64
1052	934
1053	84
1054	468
1055	70
1056	4330
1057	50
1058	528
1059	57
1060	1036
1061	87
1062	514
1063	59
1064	1334
1065	62
1066	589
1067	166
1068	1085
1069	37
1070	414
1071	71
1072	1290
1073	42
1074	499
1075	48
1076	942
1077	55
1078	1025
1079	57
1080	2768
1081	45
1082	459
1083	54
1084	951
1085	77
1086	532
1087	49
1088	1237
1089	157
1090	507
1091	53
1092	1419
1093	53
1094	473
1095	81
1096	1211
1097	50
1098	507
1099	69
1100	1940
1101	76
1102	443
1103	58
1104	1862
1105	77
1106	467
1107	55
1108	994
1109	48
1110	520
1111	221
1112	1228
1113	66
1114	422
1115	41
1116	1124
1117	50
1118	490
1119	47
1120	1222
1121	65
1122	835
1123	58
1124	845
1125	62
1126	395
1127	40
1128	1605
1129	34
1130	400
1131	65
1132	781
1133	151
1134	502
1135	43
1136	1083
1137	68
1138	420
1139	49
1140	990
1141	46
1142	347
1143	37
1144	1899
1145	37
1146	463
1147	43
1148	808
1149	57
1150	382
1151	48
1152	2166
1153	48
1154	381
1155	159
1156	743
1157	62
1158	428
1159	41
1160	1081
1161	62
1162	373
1163	48
1164	917
1165	44
1166	783
1167	47
1168	1053
1169	44
1170	598
1171	62
1172	800
1173	46
1174	379
1175	48
1176	1652
1177	78
1178	359
1179	46
1180	771
1181	34
1182	438
1183	33
1184	952
1185	45
1186	325
1187	28
1188	1626
1189	35
1190	350
1191	53
1192	920
1193	41
1194	422
1195	35
1196	902
1197	58
1198	299
1199	96
1200	1906
1201	40
1202	335
1203	48
1204	813
1205	45
1206	371
1207	28
1208	845
1209	56
1210	647
1211	33
1212	870
1213	40
1214	313
1215	56
1216	889
1217	32
1218	453
1219	42
1220	629
1221	148
1222	383
1223	47
1224	1162
1225	41
1226	325
1227	35
1228	619
1229	40
1230	393
1231	25
1232	1356
1233	47
1234	334
1235	44
1236	778
1237	29
1238	326
1239	39
1240	872
1241	30
1242	348
1243	114
1244	598
1245	53
1246	274
1247	38
1248	1421
1249	36
1250	298
1251	44
1252	624
1253	38
1254	569
1255	44
1256	765
1257	33
1258	303
1259	31
1260	857
1261	39
1262	288
1263	34
1264	750
1265	67
1266	327
1267	34
1268	539
1269	45
1270	272
1271	26
1272	1023
1273	31
1274	387
1275	35
1276	903
1277	36
1278	315
1279	32
1280	1443
1281	40
1282	284
1283	31
1284	698
1285	38
1286	239
1287	95
1288	754
1289	34
1290	377
1291	23
1292	488
1293	43
1294	271
1295	30
1296	1257
1297	26
1298	418
1299	33
1300	690
1301	36
1302	353
1303	25
1304	650
1305	34
1306	251
1307	42
1308	590
1309	61
1310	287
1311	26
1312	680
1313	30
1314	312
1315	23
1316	515
1317	31
1318	236
1319	41
1320	4154
1321	29
1322	321
1323	31
1324	664
1325	63
1326	397
1327	31
1328	804
1329	40
1330	261
1331	76
1332	638
1333	33
1334	263
1335	39
1336	633
1337	34
1338	277
1339	43
1340	517
1341	29
1342	510
1343	29
1344	1123
1345	33
1346	271
1347	31
1348	485
1349	26
1350	291
1351	44
1352	732
1353	66
1354	197
1355	36
1356	582
1357	24
1358	231
1359	29
1360	579
1361	16
1362	298
1363	42
1364	997
1365	46
1366	251
1367	27
1368	827
1369	26
1370	219
1371	26
1372	496
1373	22
1374	238
1375	215
1376	520
1377	35
1378	227
1379	23
1380	487
1381	22
1382	192
1383	27
1384	468
1385	24
1386	512
1387	17
1388	388
1389	22
1390	206
1391	28
1392	744
1393	24
1394	216
1395	25
1396	389
1397	54
1398	213
1399	22
1400	547
1401	32
1402	204
1403	23
1404	546
1405	30
1406	192
1407	23
1408	1124
1409	23
1410	219
1411	14
1412	388
1413	31
1414	207
1415	19
1416	650
1417	16
1418	206
1419	80
1420	370
1421	29
1422	211
1423	27
1424	475
1425	27
1426	173
1427	24
1428	462
1429	21
1430	566
1431	23
1432	467
1433	16
1434	187
1435	31
1436	351
1437	20
1438	195
1439	20
1440	2253
1441	50
1442	223
1443	28
1444	449
1445	61
1446	226
1447	22
1448	556
1449	44
1450	254
1451	27
1452	818
1453	37
1454	212
1455	50
1456	715
1457	21
1458	265
1459	19
1460	478
1461	31
1462	219
1463	91
1464	767
1465	18
1466	206
1467	29
1468	389
1469	22
1470	273
1471	16
1472	551
1473	17
1474	358
1475	20
1476	436
1477	25
1478	198
1479	36
1480	480
1481	18
1482	273
1483	22
1484	485
1485	194
1486	177
1487	15
1488	813
1489	26
1490	168
1491	26
1492	361
1493	28
1494	217
1495	26
1496	801
1497	22
1498	194
1499	20
1500	497
1501	22
1502	160
1503	28
1504	511
1505	20
1506	216
1507	45
1508	378
1509	23
1510	155
1511	27
1512	711
1513	13
1514	174
1515	24
1516	318
1517	23
1518	366
1519	20
1520	441
1521	23
1522	148
1523	20
1524	375
1525	24
1526	162
1527	16
1528	520
1529	52
1530	215
1531	18
1532	288
1533	27
1534	171
1535	17
1536	780
1537	20
1538	155
1539	15
1540	601
1541	8
1542	155
1543	16
1544	391
1545	19
1546	135
1547	17
1548	396
1549	16
1550	168
1551	73
1552	387
1553	20
1554	206
1555	16
1556	277
1557	21
1558	150
1559	18
1560	690
1561	16
1562	221
1563	21
1564	298
1565	14
1566	174
1567	16
1568	357
1569	13
1570	138
1571	18
1572	391
1573	61
1574	152
1575	21
1576	376
1577	17
1578	161
1579	17
1580	305
1581	22
1582	139
1583	13
1584	1634
1585	13
1586	166
1587	9
1588	303
1589	33
1590	170
1591	9
1592	360
1593	17
1594	161
1595	58
1596	392
1597	13
1598	133
1599	18
1600	544
1601	11
1602	173
1603	24
1604	311
1605	27
1606	252
1607	9
1608	508
1609	10
1610	144
1611	18
1612	313
1613	17
1614	147
1615	16
1616	421
1617	37
1618	117
1619	12
1620	415
1621	10
1622	118
1623	15
1624	318
1625	27
1626	132
1627	20
1628	478
1629	18
1630	118
1631	17
1632	566
1633	18
1634	111
1635	23
1636	261
1637	13
1638	220
1639	84
1640	315
1641	14
1642	102
1643	11
1644	304
1645	11
1646	95
1647	15
1648	329
1649	21
1650	299
1651	21
1652	230
1653	16
1654	151
1655	15
1656	480
1657	9
1658	118
1659	15
1660	232
1661	37
1662	123
1663	15
1664	410
1665	19
1666	118
1667	9
1668	275
1669	8
1670	102
1671	15
1672	565
1673	15
1674	128
1675	10
1676	223
1677	9
1678	119
1679	10
1680	517
1681	10
1682	123
1683	32
1684	209
1685	13
1686	107
1687	7
1688	241
1689	13
1690	123
1691	6
1692	279
1693	13
1694	250
1695	7
1696	266
1697	11
1698	145
1699	15
1700	214
1701	14
1702	105
1703	12
1704	384
1705	41
1706	108
1707	12
1708	210
1709	8
1710	118
1711	11
1712	260
1713	19
1714	88
1715	14
1716	445
1717	11
1718	90
1719	11
1720	244
1721	7
1722	125
1723	11
1724	180
1725	14
1726	108
1727	26
1728	727
1729	17
1730	107
1731	16
1732	255
1733	17
1734	116
1735	11
1736	283
1737	12
1738	183
1739	8
1740	245
1741	7
1742	118
1743	17
1744	268
1745	16
1746	146
1747	27
1748	246
1749	54
1750	109
1751	12
1752	420
1753	12
1754	83
1755	20
1756	186
1757	7
1758	122
1759	10
1760	1413
1761	10
1762	86
1763	11
1764	302
1765	18
1766	108
1767	17
1768	338
1769	12
1770	148
1771	43
1772	207
1773	13
1774	83
1775	8
1776	452
1777	14
1778	79
1779	13
1780	241
1781	9
1782	185
1783	17
1784	265
1785	22
1786	101
1787	6
1788	237
1789	5
1790	94
1791	13
1792	284
1793	27
1794	146
1795	17
1796	156
1797	6
1798	83
1799	6
1800	397
1801	5
1802	97
1803	11
1804	369
1805	9
1806	104
1807	11
1808	212
1809	11
1810	63
1811	9
1812	221
1813	11
1814	96
1815	111
1816	217
1817	9
1818	105
1819	17
1820	229
1821	15
1822	76
1823	13
1824	486
1825	11
1826	122
1827	16
1828	199
1829	11
1830	107
1831	9
1832	203
1833	8
1834	65
1835	13
1836	207
1837	19
1838	95
1839	9
1840	223
1841	10
1842	85
1843	12
1844	146
1845	12
1846	82
1847	8
1848	549
1849	14
1850	75
1851	10
1852	176
1853	11
1854	98
1855	6
1856	236
1857	8
1858	90
1859	38
1860	214
1861	10
1862	57
1863	11
1864	229
1865	10
1866	76
1867	16
1868	142
1869	16
1870	223
1871	13
1872	445
1873	11
1874	63
1875	13
1876	176
1877	4
1878	95
1879	13
1880	204
1881	17
1882	74
1883	12
1884	195
1885	9
1886	73
1887	9
1888	221
1889	10
1890	123
1891	8
1892	189
1893	7
1894	55
1895	5
1896	299
1897	4
1898	94
1899	8
1900	129
1901	7
1902	78
1903	37
1904	206
1905	14
1906	60
1907	14
1908	167
1909	9
1910	74
1911	15
1912	182
1913	14
1914	160
1915	14
1916	132
1917	5
1918	58
1919	11
1920	882
1921	9
1922	91
1923	11
1924	215
1925	46
1926	86
1927	9
1928	278
1929	13
1930	94
1931	8
1932	189
1933	18
1934	74
1935	18
1936	318
1937	12
1938	89
1939	10
1940	159
1941	13
1942	71
1943	7
1944	321
1945	9
1946	80
1947	17
1948	135
1949	6
1950	128
1951	7
1952	207
1953	8
1954	82
1955	6
1956	171
1957	11
1958	115
1959	11
1960	219
1961	9
1962	82
1963	14
1964	112
1965	12
1966	67
1967	5
1968	316
1969	26
1970	79
1971	7
1972	120
1973	6
1974	98
1975	9
1976	250
1977	14
1978	83
1979	12
1980	1005
1981	11
1982	57
1983	10
1984	182
1985	13
1986	88
1987	12
1988	138
1989	8
1990	75
1991	35
1992	230
1993	10
1994	62
1995	14
1996	128
1997	6
1998	76
1999	14
2000	174
2001	8
2002	136
2003	9
2004	156
2005	8
2006	61
2007	9
2008	159
2009	8
2010	70
2011	11
2012	125
2013	26
2014	58
2015	8
2016	293
2017	8
2018	58
2019	9
2020	111
2021	10
2022	74
2023	7
2024	316
2025	6
2026	60
2027	12
2028	193
2029	14
2030	55
2031	12
2032	130
2033	3
2034	77
2035	74
2036	112
2037	7
2038	59
2039	4
2040	214
2041	7
2042	53
2043	9
2044	107
2045	3
2046	116
2047	11
2048	157
2049	9
2050	44
2051	12
2052	148
2053	7
2054	78
2055	10
2056	125
2057	18
2058	76
2059	9
2060	102
2061	6
2062	43
2063	6
2064	223
2065	5
2066	47
2067	7
2068	221
2069	3
2070	71
2071	5
2072	130
2073	8
2074	41
2075	9
2076	130
2077	3
2078	48
2079	34
2080	183
2081	5
2082	52
2083	14
2084	112
2085	8
2086	42
2087	5
2088	160
2089	3
2090	163
2091	9
2092	104
2093	8
2094	46
2095	2
2096	142
2097	3
2098	55
2099	4
2100	138
2101	18
2102	52
2103	4
2104	101
2105	6
2106	70
2107	10
2108	95
2109	4
2110	43
2111	8
2112	479
2113	2
2114	40
2115	9
2116	89
2117	8
2118	63
2119	6
2120	143
2121	3
2122	46
2123	27
2124	119
2125	7
2126	36
2127	10
2128	144
2129	11
2130	43
2131	10
2132	88
2133	8
2134	91
2135	2
2136	137
2137	4
2138	57
2139	5
2140	108
2141	4
2142	70
2143	6
2144	89
2145	29
2146	47
2147	3
2148	110
2149	4
2150	39
2151	6
2152	96
2153	6
2154	39
2155	8
2156	190
2157	6
2158	49
2159	8
2160	463
2161	9
2162	39
2163	7
2164	103
2165	12
2166	56
2167	27
2168	139
2169	11
2170	49
2171	5
2172	132
2173	8
2174	35
2175	9
2176	110
2177	5
2178	102
2179	7
2180	91
2181	6
2182	54
2183	6
2184	204
2185	8
2186	42
2187	12
2188	94
2189	13
2190	47
2191	5
2192	127
2193	5
2194	39
2195	5
2196	110
2197	2
2198	42
2199	4
2200	367
2201	6
2202	55
2203	6
2204	105
2205	7
2206	51
2207	5
2208	213
2209	7
2210	60
2211	14
2212	79
2213	3
2214	54
2215	5
2216	120
2217	10
2218	40
2219	8
2220	124
2221	6
2222	83
2223	10
2224	101
2225	8
2226	74
2227	4
2228	80
2229	7
2230	38
2231	4
2232	156
2233	14
2234	42
2235	7
2236	86
2237	8
2238	58
2239	7
2240	119
2241	5
2242	41
2243	10
2244	176
2245	8
2246	35
2247	8
2248	119
2249	8
2250	43
2251	5
2252	74
2253	4
2254	48
2255	26
2256	217
2257	1
2258	39
2259	6
2260	79
2261	3
2262	52
2263	7
2264	103
2265	7
2266	65
2267	6
2268	106
2270	48
2271	5
2272	106
2273	7
2274	43
2275	6
2276	77
2277	25
2278	31
2279	3
2280	139
2281	3
2282	34
2283	6
2284	66
2285	5
2286	27
2287	6
2288	155
2289	6
2290	38
2291	5
2292	113
2294	34
2295	5
2296	95
2297	2
2298	38
2299	18
2300	86
2301	3
2302	43
2303	9
2304	222
2305	6
2306	28
2307	3
2308	76
2309	7
2310	88
2311	4
2312	108
2313	5
2314	52
2315	4
2316	88
2317	2
2318	41
2319	8
2320	96
2321	10
2322	39
2323	3
2324	76
2325	8
2326	26
2327	2
2328	133
2329	3
2330	21
2331	10
2332	143
2333	6
2334	46
2335	2
2336	111
2337	3
2338	37
2339	9
2340	109
2341	5
2342	39
2343	19
2344	86
2345	5
2346	30
2347	4
2348	62
2349	7
2350	38
2351	10
2352	187
2353	5
2354	71
2355	3
2356	72
2357	5
2358	43
2359	6
2360	86
2361	7
2362	29
2363	3
2364	77
2365	18
2366	47
2367	6
2368	110
2369	6
2370	43
2371	5
2372	63
2373	1
2374	26
2375	2
2376	279
2377	3
2378	29
2379	3
2380	65
2381	5
2382	34
2383	5
2384	83
2385	4
2386	34
2387	13
2388	79
2389	3
2390	17
2391	6
2392	106
2393	4
2394	38
2395	6
2396	82
2397	8
2398	58
2399	9
2400	266
2401	1
2402	45
2403	9
2404	76
2405	6
2406	48
2407	6
2408	94
2409	8
2410	36
2411	5
2412	85
2413	2
2414	27
2415	3
2416	61
2417	6
2418	37
2419	2
2420	130
2421	3
2422	40
2423	3
2424	130
2425	6
2426	27
2427	1
2428	63
2429	7
2430	38
2431	21
2432	74
2433	5
2434	24
2435	4
2436	109
2437	4
2438	27
2439	6
2440	64
2441	5
2442	64
2443	1
2444	67
2445	5
2446	34
2448	132
2449	6
2450	30
2451	4
2452	59
2453	8
2454	31
2455	6
2456	85
2457	6
2458	37
2459	4
2460	84
2461	5
2462	35
2463	3
2464	122
2465	2
2466	29
2467	5
2468	74
2469	7
2470	28
2471	3
2472	98
2473	5
2474	27
2475	11
2476	41
2477	3
2478	37
2479	3
2480	93
2481	1
2482	31
2483	2
2484	58
2485	6
2486	53
2487	7
2488	61
2489	4
2490	26
2491	3
2492	55
2493	2
2494	35
2495	4
2496	113
2497	12
2498	18
2499	1
2500	66
2501	2
2502	29
2503	1
2504	67
2505	6
2506	23
2507	6
2508	113
2509	3
2510	20
2511	5
2512	72
2513	2
2514	32
2515	4
2516	68
2517	3
2518	29
2519	10
2520	114
2521	1
2522	36
2523	8
2524	59
2525	2
2526	31
2527	3
2528	73
2529	3
2530	47
2531	5
2532	77
2533	2
2534	26
2535	4
2536	61
2537	2
2538	28
2539	10
2540	47
2541	16
2542	26
2543	4
2544	88
2545	1
2546	25
2547	4
2548	65
2549	3
2550	20
2551	2
2552	100
2553	2
2554	24
2555	3
2556	68
2558	23
2559	2
2560	112
2561	6
2562	31
2563	4
2564	51
2565	2
2566	23
2567	2
2568	93
2569	3
2570	25
2571	10
2572	47
2573	4
2574	63
2575	2
2576	83
2577	2
2578	21
2579	2
2580	62
2581	2
2582	29
2583	5
2584	49
2585	10
2586	33
2587	5
2588	42
2589	1
2590	20
2591	4
2592	135
2593	6
2594	20
2595	3
2596	81
2597	3
2598	28
2599	3
2600	71
2601	3
2602	19
2603	2
2604	78
2606	20
2607	5
2608	81
2610	31
2611	5
2612	49
2613	2
2614	19
2615	3
2616	105
2617	2
2618	47
2619	4
2620	38
2621	2
2622	28
2623	2
2624	61
2625	6
2626	27
2627	3
2628	61
2629	6
2630	23
2631	3
2632	65
2633	3
2634	22
2635	1
2636	40
2637	4
2638	13
2639	7
2640	807
2641	3
2642	24
2643	1
2644	67
2645	12
2646	52
2647	2
2648	81
2649	2
2650	45
2651	7
2652	69
2653	5
2654	28
2655	1
2656	56
2657	4
2658	32
2659	3
2660	53
2661	4
2662	67
2663	2
2664	72
2665	3
2666	20
2667	11
2668	47
2669	3
2670	28
2671	2
2672	58
2673	8
2674	18
2675	1
2676	58
2677	1
2678	21
2679	1
2680	52
2681	6
2682	27
2683	5
2684	134
2685	2
2686	11
2687	2
2688	123
2689	1
2690	18
2691	1
2692	52
2693	3
2694	19
2695	52
2696	56
2698	16
2699	3
2700	59
2701	2
2702	23
2703	1
2704	60
2705	4
2706	48
2707	2
2708	32
2709	3
2710	19
2711	4
2712	66
2713	2
2714	27
2715	1
2716	35
2717	5
2718	19
2719	7
2720	49
2721	6
2722	11
2723	3
2724	64
2725	1
2726	12
2728	143
2729	3
2730	31
2731	2
2732	56
2733	2
2734	16
2735	3
2736	85
2737	3
2738	16
2739	12
2740	29
2741	3
2742	19
2743	2
2744	50
2745	2
2746	21
2747	1
2748	61
2749	2
2750	91
2751	1
2752	43
2753	2
2754	19
2755	4
2756	28
2757	3
2758	13
2759	1
2760	75
2761	5
2762	20
2763	2
2764	41
2765	2
2766	17
2767	2
2768	42
2769	2
2770	12
2771	4
2772	79
2773	1
2774	13
2775	1
2776	48
2777	1
2778	21
2779	3
2780	36
2781	1
2782	22
2783	16
2784	67
2785	3
2786	15
2787	8
2788	42
2789	3
2790	16
2791	2
2792	50
2793	8
2794	38
2795	1
2796	32
2797	1
2798	19
2799	1
2800	44
2801	1
2802	22
2804	35
2805	15
2806	26
2807	2
2808	54
2809	1
2810	17
2811	3
2812	31
2813	2
2814	13
2815	2
2816	103
2817	4
2818	13
2819	1
2820	43
2821	5
2822	13
2823	1
2824	42
2825	6
2826	15
2827	12
2828	35
2829	2
2830	23
2831	2
2832	74
2833	2
2834	19
2835	1
2836	34
2837	1
2838	31
2839	3
2840	40
2841	1
2842	15
2843	2
2844	30
2845	2
2846	14
2847	2
2848	38
2849	12
2850	19
2851	1
2852	27
2853	3
2854	21
2856	56
2857	2
2858	14
2859	2
2860	81
2861	2
2862	15
2863	3
2864	45
2865	3
2866	11
2867	1
2868	36
2869	5
2870	15
2871	6
2872	42
2873	2
2874	19
2876	25
2877	4
2878	15
2879	2
2880	350
2882	25
2883	3
2884	46
2885	5
2886	26
2887	3
2888	73
2889	3
2890	21
2892	45
2893	8
2894	18
2895	6
2896	59
2897	3
2898	28
2899	3
2900	44
2901	2
2902	17
2903	4
2904	121
2905	3
2906	12
2907	5
2908	33
2909	3
2910	13
2911	1
2912	67
2913	7
2914	16
2915	8
2916	50
2917	3
2918	13
2919	8
2920	49
2921	2
2922	13
2923	2
2924	42
2925	4
2926	19
2928	79
2929	1
2930	17
2931	5
2932	40
2933	1
2934	17
2935	2
2936	46
2937	8
2938	17
2939	4
2940	73
2941	5
2942	14
2943	2
2944	40
2945	3
2946	24
2947	1
2948	51
2949	4
2950	11
2951	6
2952	75
2953	5
2954	15
2955	7
2956	27
2957	4
2958	20
2959	11
2960	41
2962	12
2963	2
2964	41
2966	16
2967	3
2968	68
2969	1
2970	101
2971	2
2972	25
2973	2
2974	18
2976	71
2977	3
2978	13
2979	1
2980	29
2981	9
2982	22
2983	2
2984	34
2985	1
2986	20
2987	2
2988	47
2989	3
2990	24
2991	1
2992	59
2993	1
2994	18
2995	3
2996	30
2998	11
2999	4
3000	69
3001	1
3002	14
3003	6
3004	25
3005	3
3006	13
3007	2
3008	25
3010	10
3011	1
3012	41
3013	1
3014	29
3016	37
3017	2
3018	17
3019	4
3020	16
3022	10
3023	5
3024	72
3025	15
3026	8
3027	3
3028	25
3029	1
3030	16
3032	36
3033	1
3034	19
3035	1
3036	55
3037	3
3038	15
3039	3
3040	31
3041	4
3042	15
3043	2
3044	28
3045	2
3046	12
3047	7
3048	49
3049	2
3050	14
3051	3
3052	32
3053	4
3054	9
3055	2
3056	43
3058	21
3059	1
3060	28
3061	1
3062	14
3063	2
3064	28
3065	1
3066	9
3068	19
3069	8
3070	11
3071	2
3072	50
3073	1
3074	16
3075	2
3076	10
3077	1
3078	17
3079	3
3080	84
3081	3
3082	16
3083	2
3084	25
3085	1
3086	10
3087	2
3088	33
3089	2
3090	12
3091	5
3092	21
3094	10
3096	43
3097	1
3098	13
3099	5
3100	19
3102	27
3104	24
3105	2
3106	8
3107	1
3108	29
3109	1
3110	12
3111	1
3112	36
3113	3
3114	6
3115	5
3116	21
3117	3
3118	10
3119	2
3120	72
3121	2
3122	10
3124	39
3125	1
3126	14
3127	1
3128	26
3129	2
3130	11
3131	1
3132	28
3133	2
3134	7
3135	8
3136	28
3138	9
3139	1
3140	20
3141	1
3142	13
3143	1
3144	45
3145	2
3146	24
3147	1
3148	22
3149	3
3150	16
3151	3
3152	32
3153	1
3154	11
3155	2
3156	27
3157	6
3158	12
3160	27
3161	3
3162	11
3163	1
3164	27
3166	12
3168	179
3170	11
3171	1
3172	33
3173	2
3174	10
3175	2
3176	25
3177	1
3178	16
3179	5
3180	19
3182	9
3183	4
3184	24
3186	9
3188	27
3189	2
3190	23
3191	1
3192	44
3193	1
3194	12
3195	1
3196	21
3197	4
3198	18
3199	2
3200	56
3201	2
3202	7
3203	1
3204	28
3205	3
3206	18
3207	2
3208	26
3210	16
3211	2
3212	33
3213	1
3214	5
3216	45
3218	12
3219	6
3220	21
3221	3
3222	11
3223	15
3224	30
3225	1
3226	9
3227	6
3228	25
3229	1
3230	4
3231	1
3232	34
3233	1
3234	29
3235	1
3236	27
3237	1
3238	5
3239	1
3240	67
3241	1
3242	11
3243	1
3244	15
3245	5
3246	13
3247	1
3248	37
3250	13
3252	27
3253	1
3254	17
3255	3
3256	55
3257	1
3258	11
3260	17
3262	12
3263	2
3264	56
3266	15
3267	1
3268	19
3269	3
3270	14
3271	3
3272	23
3273	2
3274	17
3275	1
3276	33
3277	2
3278	34
3279	1
3280	34
3281	4
3282	6
3284	28
3285	1
3286	6
3287	2
3288	33
3289	4
3290	8
3291	1
3292	13
3293	1
3294	14
3295	3
3296	28
3297	4
3298	12
3300	63
3301	1
3302	8
3303	1
3304	28
3305	2
3306	10
3307	1
3308	19
3310	10
3311	4
3312	37
3313	2
3314	13
3315	3
3316	21
3317	1
3318	11
3319	3
3320	17
3321	2
3322	12
3324	23
3326	11
3328	26
3330	9
3331	1
3332	16
3333	6
3334	12
3335	1
3336	35
3337	1
3338	14
3339	2
3340	18
3341	1
3342	11
3343	1
3344	33
3345	1
3346	6
3348	18
3349	1
3350	12
3352	22
3353	1
3354	13
3355	7
3356	21
3357	2
3358	10
3359	1
3360	53
3362	10
3363	2
3364	17
3365	1
3366	13
3368	17
3369	3
3370	8
3371	3
3372	23
3373	1
3374	7
3376	19
3377	1
3378	8
3379	1
3380	18
3381	2
3382	9
3383	1
3384	39
3386	4
3387	2
3388	40
3389	1
3390	7
3392	15
3393	2
3394	7
3396	22
3397	1
3398	6
3399	6
3400	22
3401	1
3402	16
3403	2
3404	18
3405	2
3406	3
3408	28
3409	1
3410	17
3411	1
3412	7
3413	1
3414	8
3415	1
3416	16
3417	3
3418	5
3419	3
3420	15
3421	1
3422	10
3423	1
3424	22
3426	13
3427	2
3428	11
3429	2
3430	8
3432	48
3433	3
3434	5
3435	1
3436	13
3437	1
3438	18
3440	20
3441	2
3442	5
3443	3
3444	17
3445	1
3446	5
3447	2
3448	17
3449	1
3450	13
3451	1
3452	15
3454	20
3456	59
3458	2
3459	2
3460	16
3462	8
3463	1
3464	19
3465	3
3466	7
3467	1
3468	14
3470	8
3471	2
3472	20
3474	12
3476	17
3478	7
3479	3
3480	33
3482	6
3484	21
3486	10
3487	4
3488	19
3490	3
3491	1
3492	18
3493	1
3494	9
3496	19
3497	2
3498	16
3499	1
3500	14
3502	3
3504	39
3506	8
3508	23
3510	10
3511	2
3512	20
3513	2
3514	5
3516	17
3518	12
3519	1
3520	302
3521	1
3522	8
3523	2
3524	11
3525	4
3526	8
3527	2
3528	30
3529	2
3530	11
3531	8
3532	14
3534	19
3535	1
3536	19
3538	7
3540	21
3541	2
3542	17
3544	35
3545	2
3546	10
3548	10
3549	3
3550	11
3552	44
3553	4
3554	6
3555	1
3556	12
3558	14
3560	19
3561	1
3562	2
3563	2
3564	52
3566	12
3567	3
3568	15
3569	3
3570	9
3572	14
3574	6
3575	20
3576	33
3577	2
3578	8
3579	1
3580	10
3581	1
3582	12
3583	1
3584	22
3585	1
3586	11
3588	28
3589	1
3590	5
3591	2
3592	26
3594	13
3595	2
3596	15
3597	1
3598	8
3599	2
3600	42
3602	7
3603	1
3604	12
3606	8
3608	38
3609	4
3610	7
3611	1
3612	24
3614	14
3616	15
3618	12
3619	7
3620	14
3621	1
3622	7
3623	2
3624	25
3626	6
3628	13
3629	2
3630	42
3632	14
3633	2
3634	5
3635	1
3636	15
3638	9
3640	12
3641	4
3642	11
3643	1
3644	6
3646	9
3647	1
3648	31
3649	2
3650	5
3651	1
3652	21
3654	16
3655	1
3656	22
3657	2
3658	7
3659	2
3660	20
3661	2
3662	3
3663	1
3664	18
3665	1
3666	9
3668	8
3669	1
3670	5
3671	3
3672	24
3673	1
3674	14
3675	2
3676	18
3677	2
3678	8
3680	14
3682	6
3683	1
3684	13
3685	4
3686	5
3687	1
3688	12
3690	11
3691	1
3692	14
3693	3
3694	4
3695	1
3696	46
3698	8
3700	8
3702	13
3704	10
3705	3
3706	6
3707	3
3708	10
3709	1
3710	6
3712	15
3713	1
3714	5
3716	11
3717	1
3718	6
3719	1
3720	21
3721	1
3722	2
3724	9
3725	1
3726	11
3728	10
3729	7
3730	5
3732	11
3733	1
3734	5
3736	15
3737	1
3738	5
3739	1
3740	30
3741	3
3742	6
3743	1
3744	33
3745	1
3746	5
3748	5
3749	2
3750	8
3751	5
3752	16
3753	1
3754	7
3756	9
3757	1
3758	3
3759	1
3760	13
3761	1
3762	10
3763	2
3764	14
3766	2
3767	1
3768	17
3770	2
3772	14
3773	7
3774	8
3776	10
3777	1
3778	4
3779	1
3780	8
3782	7
3783	1
3784	29
3786	10
3787	1
3788	7
3789	1
3790	1
3791	1
3792	19
3794	5
3795	6
3796	11
3798	3
3800	11
3801	2
3802	2
3803	3
3804	14
3806	11
3808	17
3809	3
3810	6
3811	1
3812	13
3814	5
3816	10
3817	1
3818	5
3819	1
3820	9
3822	6
3824	8
3826	8
3827	1
3828	27
3830	5
3832	13
3833	2
3834	5
3835	1
3836	8
3837	1
3838	3
3839	4
3840	84
3842	6
3843	3
3844	10
3845	2
3846	12
3848	26
3850	12
3851	1
3852	18
3853	2
3854	3
3856	10
3858	10
3860	10
3861	4
3862	4
3864	23
3866	6
3868	9
3869	2
3870	7
3872	34
3873	1
3874	7
3875	2
3876	13
3877	2
3878	4
3879	1
3880	17
3882	8
3883	4
3884	14
3885	1
3886	6
3888	19
3890	8
3891	2
3892	10
3893	1
3894	6
3896	3
3898	5
3900	26
3901	1
3902	6
3904	12
3905	4
3906	5
3907	1
3908	6
3909	1
3910	4
3911	1
3912	17
3913	2
3914	4
3915	2
3916	13
3917	1
3918	8
3920	13
3921	2
3922	5
3924	12
3925	1
3926	7
3928	16
3929	1
3930	3
3932	7
3934	3
3936	27
3937	1
3938	5
3939	2
3940	9
3942	5
3944	16
3945	1
3946	4
3947	2
3948	13
3950	6
3951	1
3952	13
3953	1
3954	2
3956	9
3957	2
3958	5
3959	1
3960	228
3962	1
3964	12
3965	5
3966	8
3968	17
3969	2
3970	4
3971	4
3972	7
3973	1
3975	1
3976	15
3977	1
3978	3
3979	2
3980	17
3981	1
3982	9
3983	1
3984	17
3985	2
3986	2
3987	1
3988	12
3989	1
3990	7
3991	2
3992	14
3993	3
3994	5
3996	7
3998	6
3999	2
4000	13
4001	1
4002	4
4003	1
4004	31
4005	1
4006	4
4008	9
4009	2
4010	4
4012	4
4013	2
4014	6
4015	10
4016	6
4018	3
4020	11
4024	8
4026	7
4027	2
4028	6
4030	8
4032	22
4033	1
4034	3
4036	8
4037	2
4038	8
4039	1
4040	7
4041	2
4042	3
4043	1
4044	13
4046	4
4047	1
4048	48
4050	6
4051	1
4052	9
4053	3
4054	7
4056	17
4057	1
4058	6
4059	3
4060	5
4062	4
4063	2
4064	12
4066	5
4067	2
4068	12
4070	29
4071	2
4072	14
4074	5
4075	1
4076	6
4077	1
4078	4
4080	17
4081	1
4082	5
4084	3
4085	2
4086	4
4088	6
4089	1
4090	1
4092	22
4093	1
4094	3
4096	13
4098	4
4099	1
4100	10
4102	6
4103	4
4104	9
4106	4
4107	1
4108	14
4109	1
4110	5
4111	1
4112	7
4113	1
4114	5
4116	11
4118	2
4120	7
4121	1
4122	7
4123	2
4124	7
4125	7
4126	6
4128	14
4129	1
4130	5
4132	4
4133	1
4134	1
4136	23
4137	1
4138	5
4140	7
4141	1
4142	5
4144	14
4147	2
4148	7
4150	3
4152	13
4154	7
4156	5
4158	15
4160	11
4161	1
4162	4
4163	2
4164	12
4166	5
4168	10
4169	3
4170	3
4172	8
4173	1
4174	3
4176	15
4178	4
4179	2
4180	22
4181	1
4182	7
4184	8
4186	5
4188	6
4190	5
4191	4
4192	4
4194	2
4196	8
4198	2
4199	2
4200	18
4202	3
4203	1
4204	5
4206	1
4208	7
4210	1
4212	12
4213	2
4214	3
4215	1
4216	6
4218	3
4220	2
4222	1
4224	46
4226	4
4228	7
4229	1
4232	5
4234	4
4235	3
4236	7
4237	1
4238	1
4239	1
4240	6
4242	5
4243	1
4244	6
4246	12
4248	12
4250	6
4252	11
4253	1
4254	2
4255	2
4256	7
4258	3
4260	10
4262	4
4263	1
4264	7
4265	1
4266	4
4267	2
4268	18
4269	1
4271	1
4272	13
4274	1
4275	1
4276	4
4278	2
4279	4
4280	8
4281	1
4282	3
4284	6
4286	4
4287	1
4288	9
4290	10
4292	7
4293	1
4294	4
4296	14
4298	4
4300	10
4301	1
4302	3
4304	8
4306	1
4308	6
4309	1
4310	5
4312	12
4314	2
4315	2
4316	9
4317	1
4318	1
4320	68
4322	3
4323	1
4324	4
4325	2
4326	3
4328	15
4329	2
4330	7
4332	10
4334	10
4336	8
4338	3
4339	1
4340	8
4342	4
4344	15
4345	1
4346	5
4348	6
4349	1
4350	1
4352	9
4354	1
4355	1
4356	16
4358	2
4360	10
4361	1
4362	6
4364	9
4366	7
4368	16
4370	2
4372	8
4374	3
4375	1
4376	9
4378	9
4380	10
4382	4
4384	6
4386	9
4388	7
4389	3
4390	4
4392	10
4394	2
4395	1
4396	2
4397	2
4398	3
4400	66
4401	1
4402	4
4404	8
4405	2
4406	4
4407	1
4408	16
4409	1
4410	3
4411	2
4412	7
4413	2
4414	3
4415	1
4416	12
4418	2
4419	2
4420	13
4422	6
4424	7
4426	6
4427	1
4428	7
4430	4
4432	11
4433	5
4434	6
4435	3
4436	4
4437	1
4438	3
4439	1
4440	12
4442	2
4443	1
4444	6
4445	2
4446	5
4448	10
4452	8
4453	1
4454	3
4455	3
4456	11
4458	1
4459	1
4460	5
4462	2
4464	16
4466	6
4468	5
4469	1
4470	4
4472	6
4474	1
4476	6
4477	1
4478	1
4479	1
4480	2
4481	1
4482	3
4483	2
4484	3
4486	2
4488	25
4490	2
4492	7
4494	5
4495	1
4496	14
4498	4
4499	4
4500	7
4502	2
4503	1
4504	7
4506	3
4507	1
4508	3
4510	10
4512	12
4514	2
4515	1
4516	5
4518	4
4520	11
4522	4
4524	4
4525	3
4526	4
4528	6
4530	2
4532	14
4534	3
4535	2
4536	11
4538	1
4540	7
4541	1
4542	4
4543	4
4544	5
4546	1
4548	8
4550	5
4552	4
4553	1
4554	5
4555	1
4556	6
4557	1
4560	10
4562	5
4564	4
4565	2
4566	1
4567	1
4568	6
4569	1
4570	2
4571	1
4572	4
4574	2
4576	6
4578	3
4580	7
4581	1
4583	2
4584	13
4585	1
4586	3
4587	1
4588	2
4589	1
4592	4
4593	1
4594	1
4596	5
4597	1
4598	5
4599	1
4600	1
4601	1
4602	4
4604	5
4606	2
4607	1
4608	13
4610	2
4611	1
4612	2
4614	7
4616	7
4618	3
4619	1
4620	18
4622	3
4624	8
4625	1
4627	1
4628	7
4630	2
4631	1
4632	8
4633	1
4636	1
4637	1
4638	5
4640	3
4641	2
4642	6
4644	4
4646	2
4648	3
4650	1
4652	5
4654	1
4655	1
4656	7
4657	1
4658	2
4660	3
4661	2
4662	2
4664	9
4665	1
4666	5
4668	3
4669	1
4670	1
4672	4
4674	2
4675	2
4676	5
4677	1
4678	2
4680	11
4684	8
4687	1
4688	4
4689	1
4690	1
4691	2
4692	3
4693	1
4694	2
4696	4
4697	1
4698	5
4700	7
4702	2
4703	1
4704	7
4706	2
4708	10
4710	2
4712	8
4716	5
4718	3
4720	5
4722	3
4724	2
4727	1
4728	7
4729	1
4730	5
4731	2
4732	2
4734	3
4736	7
4737	1
4738	2
4740	5
4741	1
4744	2
4746	1
4748	2
4750	1
4752	39
4755	1
4756	5
4758	3
4759	1
4760	1
4762	5
4764	4
4765	1
4766	1
4768	6
4770	1
4772	2
4774	2
4775	1
4776	11
4778	3
4780	5
4782	4
4783	1
4784	6
4786	1
4788	8
4790	1
4792	1
4794	1
4796	6
4798	2
4800	32
4802	7
4804	3
4806	4
4807	3
4808	5
4809	1
4810	3
4811	1
4812	4
4813	1
4814	1
4815	1
4816	4
4818	2
4819	1
4820	5
4822	1
4824	11
4826	1
4828	2
4829	1
4830	5
4832	8
4834	1
4836	3
4840	14
4843	1
4844	2
4846	1
4848	7
4850	1
4852	4
4854	1
4856	6
4858	3
4860	5
4862	5
4864	1
4866	2
4868	5
4869	1
4870	3
4872	6
4874	1
4876	2
4877	1
4878	3
4880	3
4882	2
4884	7
4886	1
4888	3
4890	4
4892	5
4893	1
4894	2
4896	9
4902	2
4904	3
4906	4
4908	8
4909	1
4912	4
4914	2
4916	4
4917	4
4918	3
4920	5
4922	1
4926	1
4928	6
4929	1
4930	2
4931	1
4932	3
4934	2
4935	2
4936	2
4938	1
4940	6
4944	5
4946	1
4948	4
4949	1
4950	3
4952	4
4954	2
4956	8
4958	2
4960	6
4961	1
4962	2
4964	3
4968	4
4970	2
4972	10
4976	8
4980	2
4982	2
4984	3
4987	1
4988	3
4990	1
4992	8
4994	5
4996	4
4997	3
4998	2
4999	1
5000	4
5004	3
5006	1
5007	2
5008	5
5012	3
5013	1
5014	2
5016	7
5018	4
5020	1
5022	1
5024	3
5026	1
5027	2
5028	3
5030	2
5032	3
5036	3
5038	3
5040	15
5042	1
5043	1
5048	6
5050	4
5052	1
5053	1
5054	3
5056	3
5060	3
5064	2
5066	2
5068	1
5070	3
5071	1
5072	2
5074	4
5075	1
5076	3
5080	4
5082	4
5083	1
5084	4
5086	2
5088	2
5090	1
5092	3
5094	1
5096	5
5099	1
5100	3
5104	1
5106	1
5107	1
5108	3
5110	2
5111	1
5112	6
5114	2
5116	6
5118	3
5120	4
5121	1
5122	1
5123	1
5124	5
5126	2
5128	4
5130	7
5132	8
5133	2
5136	4
5140	2
5144	2
5145	1
5146	1
5147	2
5148	2
5150	1
5152	3
5154	2
5156	2
5158	1
5160	3
5162	3
5166	4
5168	2
5170	4
5172	4
5173	1
5174	2
5175	1
5176	5
5179	1
5180	1
5181	1
5184	11
5186	2
5188	4
5190	1
5192	12
5194	2
5196	2
5198	3
5200	7
5202	1
5204	4
5206	3
5208	2
5212	2
5213	1
5214	2
5216	2
5218	1
5219	2
5220	5
5222	3
5224	3
5226	3
5228	3
5229	1
5230	1
5232	8
5234	2
5235	1
5236	3
5238	1
5240	1
5242	1
5243	1
5244	6
5247	2
5248	1
5250	2
5252	4
5256	6
5257	1
5260	4
5263	2
5264	3
5266	2
5267	1
5268	3
5272	5
5274	2
5275	1
5276	2
5277	1
5278	1
5280	191
5282	1
5284	2
5285	1
5287	1
5288	11
5290	8
5292	6
5294	4
5296	5
5298	2
5300	4
5301	1
5302	7
5304	7
5306	5
5308	3
5309	1
5310	2
5312	2
5316	3
5318	1
5320	6
5321	1
5322	1
5324	23
5326	3
5328	13
5332	2
5334	1
5335	13
5336	5
5338	2
5339	2
5340	5
5342	1
5343	1
5344	2
5346	2
5347	1
5348	1
5350	2
5352	5
5354	2
5355	1
5356	4
5357	2
5360	2
5362	1
5364	5
5368	19
5370	1
5372	2
5376	4
5379	2
5380	5
5382	2
5384	3
5386	1
5388	3
5390	16
5392	3
5396	1
5398	2
5400	3
5404	3
5406	2
5408	2
5409	1
5411	1
5412	4
5416	1
5420	1
5422	1
5424	7
5426	1
5428	5
5430	1
5434	3
5437	1
5438	1
5440	1
5442	2
5445	8
5448	8
5450	1
5454	1
5456	12
5460	4
5462	2
5463	1
5464	1
5466	2
5472	5
5478	1
5480	3
5482	1
5484	3
5486	1
5487	1
5488	4
5489	2
5492	3
5495	1
5496	1
5500	12
5502	1
5503	1
5504	3
5505	1
5506	2
5508	4
5510	2
5511	1
5512	2
5514	1
5516	2
5518	1
5520	9
5522	1
5524	1
5526	2
5528	3
5530	2
5532	3
5533	1
5536	4
5537	1
5538	1
5539	2
5540	5
5544	11
5548	3
5550	1
5551	1
5552	1
5553	1
5556	2
5558	1
5560	5
5561	1
5564	2
5566	1
5568	4
5570	1
5571	1
5572	3
5574	2
5576	2
5580	4
5584	3
5585	1
5586	2
5587	1
5588	5
5592	1
5594	2
5599	2
5601	1
5602	3
5607	1
5608	5
5610	8
5612	2
5613	1
5616	10
5620	1
5621	1
5624	3
5627	1
5628	2
5630	1
5631	1
5632	4
5635	1
5638	1
5640	4
5642	2
5644	2
5646	3
5647	1
5648	2
5649	1
5652	3
5654	1
5656	3
5658	2
5660	1
5664	4
5666	1
5668	2
5670	2
5672	1
5676	4
5680	2
5681	1
5687	1
5688	3
5689	1
5690	2
5692	1
5696	4
5698	3
5700	1
5704	5
5706	1
5708	2
5712	1
5716	2
5720	6
5724	1
5726	1
5728	1
5730	2
5732	2
5735	1
5736	1
5738	2
5742	4
5744	3
5746	1
5748	1
5752	3
5753	1
5754	1
5756	2
5760	37
5762	1
5764	4
5766	1
5768	6
5769	1
5770	3
5772	4
5774	1
5775	4
5776	3
5778	1
5780	3
5782	2
5784	2
5786	2
5788	2
5792	5
5793	1
5794	1
5796	1
5797	1
5798	3
5799	1
5800	2
5802	2
5804	3
5806	2
5808	13
5810	1
5812	5
5814	3
5815	1
5816	5
5817	1
5818	1
5820	4
5822	1
5824	1
5825	1
5826	1
5828	2
5829	1
5830	2
5836	4
5840	3
5841	2
5844	5
5848	4
5850	3
5852	4
5855	1
5856	6
5858	2
5860	3
5862	1
5863	1
5864	1
5868	1
5872	3
5874	1
5878	2
5880	7
5884	2
5886	2
5888	2
5889	2
5892	3
5896	5
5900	5
5902	1
5904	3
5906	1
5907	1
5908	1
5909	1
5912	2
5914	1
5917	1
5920	5
5922	1
5925	1
5926	1
5928	5
5936	1
5940	35
5942	1
5944	4
5945	1
5949	1
5950	2
5951	1
5952	2
5954	2
5956	2
5957	1
5958	2
5960	4
5962	5
5966	1
5968	4
5970	4
5971	1
5972	1
5973	2
5975	1
5976	5
5980	2
5982	1
5984	6
5988	3
5990	1
5992	2
5995	6
5998	1
5999	1
6000	1
6006	4
6007	1
6008	1
6010	1
6013	1
6014	1
6016	2
6020	1
6022	1
6024	1
6028	10
6030	1
6031	1
6032	1
6034	1
6036	2
6038	1
6040	4
6042	1
6048	7
6050	6
6054	1
6056	1
6057	1
6058	1
6062	1
6064	2
6068	4
6071	1
6072	6
6074	1
6075	1
6076	1
6078	1
6079	1
6080	2
6082	1
6084	2
6086	1
6088	1
6090	1
6092	2
6094	1
6096	2
6104	2
6108	2
6110	1
6112	1
6116	3
6117	1
6119	2
6120	2
6122	1
6126	3
6128	2
6130	1
6132	2
6138	3
6140	1
6141	1
6142	1
6144	3
6146	1
6148	2
6152	3
6154	2
6160	6
6162	1
6164	3
6168	3
6170	1
6172	2
6174	1
6176	1
6177	1
6180	6
6181	1
6183	1
6184	2
6186	2
6188	1
6192	1
6196	2
6198	1
6204	2
6208	2
6212	1
6214	1
6215	1
6216	1
6219	1
6220	1
6222	2
6223	1
6224	2
6226	1
6228	1
6232	3
6234	1
6236	2
6240	10
6242	1
6244	1
6245	1
6246	1
6248	1
6250	1
6252	2
6258	2
6262	1
6264	2
6266	1
6268	3
6269	1
6270	2
6272	3
6276	1
6286	1
6288	1
6292	1
6295	1
6298	1
6300	4
6302	1
6303	1
6304	1
6306	1
6308	4
6310	2
6312	1
6314	1
6316	1
6320	3
6322	1
6324	2
6327	1
6328	1
6330	2
6333	1
6334	1
6336	17
6337	1
6340	1
6341	1
6343	1
6344	2
6346	1
6347	2
6348	2
6350	1
6356	1
6358	3
6359	2
6360	4
6362	1
6368	1
6370	1
6372	1
6376	1
6380	1
6382	1
6386	1
6391	3
6392	1
6394	2
6396	2
6398	1
6400	3
6402	2
6404	1
6412	1
6414	1
6416	2
6417	2
6424	5
6426	1
6431	1
6432	1
6436	2
6440	1
6442	1
6444	1
6446	1
6448	2
6450	1
6453	1
6460	2
6462	1
6464	1
6466	1
6468	4
6471	1
6472	2
6476	2
6480	9
6482	1
6488	4
6494	1
6496	1
6504	1
6506	1
6508	1
6510	1
6512	2
6514	1
6516	2
6518	1
6520	2
6527	1
6528	6
6532	1
6534	1
6536	1
6540	2
6548	1
6550	1
6552	2
6556	2
6560	2
6564	1
6568	1
6572	4
6576	3
6579	1
6580	1
6584	1
6590	2
6592	1
6596	1
6598	2
6599	1
6600	21
6604	1
6605	1
6606	1
6608	1
6610	2
6611	1
6620	2
6622	1
6624	5
6626	1
6628	1
6630	1
6632	1
6638	1
6639	1
6640	1
6642	1
6644	2
6648	5
6650	1
6652	1
6655	1
6656	1
6658	1
6660	1
6662	1
6663	1
6664	1
6666	5
6672	2
6676	1
6677	1
6678	2
6680	1
6682	2
6688	3
6691	1
6698	2
6699	1
6704	1
6708	2
6710	1
6712	2
6714	1
6720	5
6722	1
6724	2
6726	1
6732	1
6736	4
6738	1
6740	2
6744	3
6749	1
6750	3
6752	2
6760	3
6762	2
6765	1
6768	3
6774	1
6776	4
6778	1
6780	1
6782	1
6784	1
6788	1
6790	1
6792	2
6794	1
6798	1
6812	1
6814	1
6816	1
6820	2
6826	1
6828	2
6838	1
6840	1
6846	1
6850	1
6854	1
6856	1
6860	2
6862	2
6864	4
6872	1
6874	1
6876	1
6878	1
6880	1
6882	1
6884	1
6886	1
6888	1
6894	1
6896	2
6897	1
6902	2
6908	1
6912	1
6914	1
6918	1
6924	1
6930	1
6931	1
6934	1
6936	1
6938	1
6960	3
6964	3
6968	2
6972	1
6976	1
6978	2
6980	1
6984	4
6992	1
6996	2
7000	2
7008	2
7010	1
7012	1
7020	3
7024	1
7028	1
7032	1
7036	1
7038	1
7040	50
7044	3
7046	1
7048	3
7050	1
7052	3
7054	1
7056	4
7060	1
7062	2
7064	2
7066	1
7068	1
7070	1
7072	2
7078	2
7080	1
7081	1
7084	5
7088	3
7095	1
7098	1
7104	3
7106	1
7112	1
7116	4
7118	1
7120	1
7124	1
7128	9
7134	1
7139	1
7144	2
7146	1
7148	1
7150	2
7152	1
7159	1
7162	1
7172	4
7174	1
7176	1
7180	1
7188	1
7192	1
7194	1
7200	11
7204	1
7205	3
7206	1
7208	2
7209	1
7210	1
7212	2
7214	1
7215	1
7216	4
7232	1
7236	2
7238	1
7242	1
7244	1
7246	2
7254	1
7256	1
7260	5
7261	1
7270	1
7271	2
7275	1
7280	3
7282	2
7283	1
7284	1
7288	1
7292	1
7296	4
7300	1
7304	1
7308	1
7316	2
7320	1
7328	3
7330	1
7332	2
7336	2
7344	2
7352	1
7354	1
7356	1
7358	1
7366	1
7368	1
7370	1
7372	3
7386	1
7388	2
7392	3
7396	1
7400	1
7403	2
7406	1
7412	1
7414	1
7415	1
7416	1
7424	1
7428	1
7446	1
7472	1
7479	1
7480	1
7488	2
7493	1
7500	3
7504	2
7518	1
7520	1
7524	1
7526	1
7536	1
7544	1
7557	1
7558	1
7560	5
7562	2
7564	1
7568	4
7572	1
7579	1
7582	1
7592	1
7594	2
7596	4
7608	1
7610	1
7614	1
7618	1
7620	1
7623	1
7624	1
7626	1
7632	5
7634	1
7636	1
7638	2
7640	1
7644	1
7645	1
7654	1
7656	1
7664	2
7667	1
7676	1
7680	7
7692	1
7696	2
7700	2
7702	1
7704	1
7706	1
7707	1
7715	1
7716	1
7719	1
7722	1
7726	1
7728	2
7730	2
7732	1
7733	1
7740	1
7744	2
7760	2
7766	1
7768	2
7770	1
7776	2
7781	1
7788	2
7799	1
7800	3
7804	1
7806	1
7808	1
7818	1
7824	1
7832	1
7840	1
7850	2
7864	1
7868	2
7872	1
7882	1
7884	1
7888	1
7895	1
7910	1
7912	2
7915	1
7916	2
7920	45
7924	1
7928	3
7930	3
7935	1
7936	1
7940	2
7950	2
7956	3
7960	2
7962	1
7964	4
7967	1
7973	1
7974	3
7975	2
7982	2
7984	1
8004	1
8008	6
8020	1
8030	2
8048	1
8055	1
8056	2
8058	1
8063	3
8064	2
8067	1
8070	1
8074	1
8082	1
8084	1
8087	1
8094	1
8096	5
8120	1
8124	2
8136	1
8140	3
8142	1
8152	1
8156	1
8162	1
8168	1
8172	1
8175	1
8184	3
8186	1
8188	3
8195	1
8198	1
8200	1
8214	1
8217	1
8234	1
8245	1
8248	1
8250	1
8260	1
8267	1
8280	4
8283	1
8290	1
8301	1
8305	1
8308	1
8316	2
8318	1
8320	1
8349	1
8350	1
8352	1
8364	1
8366	1
8368	1
8396	1
8400	2
8404	1
8408	1
8412	1
8420	1
8422	1
8426	1
8432	1
8440	1
8442	1
8448	2
8454	1
8460	1
8464	1
8470	1
8472	3
8476	1
8481	1
8502	1
8523	1
8526	1
8528	1
8536	2
8544	3
8563	1
8570	1
8572	1
8574	1
8580	3
8592	3
8624	1
8630	1
8640	6
8648	1
8656	2
8660	1
8661	1
8670	1
8684	1
8694	1
8700	2
8704	1
8712	1
8716	1
8720	1
8740	1
8748	2
8750	1
8756	1
8768	1
8774	1
8784	1
8791	1
8800	12
8805	1
8806	1
8816	1
8824	2
8828	2
8832	2
8834	1
8844	2
8850	1
8858	1
8860	3
8866	1
8867	1
8868	1
8876	1
8877	1
8880	1
8888	2
8896	1
8899	1
8910	1
8916	1
8920	1
8952	2
8954	1
8956	1
8978	1
8992	1
9002	1
9020	3
9048	2
9064	1
9072	2
9086	1
9090	1
9104	1
9128	1
9148	1
9158	1
9184	1
9207	1
9216	1
9236	1
9252	1
9264	1
9286	1
9293	1
9316	1
9317	1
9336	2
9360	1
9376	1
9383	1
9384	1
9388	1
9408	1
9412	1
9416	2
9424	1
9428	2
9456	1
9460	1
9464	1
9480	1
9496	1
9504	2
9516	3
9520	2
9521	1
9534	1
9554	1
9559	1
9564	1
9579	1
9584	1
9585	1
9600	1
9604	1
9608	1
9614	1
9618	1
9624	1
9640	1
9660	1
9696	1
9712	1
9720	3
9722	1
9736	1
9744	2
9745	1
9758	1
9790	1
9792	1
9796	1
9798	1
9806	1
9810	1
9828	1
9842	1
9848	1
9850	1
9854	1
9856	2
9876	2
9900	1
9919	1
9920	1
9930	1
9960	1
9984	2
10006	1
10016	1
10049	1
10051	1
10068	1
10072	1
10080	1
10084	1
10120	1
10123	1
10142	1
10158	1
10164	1
10166	2
10168	1
10228	1
10256	1
10262	1
10294	1
10362	1
10392	1
10399	1
10400	1
10426	1
10472	1
10476	1
10480	1
10492	1
10500	1
10514	1
10516	1
10520	2
10530	1
10560	35
10564	1
10567	1
10568	1
10572	1
10582	1
10594	1
10596	1
10604	3
10605	1
10606	1
10608	1
10610	1
10614	1
10615	1
10621	1
10625	1
10644	1
10648	1
10658	2
10667	1
10668	1
10682	1
10692	2
10702	2
10704	1
10707	1
10708	1
10716	1
10718	1
10725	1
10736	1
10767	1
10776	1
10780	3
10792	1
10800	1
10806	1
10814	1
10826	1
10845	1
10882	1
10890	2
10912	2
10934	1
10936	1
10940	1
11054	1
11056	1
11064	1
11088	1
11090	1
11091	1
11154	1
11157	1
11164	1
11172	1
11179	1
11220	2
11244	1
11264	1
11320	1
11336	1
11340	1
11376	1
11380	1
11440	1
11452	1
11469	1
11520	3
11528	1
11532	1
11536	1
11564	1
11572	1
11588	1
11596	1
11608	1
11636	1
11664	1
11676	1
11719	1
11738	1
11792	1
11807	1
11880	1
11892	1
11900	1
11936	1
11938	1
11960	1
11994	1
12000	1
12004	1
12026	1
12036	1
12048	1
12064	1
12067	1
12068	1
12089	1
12098	1
12128	1
12144	1
12160	1
12220	1
12336	1
12439	1
12452	1
12490	1
12566	1
12600	1
12623	1
12672	1
12862	1
12868	1
12872	1
12942	1
12960	2
13036	1
13048	1
13153	1
13160	1
13200	6
13204	1
13253	1
13288	1
13310	1
13332	1
13344	1
13440	1
13453	1
13586	1
13747	1
13755	1
13797	1
13848	1
13860	1
13904	1
14016	1
14059	1
14080	6
14124	1
14196	1
14256	1
14344	2
14400	1
14404	1
14443	1
14460	1
14514	1
14530	1
14539	1
14572	1
14738	1
14968	1
15120	1
15194	1
15404	1
15411	1
15524	1
15678	1
15840	7
15848	1
15850	1
15852	1
15884	2
15912	1
15928	1
15950	2
15978	1
15980	1
16140	1
16148	1
16160	1
16472	1
16837	1
17280	1
17368	1
17556	1
17600	1
17655	1
17820	1
17972	1
18094	1
18300	1
18346	1
19157	1
19200	1
19308	1
19417	1
19773	1
20154	1
20202	1
20977	1
21120	3
21150	1
21208	1
21252	1
21494	1
21538	1
21560	1
21648	1
22000	1
22146	1
23760	1
23859	1
24849	1
25006	1
25444	1
25720	1
26400	1
26598	1
26630	1
27048	1
27368	1
31680	1
31693	1
31944	1
32263	1
32340	1
32846	1
35728	1
46080	1
