RTP and Standard Deviation Breakdown
Name	RTP	StDev
Initial	0.280967	46.17
Tumbles	0.28441	51.18
Base Total	0.565377	71.78
Free Spins	0.399341	247
Total	0.964718	256.8
----------------------------------------
Iterations	1000000000
Total Pay	7.987e+09
Feature Hits
Feature	Hits	Hit Rate
Base	199938502	5.0015379
Base Win	194984788	5.1286052
Free Spins	5005082	199.79693
FS Trigger 3	4637195	215.64761
FS Trigger 4	353337	2830.1593
FS Trigger 5	14295	69954.53
FS Trigger 6	255	3921568.6
----------------------------------------
Base Hits
Symbol	1	2	3	4	5	6
WL	0	0	0	0	0	0
R1	0	0	21797441	11073202	7735436	1982833
R2	0	0	24841932	13024458	9670209	2477987
R3	0	0	28441123	14905861	11748299	3972451
R4	0	0	29308924	15091314	10603925	2700679
R5	0	0	32505465	17410879	13232569	3316983
R6	0	0	37490472	19795670	15949700	5304187
S1	0	0	68941455	42498009	14289396	9773511
S2	0	0	104804837	55191326	14199676	11192256
S3	0	0	52727038	27497154	16604674	11115240
S4	0	0	75716838	39971878	19599787	12319746
F1	0	0	0	0	0	0
F2	0	0	0	0	0	0
F3	0	0	0	0	0	0
----------------------------------------
Base Pays
Symbol	1	2	3	4	5	6
WL	0	0	0	0	0	0
R1	0	0	4.3594882e+08	4.4292808e+08	4.6412616e+08	3.965666e+08
R2	0	0	2.4841932e+08	2.6048916e+08	2.9010627e+08	2.477987e+08
R3	0	0	1.4220562e+08	1.4905861e+08	1.7622448e+08	1.9862255e+08
R4	0	0	1.4654462e+08	1.5091314e+08	1.5905888e+08	1.0802716e+08
R5	0	0	1.6252732e+08	1.7410879e+08	1.9848854e+08	99509490
R6	0	0	1.4996189e+08	1.5836536e+08	1.913964e+08	1.0608374e+08
S1	0	0	1.3788291e+08	1.6999204e+08	1.0002577e+08	1.4660266e+08
S2	0	0	2.0960967e+08	2.207653e+08	99397732	1.3430707e+08
S3	0	0	1.0545408e+08	1.0998862e+08	99628044	1.111524e+08
S4	0	0	1.5143368e+08	1.5988751e+08	1.1759872e+08	98557968
F1	0	0	0	0	0	0
F2	0	0	0	0	0	0
F3	0	0	0	0	0	0
----------------------------------------
Average Free Spins: 	10.382303
----------------------------------------
Average Tumbles: 	1.7098879
----------------------------------------
Tumble Frequencies
Number Tumble	Frequency
1	117261677
3	20678162
2	41861483
4	9400063
5	3408537
6	1430636
7	591249
8	229788
10	29308
9	77341
12	2936
11	11459
13	1434
14	627
15	75
20	1
17	5
16	5
22	1
18	1
----------------------------------------
Average Final Multiplier: 	1.1326175
----------------------------------------
Average Final Multiplier Free Spins: 	12.370057
Elapsed time: 823.39316 seconds
