Pay	Frequency
0	805015212
2	10040095
4	18078866
5	7348435
6	3397203
7	668190
8	14953783
9	633577
10	13013597
11	140153
12	5696582
13	559605
14	2716910
15	1954376
16	7792381
17	191748
18	2327186
19	265043
20	12533960
21	424425
22	1302011
23	288351
24	4807591
25	724689
26	1299860
27	143010
28	2607116
29	255269
30	4094103
31	173040
32	3274964
33	180940
34	1134638
35	304902
36	2195600
37	169617
38	932321
39	154099
40	7524251
41	117430
42	1030554
43	102040
44	1531429
45	680104
46	704691
47	107252
48	2503760
49	121935
50	1367945
51	85519
52	1128708
53	178010
54	650827
55	176196
56	1219648
57	93522
58	595732
59	64814
60	3751906
61	81290
62	500781
63	94884
64	1325058
65	253960
66	469346
67	54290
68	957698
69	94914
70	775139
71	48272
72	1143621
73	73794
74	397591
75	113457
76	711063
77	71687
78	404050
79	51652
80	3241110
81	50620
82	361064
83	48212
84	767028
85	249883
86	284432
87	51516
88	687495
89	47229
90	1024226
91	34697
92	520396
93	52117
94	287999
95	117727
96	893192
97	38607
98	278468
99	37633
100	990894
101	54906
102	260026
103	34360
104	471131
105	93947
106	266561
107	29319
108	440196
109	29984
110	384176
111	39257
112	409049
113	28730
114	211403
115	54974
116	351112
117	28627
118	172848
119	22471
120	2010706
121	25431
122	188818
123	22941
124	365875
125	150405
126	194488
127	21541
128	427396
129	28036
130	388643
131	20316
132	291714
133	27874
134	143535
135	88548
136	317188
137	19318
138	161494
139	19953
140	498838
141	25237
142	121034
143	22266
144	418395
145	51686
146	129171
147	17922
148	227775
149	26347
150	244257
151	17764
152	239474
153	17177
154	125613
155	37289
156	210148
157	14635
158	104749
159	20662
160	1027141
161	13624
162	118450
163	12687
164	212043
165	88582
166	95717
167	14022
168	234093
169	15866
170	238029
171	12775
172	153373
173	14438
174	96586
175	44206
176	174149
177	12084
178	82740
179	12236
180	633319
181	11497
182	78042
183	12532
184	176998
185	52298
186	83283
187	9636
188	149209
189	14758
190	168052
191	9451
192	223828
193	11629
194	72109
195	32108
196	129326
197	13712
198	72605
199	9987
200	446559
201	10347
202	74464
203	9026
204	130291
205	39523
206	60192
207	11441
208	122187
209	9198
210	136650
211	7581
212	108093
213	8813
214	55216
215	23345
216	134216
217	8296
218	52931
219	8111
220	198170
221	8509
222	58393
223	6639
224	99943
225	22900
226	49547
227	6747
228	92036
229	6480
230	82931
231	7396
232	88398
233	6270
234	48117
235	15530
236	73849
237	6958
238	40810
239	5601
240	775818
241	5409
242	49445
243	5750
244	101152
245	58540
246	46734
247	5849
248	105102
249	7814
250	141098
251	4917
252	80846
253	7326
254	39498
255	29124
256	89074
257	5591
258	41974
259	5372
260	176679
261	6802
262	34581
263	5529
264	77133
265	20121
266	34711
267	5260
268	57358
269	5392
270	116634
271	4676
272	64842
273	4735
274	34213
275	16060
276	57952
277	4548
278	31478
279	5198
280	147990
281	4082
282	33012
283	3997
284	48229
285	18861
286	29195
287	4014
288	97671
289	3875
290	60401
291	4033
292	46043
293	6000
294	29487
295	12162
296	49668
297	3896
298	29758
299	3249
300	129734
301	3250
302	24704
303	4755
304	48531
305	12555
306	25591
307	3002
308	43990
309	3738
310	47244
311	2906
312	45774
313	3702
314	21580
315	9707
316	35666
317	2990
318	24707
319	2814
320	234791
321	2951
322	22466
323	3031
324	46091
325	18869
326	20338
327	3109
328	45762
329	3113
330	62171
331	2413
332	33156
333	3645
334	19090
335	10949
336	41338
337	2550
338	18986
339	2696
340	77351
341	2764
342	18015
343	2539
344	32497
345	9382
346	16773
347	2092
348	30482
349	2404
350	38029
351	2486
352	29443
353	2288
354	16225
355	6937
356	24873
357	2253
358	14725
359	1990
360	254891
361	1899
362	16661
363	2052
364	33504
365	19635
366	16840
367	2056
368	38362
369	2886
370	48500
371	1815
372	28219
373	3050
374	14241
375	11230
376	30203
377	2185
378	16522
379	2004
380	66580
381	2593
382	12536
383	2161
384	39357
385	7784
386	13044
387	2075
388	22217
389	2446
390	33766
391	1805
392	24359
393	1907
394	13578
395	5912
396	21644
397	1800
398	11605
399	2084
400	209388
401	1544
402	14555
403	1492
404	25028
405	17810
406	10798
407	1638
408	27378
409	1898
410	41497
411	1507
412	17977
413	1984
414	11848
415	7464
416	20163
417	1676
418	10437
419	1407
420	61263
421	1522
422	9379
423	1575
424	19338
425	6626
426	9623
427	1262
428	15662
429	1700
430	24259
431	1259
432	26007
433	1290
434	8762
435	4967
436	14425
437	1829
438	9120
439	1244
440	52841
441	1300
442	9080
443	1122
444	15806
445	5883
446	7692
447	1529
448	15916
449	1185
450	23504
451	947
452	13510
453	1321
454	7549
455	4355
456	15529
457	1131
458	7257
459	1103
460	31246
461	1104
462	7952
463	965
464	13504
465	4325
466	6752
467	969
468	12145
469	1001
470	14859
471	1076
472	12023
473	962
474	6839
475	2959
476	10334
477	1104
478	5840
479	823
480	215332
481	857
482	8577
483	913
484	19551
485	15193
486	8094
487	1056
488	20463
489	1620
490	37394
491	786
492	13530
493	1473
494	6673
495	8058
496	15282
497	1029
498	7419
499	1064
500	44579
501	1313
502	5932
503	1077
504	14821
505	5394
506	6099
507	1009
508	10040
509	1107
510	23520
511	878
512	11709
513	986
514	5742
515	3898
516	9727
517	907
518	5151
519	951
520	39597
521	770
522	5791
523	709
524	8908
525	5369
526	4903
527	821
528	11419
529	794
530	15489
531	704
532	7651
533	910
534	4879
535	3319
536	8405
537	763
538	4571
539	632
540	50462
541	653
542	4564
543	721
544	9834
545	4425
546	4846
547	574
548	8936
549	852
550	13458
551	547
552	9207
553	804
554	4214
555	3106
556	7624
557	723
558	4577
559	597
560	27126
561	711
562	3983
563	604
564	8014
565	3137
566	3761
567	700
568	7255
569	661
570	13138
571	541
572	6496
573	616
574	3599
575	2223
576	13969
577	559
578	3553
579	614
580	17176
581	753
582	3851
583	487
584	6811
585	2420
586	4155
587	487
588	6641
589	478
590	8526
591	682
592	6120
593	568
594	3520
595	1677
596	6039
597	502
598	3043
599	423
600	60143
601	484
602	3690
603	505
604	6757
605	4265
606	3779
607	452
608	7041
609	616
610	12024
611	481
612	5962
613	509
614	2956
615	2640
616	6216
617	444
618	3213
619	404
620	17110
621	527
622	2684
623	393
624	6083
625	1866
626	2661
627	461
628	4758
629	396
630	8273
631	369
632	4897
633	445
634	2578
635	1507
636	5164
637	363
638	2442
639	434
640	39914
641	347
642	3003
643	314
644	5723
645	2926
646	2700
647	390
648	7251
649	433
650	9514
651	380
652	4328
653	535
654	2564
655	1832
656	5211
657	414
658	2528
659	351
660	15558
661	439
662	2133
663	387
664	4627
665	1765
666	2479
667	326
668	4064
669	418
670	6827
671	333
672	4734
673	359
674	2064
675	1414
676	3619
677	340
678	2254
679	340
680	13780
681	343
682	1967
683	306
684	3769
685	1512
686	1972
687	338
688	3973
689	293
690	5869
691	240
692	3044
693	383
694	1818
695	1151
696	3620
697	238
698	1837
699	276
700	9352
701	249
702	1757
703	260
704	3147
705	1132
706	1607
707	254
708	2964
709	275
710	4127
711	265
712	2795
713	251
714	1581
715	856
716	2524
717	270
718	1464
719	240
720	79876
721	213
722	2339
723	209
724	5823
725	5564
726	2562
727	283
728	6674
729	507
730	12439
731	223
732	4281
733	480
734	1857
735	3131
736	5004
737	311
738	2227
739	297
740	14853
741	419
742	1607
743	369
744	4305
745	1833
746	1767
747	331
748	2964
749	371
750	8551
751	317
752	3488
753	298
754	1731
755	1399
756	3107
757	288
758	1677
759	331
760	13837
761	238
762	1751
763	236
764	2737
765	1999
766	1510
767	240
768	4731
769	233
770	5369
771	284
772	2565
773	321
774	1543
775	1242
776	2710
777	262
778	1556
779	217
780	10531
781	230
782	1306
783	305
784	2883
785	1162
786	1425
787	193
788	2537
789	274
790	4208
791	195
792	2813
793	225
794	1246
795	1011
796	2131
797	221
798	1322
799	224
800	92040
801	199
802	2518
803	192
804	5464
805	6707
806	1542
807	346
808	4678
809	337
810	15855
811	202
812	2567
813	324
814	1532
815	2564
816	3451
817	223
818	1629
819	256
820	16569
821	233
822	1338
823	249
824	2671
825	1870
826	1315
827	172
828	2346
829	224
830	6955
831	206
832	2298
833	198
834	1327
835	1177
836	1774
837	218
838	1064
839	175
840	16083
841	162
842	1143
843	174
844	1951
845	1899
846	1138
847	152
848	2308
849	183
850	5509
851	157
852	1687
853	200
854	954
855	1244
856	1746
857	145
858	1055
859	154
860	8552
861	158
862	884
863	147
864	3901
865	1113
866	883
867	151
868	1420
869	188
870	4047
871	139
872	1572
873	156
874	1030
875	795
876	1481
877	118
878	791
879	191
880	9509
881	111
882	895
883	111
884	1596
885	1136
886	782
887	144
888	1769
889	146
890	3846
891	115
892	1234
893	136
894	923
895	738
896	1520
897	145
898	795
899	123
900	9168
901	117
902	737
903	136
904	1635
905	765
906	898
907	97
908	1426
909	125
910	2928
911	93
912	1553
913	108
914	710
915	605
916	1118
917	111
918	759
919	102
920	7150
921	122
922	648
923	99
924	1434
925	770
926	644
927	129
928	1421
929	122
930	2885
931	98
932	1041
933	97
934	678
935	580
936	1300
937	92
938	624
939	100
940	3940
941	82
942	631
943	96
944	1168
945	603
946	555
947	94
948	1086
949	93
950	1989
951	94
952	1048
953	87
954	565
955	386
956	929
957	82
958	526
959	88
960	40287
961	79
962	952
963	70
964	2969
965	2250
966	1065
967	126
968	3093
969	226
970	6688
971	101
972	1896
973	225
974	751
975	1480
976	2095
977	140
978	964
979	128
980	8496
981	192
982	585
983	141
984	1926
985	942
986	687
987	139
988	1230
989	164
990	4629
991	127
992	1520
993	138
994	653
995	777
996	1231
997	118
998	677
999	158
1000	7683
1001	111
1002	782
1003	102
1004	1131
1005	898
1006	572
1007	97
1008	1706
1009	93
1010	2755
1011	83
1012	938
1013	134
1014	628
1015	597
1016	995
1017	108
1018	583
1019	77
1020	5494
1021	101
1022	462
1023	99
1024	1120
1025	550
1026	564
1027	66
1028	953
1029	128
1030	2101
1031	87
1032	1026
1033	96
1034	486
1035	465
1036	751
1037	70
1038	516
1039	66
1040	5397
1041	90
1042	478
1043	67
1044	940
1045	602
1046	416
1047	86
1048	902
1049	76
1050	2449
1051	74
1052	757
1053	98
1054	449
1055	448
1056	996
1057	67
1058	447
1059	79
1060	3154
1061	85
1062	411
1063	76
1064	708
1065	373
1066	389
1067	54
1068	740
1069	59
1070	1549
1071	68
1072	678
1073	48
1074	385
1075	313
1076	579
1077	72
1078	361
1079	45
1080	15596
1081	45
1082	465
1083	72
1084	1167
1085	1016
1086	686
1087	72
1088	1454
1089	117
1090	2614
1091	62
1092	1066
1093	109
1094	390
1095	851
1096	1082
1097	87
1098	534
1099	62
1100	3646
1101	100
1102	370
1103	120
1104	1089
1105	437
1106	408
1107	104
1108	686
1109	81
1110	2113
1111	60
1112	800
1113	72
1114	393
1115	358
1116	715
1117	58
1118	364
1119	78
1120	3833
1121	48
1122	393
1123	60
1124	726
1125	538
1126	401
1127	67
1128	885
1129	60
1130	1567
1131	67
1132	583
1133	90
1134	396
1135	356
1136	658
1137	68
1138	371
1139	46
1140	3132
1141	56
1142	315
1143	78
1144	682
1145	315
1146	349
1147	49
1148	557
1149	59
1150	1298
1151	44
1152	1354
1153	67
1154	308
1155	302
1156	567
1157	62
1158	347
1159	50
1160	2826
1161	41
1162	370
1163	42
1164	572
1165	271
1166	270
1167	70
1168	685
1169	52
1170	1352
1171	42
1172	557
1173	59
1174	287
1175	236
1176	626
1177	52
1178	285
1179	51
1180	1668
1181	41
1182	355
1183	45
1184	536
1185	264
1186	259
1187	41
1188	524
1189	36
1190	901
1191	60
1192	517
1193	38
1194	256
1195	190
1196	467
1197	55
1198	221
1199	41
1200	33385
1201	40
1202	714
1203	37
1204	1617
1205	2175
1206	583
1207	67
1208	1522
1209	97
1210	4537
1211	40
1212	964
1213	79
1214	423
1215	1055
1216	947
1217	52
1218	426
1219	60
1220	5479
1221	72
1222	306
1223	76
1224	951
1225	648
1226	305
1227	58
1228	601
1229	68
1230	2704
1231	39
1232	651
1233	61
1234	281
1235	425
1236	500
1237	40
1238	266
1239	68
1240	4667
1241	32
1242	329
1243	39
1244	530
1245	652
1246	230
1247	45
1248	682
1249	49
1250	1723
1251	45
1252	423
1253	49
1254	324
1255	347
1256	453
1257	55
1258	262
1259	37
1260	3246
1261	43
1262	214
1263	55
1264	483
1265	393
1266	249
1267	29
1268	403
1269	63
1270	1195
1271	42
1272	509
1273	37
1274	217
1275	300
1276	367
1277	45
1278	239
1279	40
1280	5574
1281	36
1282	221
1283	44
1284	590
1285	410
1286	210
1287	36
1288	588
1289	31
1290	1708
1291	27
1292	389
1293	57
1294	224
1295	311
1296	756
1297	44
1298	212
1299	32
1300	2108
1301	65
1302	245
1303	48
1304	458
1305	276
1306	238
1307	34
1308	372
1309	43
1310	995
1311	43
1312	379
1313	41
1314	189
1315	178
1316	351
1317	31
1318	164
1319	33
1320	2789
1321	30
1322	181
1323	32
1324	354
1325	328
1326	205
1327	28
1328	427
1329	38
1330	1000
1331	25
1332	359
1333	45
1334	169
1335	263
1336	353
1337	18
1338	170
1339	30
1340	1425
1341	43
1342	164
1343	25
1344	399
1345	213
1346	137
1347	37
1348	298
1349	36
1350	921
1351	27
1352	298
1353	28
1354	138
1355	148
1356	317
1357	23
1358	153
1359	28
1360	1766
1361	31
1362	164
1363	21
1364	268
1365	230
1366	143
1367	30
1368	348
1369	23
1370	741
1371	25
1372	217
1373	21
1374	150
1375	153
1376	301
1377	27
1378	155
1379	17
1380	1340
1381	28
1382	92
1383	26
1384	249
1385	154
1386	162
1387	21
1388	235
1389	23
1390	553
1391	27
1392	285
1393	20
1394	100
1395	151
1396	200
1397	23
1398	117
1399	24
1400	1483
1401	23
1402	129
1403	23
1404	222
1405	143
1406	137
1407	27
1408	267
1409	15
1410	613
1411	19
1412	199
1413	25
1414	105
1415	131
1416	231
1417	25
1418	127
1419	28
1420	778
1421	7
1422	119
1423	22
1424	220
1425	145
1426	118
1427	17
1428	202
1429	12
1430	411
1431	19
1432	166
1433	16
1434	126
1435	107
1436	133
1437	27
1438	96
1439	14
1440	17803
1441	14
1442	306
1443	17
1444	1025
1445	981
1446	400
1447	28
1448	1227
1449	75
1450	2694
1451	21
1452	634
1453	68
1454	246
1455	683
1456	696
1457	41
1458	275
1459	51
1460	3103
1461	77
1462	162
1463	59
1464	632
1465	367
1466	205
1467	61
1468	324
1469	47
1470	1901
1471	36
1472	414
1473	45
1474	193
1475	270
1476	345
1477	34
1478	199
1479	46
1480	2644
1481	34
1482	211
1483	22
1484	316
1485	408
1486	143
1487	26
1488	455
1489	28
1490	961
1491	28
1492	238
1493	63
1494	206
1495	210
1496	306
1497	40
1498	175
1499	27
1500	2223
1501	20
1502	148
1503	39
1504	327
1505	206
1506	153
1507	22
1508	281
1509	34
1510	835
1511	15
1512	338
1513	23
1514	116
1515	197
1516	207
1517	33
1518	156
1519	32
1520	1937
1521	26
1522	136
1523	17
1524	274
1525	198
1526	130
1527	29
1528	284
1529	21
1530	1032
1531	18
1532	206
1533	26
1534	152
1535	139
1536	376
1537	34
1538	159
1539	23
1540	1066
1541	29
1542	149
1543	16
1544	203
1545	177
1546	153
1547	17
1548	244
1549	27
1550	571
1551	35
1552	209
1553	36
1554	117
1555	112
1556	173
1557	31
1558	88
1559	17
1560	1836
1561	22
1562	110
1563	24
1564	172
1565	153
1566	119
1567	20
1568	245
1569	20
1570	554
1571	14
1572	197
1573	15
1574	100
1575	180
1576	192
1577	17
1578	143
1579	9
1580	822
1581	17
1582	78
1583	17
1584	209
1585	99
1586	95
1587	28
1588	181
1589	13
1590	491
1591	11
1592	147
1593	12
1594	105
1595	92
1596	164
1597	19
1598	64
1599	29
1600	29576
1601	17
1602	573
1603	7
1604	1364
1605	2000
1606	296
1607	55
1608	1138
1609	60
1610	4009
1611	22
1612	434
1613	30
1614	237
1615	688
1616	546
1617	33
1618	189
1619	34
1620	5799
1621	39
1622	126
1623	34
1624	480
1625	507
1626	180
1627	27
1628	338
1629	39
1630	2100
1631	13
1632	340
1633	30
1634	152
1635	402
1636	250
1637	29
1638	151
1639	25
1640	3828
1641	23
1642	126
1643	21
1644	298
1645	505
1646	119
1647	38
1648	306
1649	27
1650	1381
1651	21
1652	192
1653	24
1654	121
1655	280
1656	219
1657	15
1658	109
1659	19
1660	2292
1661	19
1662	111
1663	22
1664	236
1665	294
1666	91
1667	16
1668	218
1669	15
1670	886
1671	21
1672	168
1673	19
1674	101
1675	176
1676	145
1677	30
1678	95
1679	11
1680	2644
1681	17
1682	77
1683	12
1684	220
1685	262
1686	110
1687	20
1688	224
1689	28
1690	1023
1691	12
1692	170
1693	17
1694	87
1695	195
1696	195
1697	15
1698	117
1699	23
1700	1452
1701	19
1702	86
1703	15
1704	176
1705	173
1706	76
1707	16
1708	154
1709	15
1710	674
1711	5
1712	134
1713	16
1714	73
1715	131
1716	136
1717	18
1718	76
1719	10
1720	1724
1721	10
1722	79
1723	7
1724	162
1725	191
1726	75
1727	12
1728	392
1729	11
1730	618
1731	9
1732	106
1733	14
1734	78
1735	133
1736	96
1737	7
1738	66
1739	17
1740	974
1741	8
1742	47
1743	23
1744	111
1745	121
1746	65
1747	7
1748	120
1749	15
1750	463
1751	5
1752	125
1753	10
1754	58
1755	121
1756	97
1757	11
1758	92
1759	6
1760	1156
1761	15
1762	69
1763	18
1764	135
1765	116
1766	69
1767	16
1768	136
1769	12
1770	486
1771	8
1772	103
1773	21
1774	56
1775	99
1776	117
1777	8
1778	70
1779	11
1780	818
1781	9
1782	85
1783	8
1784	112
1785	105
1786	63
1787	6
1788	118
1789	15
1790	360
1791	10
1792	106
1793	7
1794	60
1795	83
1796	95
1797	10
1798	41
1799	10
1800	4557
1801	9
1802	100
1803	8
1804	233
1805	308
1806	111
1807	15
1808	269
1809	20
1810	714
1811	7
1812	169
1813	16
1814	70
1815	194
1816	170
1817	12
1818	77
1819	13
1820	986
1821	16
1822	57
1823	8
1824	170
1825	124
1826	64
1827	15
1828	126
1829	13
1830	497
1831	20
1832	98
1833	20
1834	58
1835	92
1836	110
1837	8
1838	42
1839	14
1840	1339
1841	11
1842	73
1843	8
1844	120
1845	161
1846	54
1847	7
1848	151
1849	8
1850	444
1851	8
1852	94
1853	7
1854	59
1855	103
1856	99
1857	9
1858	60
1859	10
1860	739
1861	3
1862	38
1863	9
1864	102
1865	72
1866	70
1867	7
1868	113
1869	14
1870	355
1871	10
1872	106
1873	7
1874	46
1875	74
1876	87
1877	2
1878	48
1879	11
1880	656
1881	9
1882	47
1883	11
1884	117
1885	70
1886	44
1887	6
1888	90
1889	3
1890	350
1891	2
1892	66
1893	12
1894	36
1895	67
1896	91
1897	10
1898	37
1899	5
1900	506
1901	2
1902	69
1903	7
1904	75
1905	69
1906	36
1907	9
1908	66
1909	8
1910	250
1911	9
1912	63
1913	7
1914	36
1915	52
1916	62
1917	6
1918	32
1919	4
1920	4979
1922	85
1923	8
1924	328
1925	201
1926	135
1927	4
1928	381
1929	19
1930	798
1931	8
1932	213
1933	22
1934	67
1935	194
1936	256
1937	14
1938	93
1939	7
1940	1023
1941	19
1942	65
1943	11
1944	253
1945	105
1946	68
1947	20
1948	111
1949	22
1950	572
1951	12
1952	177
1953	12
1954	74
1955	80
1956	126
1957	15
1958	63
1959	18
1960	982
1961	18
1962	63
1963	7
1964	111
1965	118
1966	67
1967	10
1968	188
1969	11
1970	375
1971	18
1972	91
1973	16
1974	50
1975	73
1976	93
1977	10
1978	61
1979	8
1980	784
1981	10
1982	47
1983	15
1984	111
1985	75
1986	59
1987	9
1988	101
1989	16
1990	267
1991	8
1992	105
1993	10
1994	48
1995	66
1996	59
1997	9
1998	61
1999	7
2000	953
2001	8
2002	32
2003	4
2004	93
2005	80
2006	34
2007	16
2008	84
2009	9
2010	358
2011	8
2012	66
2013	12
2014	31
2015	59
2016	104
2017	8
2018	48
2019	7
2020	402
2021	9
2022	49
2023	12
2024	77
2025	61
2026	37
2027	7
2028	75
2029	10
2030	237
2031	9
2032	49
2033	9
2034	43
2035	40
2036	68
2037	7
2038	33
2039	5
2040	658
2041	7
2042	30
2043	6
2044	57
2045	46
2046	35
2047	7
2048	76
2049	9
2050	231
2051	9
2052	71
2053	10
2054	35
2055	59
2056	59
2057	6
2058	36
2059	5
2060	318
2061	1
2062	26
2063	5
2064	67
2065	35
2066	35
2067	6
2068	47
2069	14
2070	186
2071	3
2072	52
2073	8
2074	29
2075	34
2076	54
2077	4
2078	25
2079	8
2080	523
2081	3
2082	33
2083	3
2084	54
2085	68
2086	30
2087	6
2088	63
2089	8
2090	181
2091	3
2092	57
2093	7
2094	33
2095	32
2096	57
2097	9
2098	23
2099	6
2100	327
2101	5
2102	18
2103	3
2104	37
2105	36
2106	36
2107	3
2108	49
2109	5
2110	142
2111	2
2112	44
2113	2
2114	15
2115	23
2116	38
2117	1
2118	25
2119	2
2120	345
2121	3
2122	17
2123	6
2124	40
2125	32
2126	13
2127	9
2128	48
2129	7
2130	147
2131	1
2132	26
2133	7
2134	17
2135	32
2136	39
2137	2
2138	16
2139	3
2140	233
2141	3
2142	21
2143	7
2144	32
2145	36
2146	19
2147	4
2148	27
2149	5
2150	101
2151	1
2152	27
2153	3
2154	21
2155	26
2156	24
2157	4
2158	14
2159	5
2160	3669
2161	3
2162	49
2163	4
2164	204
2165	210
2166	108
2167	6
2168	245
2169	23
2170	554
2171	5
2172	144
2173	16
2174	37
2175	176
2176	165
2177	9
2178	74
2179	15
2180	694
2181	15
2182	30
2183	11
2184	139
2185	81
2186	44
2187	14
2188	74
2189	8
2190	459
2191	10
2192	76
2193	10
2194	53
2195	78
2196	85
2197	9
2198	55
2199	15
2200	639
2201	8
2202	54
2203	6
2204	80
2205	92
2206	37
2207	12
2208	111
2209	12
2210	264
2211	11
2212	46
2213	10
2214	40
2215	74
2216	56
2217	5
2218	44
2219	5
2220	535
2221	5
2222	36
2223	15
2224	83
2225	54
2226	33
2227	4
2228	80
2229	18
2230	204
2231	6
2232	65
2233	3
2234	33
2235	54
2236	50
2237	9
2238	37
2239	4
2240	439
2241	11
2242	24
2243	7
2244	68
2245	41
2246	25
2247	8
2248	53
2249	5
2250	235
2251	6
2252	57
2253	16
2254	33
2255	34
2256	64
2257	9
2258	31
2259	2
2260	273
2261	6
2262	28
2263	5
2264	57
2265	46
2266	27
2267	4
2268	64
2269	6
2270	147
2271	9
2272	39
2273	10
2274	29
2275	25
2276	43
2277	5
2278	27
2279	4
2280	424
2281	2
2282	36
2283	9
2284	54
2285	52
2286	26
2287	8
2288	54
2289	5
2290	147
2291	3
2292	45
2293	4
2294	26
2295	45
2296	44
2297	2
2298	30
2299	3
2300	212
2301	8
2302	18
2303	6
2304	84
2305	23
2306	20
2307	10
2308	37
2309	4
2310	127
2311	3
2312	42
2313	1
2314	26
2315	15
2316	46
2317	5
2318	17
2319	9
2320	311
2321	4
2322	27
2323	2
2324	38
2325	44
2326	15
2327	3
2328	40
2329	3
2330	98
2331	5
2332	36
2333	3
2334	21
2335	25
2336	33
2337	4
2338	27
2339	2
2340	243
2341	4
2342	15
2343	4
2344	48
2345	23
2346	27
2348	36
2349	3
2350	104
2352	52
2353	3
2354	14
2355	23
2356	22
2357	5
2358	15
2359	5
2360	198
2361	9
2362	21
2363	5
2364	41
2365	22
2366	16
2367	4
2368	40
2369	2
2370	126
2372	23
2373	1
2374	15
2375	20
2376	47
2377	1
2378	16
2379	3
2380	141
2381	3
2382	21
2383	2
2384	23
2385	22
2386	21
2388	37
2389	4
2390	51
2391	4
2392	20
2393	4
2394	17
2395	10
2396	24
2397	4
2398	16
2399	3
2400	13900
2401	3
2402	199
2403	5
2404	571
2405	930
2406	203
2407	13
2408	516
2409	25
2410	1925
2411	5
2412	263
2413	24
2414	97
2415	432
2416	243
2417	16
2418	97
2419	19
2420	2007
2421	21
2422	50
2423	14
2424	222
2425	243
2426	45
2427	23
2428	112
2429	8
2430	1119
2431	7
2432	132
2433	8
2434	66
2435	160
2436	79
2437	7
2438	48
2439	6
2440	1604
2441	1
2442	69
2443	8
2444	99
2445	243
2446	50
2447	8
2448	130
2449	11
2450	606
2451	8
2452	64
2453	12
2454	63
2455	139
2456	62
2457	5
2458	37
2459	7
2460	1144
2461	11
2462	34
2463	10
2464	81
2465	131
2466	37
2467	5
2468	65
2469	7
2470	374
2471	5
2472	68
2473	4
2474	29
2475	101
2476	50
2477	6
2478	33
2479	6
2480	929
2481	5
2482	15
2483	4
2484	82
2485	113
2486	25
2487	9
2488	59
2489	5
2490	488
2491	6
2492	49
2493	9
2494	34
2495	69
2496	58
2497	3
2498	44
2499	9
2500	564
2501	4
2502	27
2503	6
2504	56
2505	76
2506	26
2507	3
2508	50
2509	4
2510	244
2511	11
2512	30
2513	4
2514	21
2515	36
2516	32
2517	10
2518	24
2519	2
2520	817
2521	3
2522	23
2523	3
2524	59
2525	88
2526	28
2527	4
2528	67
2529	6
2530	294
2531	2
2532	34
2533	5
2534	21
2535	71
2536	53
2537	3
2538	19
2539	5
2540	352
2541	6
2542	19
2543	6
2544	64
2545	40
2546	16
2547	2
2548	43
2549	4
2550	223
2551	3
2552	30
2553	2
2554	15
2555	43
2556	38
2557	2
2558	19
2559	6
2560	595
2561	3
2562	21
2563	2
2564	38
2565	59
2566	16
2567	1
2568	59
2569	7
2570	185
2571	1
2572	36
2573	6
2574	21
2575	48
2576	46
2577	6
2578	14
2579	4
2580	401
2581	4
2582	17
2583	5
2584	41
2585	47
2586	24
2587	5
2588	26
2589	5
2590	163
2591	4
2592	108
2593	4
2594	21
2595	37
2596	25
2597	2
2598	25
2599	3
2600	415
2601	6
2602	20
2603	1
2604	40
2605	35
2606	11
2607	6
2608	38
2609	7
2610	148
2612	32
2613	6
2614	18
2615	30
2616	29
2617	3
2618	14
2619	6
2620	238
2621	5
2622	18
2623	2
2624	35
2625	39
2626	15
2627	3
2628	30
2629	8
2630	95
2631	3
2632	12
2634	12
2635	20
2636	20
2637	3
2638	16
2639	2
2640	439
2641	2
2642	12
2643	4
2644	34
2645	45
2646	15
2647	1
2648	40
2649	3
2650	154
2651	3
2652	34
2653	3
2654	12
2655	53
2656	29
2657	5
2658	17
2659	5
2660	188
2661	2
2662	8
2663	2
2664	39
2665	19
2666	18
2667	4
2668	36
2669	2
2670	137
2671	1
2672	20
2673	3
2674	7
2675	26
2676	16
2678	14
2679	4
2680	206
2681	2
2682	12
2683	3
2684	19
2685	25
2686	14
2687	2
2688	26
2689	2
2690	85
2691	3
2692	20
2693	2
2694	15
2695	22
2696	22
2697	4
2698	12
2699	3
2700	344
2701	6
2702	9
2703	3
2704	22
2705	24
2706	12
2708	23
2709	1
2710	97
2711	3
2712	24
2713	1
2714	7
2715	25
2716	18
2717	2
2718	13
2719	2
2720	205
2722	8
2724	27
2725	19
2726	8
2727	3
2728	28
2729	2
2730	76
2731	1
2732	15
2733	3
2734	5
2735	18
2736	28
2737	2
2738	12
2739	3
2740	114
2742	7
2743	2
2744	19
2745	19
2746	7
2748	23
2750	56
2751	3
2752	15
2753	2
2754	11
2755	13
2756	17
2757	2
2758	8
2759	3
2760	218
2761	3
2762	5
2763	1
2764	21
2765	7
2766	11
2767	3
2768	25
2769	2
2770	67
2771	1
2772	23
2773	4
2774	10
2775	27
2776	25
2777	2
2778	8
2779	2
2780	113
2781	1
2782	3
2784	18
2785	19
2786	8
2787	3
2788	13
2790	97
2791	3
2792	8
2793	1
2794	13
2795	15
2796	12
2797	2
2798	10
2799	1
2800	196
2801	1
2802	17
2803	1
2804	24
2805	25
2806	4
2807	2
2808	21
2810	70
2812	10
2814	8
2815	9
2816	12
2817	5
2818	6
2819	3
2820	121
2821	4
2822	7
2823	3
2824	13
2825	16
2826	7
2827	2
2828	14
2830	54
2831	3
2832	21
2833	2
2834	4
2835	15
2836	9
2837	2
2838	7
2839	3
2840	102
2841	3
2842	5
2843	2
2844	12
2845	12
2846	5
2848	15
2849	1
2850	58
2851	2
2852	13
2853	2
2854	4
2855	9
2856	11
2858	4
2859	2
2860	64
2861	1
2862	10
2863	2
2864	9
2865	12
2866	3
2867	1
2868	9
2870	48
2872	10
2873	3
2874	5
2875	4
2876	6
2877	1
2878	6
2879	2
2880	2440
2881	2
2882	35
2883	1
2884	136
2885	97
2886	74
2887	2
2888	190
2889	9
2890	362
2891	1
2892	94
2893	11
2894	25
2895	108
2896	94
2897	3
2898	41
2899	2
2900	407
2901	3
2902	13
2903	4
2904	81
2905	40
2906	18
2907	12
2908	44
2909	11
2910	301
2911	3
2912	48
2913	3
2914	24
2915	54
2916	31
2917	4
2918	17
2919	3
2920	365
2921	2
2922	29
2923	2
2924	31
2925	63
2926	22
2928	63
2929	2
2930	154
2931	10
2932	24
2933	5
2934	20
2935	28
2936	29
2937	2
2938	21
2939	2
2940	354
2941	3
2942	19
2943	3
2944	40
2945	21
2946	13
2947	1
2948	45
2949	3
2950	117
2951	3
2952	32
2953	5
2954	10
2955	28
2956	26
2957	6
2958	10
2959	2
2960	258
2961	6
2962	13
2963	4
2964	34
2965	21
2966	17
2967	3
2968	23
2969	3
2970	129
2971	2
2972	23
2973	4
2974	13
2975	27
2976	39
2977	3
2978	18
2979	2
2980	148
2981	5
2982	16
2983	2
2984	17
2985	19
2986	13
2987	4
2988	22
2989	1
2990	65
2991	2
2992	14
2993	5
2994	9
2995	20
2996	19
2997	6
2998	13
2999	1
3000	286
3001	4
3002	14
3003	4
3004	26
3005	20
3006	9
3007	2
3008	20
3009	3
3010	77
3011	4
3012	25
3013	3
3014	7
3015	21
3016	16
3017	1
3018	15
3019	1
3020	106
3021	7
3022	12
3023	2
3024	28
3025	21
3026	20
3027	3
3028	17
3029	2
3030	92
3032	12
3034	9
3035	17
3036	19
3037	1
3038	11
3039	2
3040	154
3041	1
3042	13
3043	1
3044	20
3045	16
3046	10
3047	2
3048	21
3049	4
3050	73
3051	1
3052	11
3054	10
3055	13
3056	11
3057	2
3058	12
3059	2
3060	154
3061	1
3062	4
3063	2
3064	15
3065	9
3066	12
3068	16
3069	3
3070	54
3071	1
3072	18
3073	1
3074	7
3075	18
3076	16
3077	3
3078	7
3079	2
3080	128
3081	2
3082	6
3084	13
3085	10
3086	5
3087	3
3088	16
3089	1
3090	59
3091	1
3092	13
3093	4
3094	5
3095	9
3096	14
3097	1
3098	8
3099	1
3100	76
3101	1
3102	5
3104	12
3105	8
3106	9
3108	9
3110	27
3111	1
3112	9
3114	4
3115	5
3116	8
3117	3
3119	1
3120	162
3121	2
3122	8
3123	2
3124	6
3125	15
3126	14
3128	9
3129	3
3130	39
3131	1
3132	15
3133	3
3134	3
3135	11
3136	9
3137	1
3138	3
3139	3
3140	75
3141	1
3142	2
3143	1
3144	13
3145	8
3146	2
3147	1
3148	6
3149	1
3150	54
3152	15
3153	1
3154	9
3155	9
3156	4
3158	5
3159	2
3160	64
3161	1
3162	5
3164	6
3165	9
3166	2
3167	1
3168	17
3170	30
3171	1
3172	7
3173	2
3174	3
3175	5
3176	6
3177	2
3178	4
3179	1
3180	84
3182	7
3183	2
3184	12
3185	5
3186	8
3187	1
3188	15
3190	29
3191	1
3192	8
3193	1
3194	2
3195	9
3196	5
3197	1
3198	7
3199	1
3200	6147
3202	90
3204	287
3205	366
3206	58
3207	7
3208	264
3209	11
3210	812
3211	1
3212	99
3213	3
3214	39
3215	142
3216	110
3217	3
3218	37
3219	8
3220	932
3221	7
3222	24
3223	2
3224	93
3225	115
3226	26
3227	4
3228	43
3229	6
3230	477
3231	3
3232	45
3233	3
3234	25
3235	80
3236	26
3237	2
3238	17
3239	2
3240	1160
3241	3
3242	24
3243	1
3244	50
3245	127
3246	33
3247	7
3248	74
3249	5
3250	308
3251	6
3252	37
3253	4
3254	15
3255	82
3256	40
3257	4
3258	14
3259	3
3260	591
3261	7
3262	11
3263	6
3264	45
3265	52
3266	18
3268	27
3269	3
3270	216
3271	2
3272	28
3273	3
3274	15
3275	42
3276	22
3277	3
3278	19
3279	2
3280	489
3281	5
3282	11
3283	1
3284	32
3285	57
3286	13
3287	3
3288	30
3289	3
3290	196
3291	3
3292	19
3293	3
3294	16
3295	31
3296	26
3298	21
3299	6
3300	339
3301	1
3302	5
3303	3
3304	21
3305	22
3306	9
3308	24
3309	2
3310	101
3311	1
3312	34
3314	10
3315	29
3316	9
3317	5
3318	5
3319	2
3320	418
3321	1
3322	11
3323	2
3324	24
3325	38
3326	15
3327	2
3328	29
3329	3
3330	141
3331	4
3332	17
3333	2
3334	12
3335	29
3336	20
3337	2
3338	15
3339	4
3340	199
3342	16
3343	2
3344	19
3345	22
3346	9
3347	1
3348	16
3349	3
3350	85
3352	8
3353	2
3354	13
3355	17
3356	11
3357	2
3358	8
3360	245
3361	1
3362	2
3363	3
3364	11
3365	16
3366	7
3367	3
3368	25
3369	2
3370	81
3371	1
3372	18
3373	3
3374	2
3375	19
3376	9
3377	1
3378	11
3379	5
3380	189
3381	2
3382	5
3383	2
3384	21
3385	10
3386	9
3387	1
3388	18
3389	2
3390	90
3392	11
3394	1
3395	14
3396	9
3397	3
3398	6
3399	1
3400	187
3401	1
3402	2
3403	2
3404	7
3405	18
3406	8
3407	2
3408	15
3409	1
3410	74
3411	3
3412	10
3413	2
3414	4
3415	9
3416	10
3417	2
3418	6
3420	113
3422	3
3424	11
3425	11
3426	9
3427	2
3428	10
3429	1
3430	61
3431	1
3432	5
3433	2
3434	4
3435	9
3436	9
3437	1
3438	5
3439	2
3440	165
3441	2
3442	5
3443	1
3444	15
3445	17
3446	2
3448	10
3449	3
3450	72
3451	2
3452	11
3453	1
3454	4
3455	8
3456	25
3457	3
3458	4
3459	1
3460	98
3461	1
3463	3
3464	10
3465	15
3466	5
3468	12
3470	49
3471	4
3472	18
3474	9
3475	6
3476	5
3478	5
3480	119
3482	3
3483	1
3484	9
3485	14
3486	6
3487	3
3488	14
3490	50
3491	1
3492	12
3493	2
3494	6
3495	17
3496	7
3498	8
3499	2
3500	77
3501	1
3502	5
3503	1
3504	10
3505	7
3506	3
3508	9
3510	50
3512	7
3513	2
3514	6
3515	10
3516	8
3517	1
3518	2
3519	1
3520	65
3521	1
3522	4
3523	1
3524	6
3525	13
3526	3
3527	2
3528	14
3529	1
3530	41
3532	7
3533	1
3534	4
3535	8
3536	6
3537	2
3538	3
3539	2
3540	62
3541	3
3542	5
3543	2
3544	7
3545	10
3546	6
3548	12
3549	2
3550	25
3551	1
3552	6
3553	2
3554	3
3555	8
3556	4
3557	1
3558	4
3559	1
3560	81
3561	1
3562	2
3563	1
3564	7
3565	8
3566	3
3567	1
3568	11
3569	1
3570	31
3572	3
3574	2
3575	3
3576	8
3578	7
3579	1
3580	56
3581	2
3582	5
3584	8
3585	9
3586	3
3587	2
3588	14
3589	1
3590	33
3592	4
3593	2
3594	1
3595	5
3596	1
3598	2
3600	2357
3602	33
3603	1
3604	86
3605	153
3606	54
3607	3
3608	82
3609	13
3610	306
3612	41
3613	3
3614	10
3615	94
3616	52
3618	28
3619	4
3620	338
3621	3
3622	12
3623	3
3624	46
3625	31
3626	10
3627	7
3628	18
3629	1
3630	235
3631	5
3632	19
3633	2
3634	15
3635	33
3636	26
3638	18
3639	2
3640	303
3641	2
3642	12
3643	3
3644	21
3645	42
3646	5
3648	35
3649	1
3650	142
3651	1
3652	14
3653	2
3654	8
3655	20
3656	13
3657	2
3658	8
3659	2
3660	209
3661	4
3662	13
3663	2
3664	17
3665	32
3666	7
3668	5
3669	1
3670	110
3671	2
3672	19
3673	2
3674	11
3675	23
3676	10
3677	1
3678	8
3679	3
3680	222
3681	1
3682	4
3683	2
3684	26
3685	21
3686	6
3687	1
3688	15
3690	118
3691	2
3692	9
3694	10
3695	14
3696	15
3697	2
3698	2
3699	2
3700	148
3701	2
3702	12
3703	2
3704	13
3705	11
3706	2
3707	4
3708	11
3709	2
3710	56
3712	13
3714	10
3715	6
3716	9
3717	2
3718	4
3720	181
3722	5
3723	1
3724	6
3725	12
3726	9
3727	1
3728	15
3729	2
3730	60
3731	1
3732	18
3733	3
3734	3
3735	17
3736	10
3738	6
3740	84
3742	4
3743	1
3744	15
3745	7
3746	5
3747	1
3748	16
3749	2
3750	57
3751	2
3752	12
3754	4
3755	9
3756	13
3757	2
3758	2
3759	1
3760	93
3762	8
3763	1
3764	8
3765	18
3766	5
3767	2
3768	11
3770	40
3771	2
3772	10
3773	2
3774	3
3775	15
3776	7
3778	2
3779	2
3780	88
3782	2
3783	1
3784	11
3785	15
3786	6
3788	10
3789	1
3790	28
3791	1
3792	10
3793	1
3795	14
3796	6
3798	2
3800	107
3801	1
3802	4
3803	2
3804	7
3805	11
3806	4
3807	3
3808	5
3810	43
3811	1
3812	2
3813	1
3814	3
3815	4
3816	12
3818	4
3819	1
3820	37
3821	1
3822	3
3823	1
3824	8
3825	3
3826	5
3827	1
3828	8
3830	24
3831	2
3832	3
3834	2
3835	4
3836	3
3838	2
3840	377
3842	6
3844	19
3845	11
3846	7
3848	31
3849	1
3850	71
3852	24
3854	6
3855	25
3856	15
3857	5
3858	6
3859	2
3860	84
3861	3
3862	3
3863	1
3864	16
3865	10
3866	7
3867	1
3868	9
3869	3
3870	67
3871	1
3872	13
3873	1
3874	6
3875	6
3876	8
3877	3
3878	5
3879	1
3880	75
3881	1
3882	5
3884	7
3885	13
3886	3
3887	2
3888	17
3890	47
3891	1
3892	4
3893	2
3894	2
3895	7
3896	5
3897	1
3898	4
3899	1
3900	84
3901	1
3902	3
3903	1
3904	9
3905	8
3906	2
3908	3
3910	25
3912	4
3914	6
3915	11
3916	6
3917	1
3918	9
3920	86
3921	2
3922	1
3923	1
3924	7
3925	9
3926	3
3927	2
3928	9
3929	1
3930	41
3932	5
3933	2
3934	5
3935	8
3936	11
3937	1
3938	4
3939	1
3940	56
3941	1
3942	4
3943	2
3944	3
3945	4
3946	2
3947	1
3948	6
3949	1
3950	28
3951	1
3952	3
3953	2
3954	2
3955	7
3956	4
3958	2
3959	2
3960	74
3962	2
3964	4
3965	5
3966	8
3967	3
3968	10
3970	23
3971	1
3972	10
3974	4
3975	5
3976	4
3978	6
3979	1
3980	32
3981	1
3982	3
3983	1
3984	8
3985	5
3986	3
3988	9
3989	4
3990	28
3991	1
3992	5
3993	2
3994	1
3995	1
3996	6
3998	1
4000	98
4002	4
4003	1
4004	10
4005	4
4006	1
4007	2
4008	8
4009	1
4010	29
4011	1
4012	6
4013	2
4014	2
4015	7
4016	9
4020	56
4022	1
4023	1
4024	6
4025	8
4026	3
4027	1
4028	2
4030	16
4031	1
4032	5
4034	3
4035	3
4036	5
4038	3
4040	34
4042	2
4044	5
4045	4
4046	4
4047	1
4048	5
4050	22
4052	7
4054	2
4055	4
4056	8
4057	1
4058	3
4059	1
4060	17
4062	6
4063	3
4064	5
4065	5
4066	3
4067	1
4068	3
4069	1
4070	23
4072	6
4074	2
4075	1
4076	2
4078	1
4080	69
4084	4
4085	3
4086	1
4088	7
4090	15
4092	7
4094	6
4095	4
4096	7
4097	1
4098	3
4100	23
4101	1
4102	1
4104	7
4105	2
4106	4
4108	4
4109	2
4110	14
4111	1
4112	3
4114	3
4115	5
4116	3
4118	4
4119	1
4120	30
4122	2
4123	1
4124	2
4125	6
4126	1
4128	8
4129	1
4130	11
4132	3
4134	3
4135	4
4136	3
4138	3
4140	29
4142	2
4144	3
4145	3
4147	1
4148	3
4149	1
4150	11
4152	4
4153	1
4154	1
4155	5
4156	5
4158	2
4160	35
4162	1
4164	5
4165	3
4166	4
4168	3
4170	12
4172	3
4173	1
4174	3
4175	2
4176	2
4180	10
4181	1
4182	4
4183	2
4184	4
4185	8
4186	1
4188	3
4190	12
4191	3
4192	2
4195	4
4196	1
4197	3
4198	1
4200	45
4204	5
4205	5
4206	2
4208	3
4210	18
4211	2
4212	3
4214	1
4215	4
4216	2
4218	3
4220	16
4224	4
4225	3
4226	1
4227	1
4230	16
4232	1
4234	2
4235	2
4236	3
4240	16
4242	2
4244	3
4245	2
4246	1
4248	3
4250	12
4255	3
4256	1
4257	1
4258	5
4260	25
4261	1
4262	1
4264	3
4265	3
4266	1
4268	2
4269	1
4270	7
4271	1
4273	1
4275	4
4276	3
4280	21
4281	1
4282	2
4284	1
4285	1
4286	1
4288	1
4289	1
4290	8
4292	3
4293	1
4294	1
4295	2
4296	4
4299	1
4300	16
4301	1
4302	2
4305	1
4309	1
4310	9
4312	2
4314	1
4315	1
4316	1
4317	1
4318	2
4320	605
4322	6
4324	25
4325	30
4326	26
4327	1
4328	47
4329	1
4330	82
4332	29
4333	2
4334	6
4335	37
4336	24
4337	3
4338	15
4340	99
4341	4
4342	8
4344	22
4345	14
4346	3
4347	4
4348	9
4349	2
4350	66
4351	2
4352	10
4353	1
4354	8
4355	13
4356	12
4357	1
4358	5
4359	2
4360	84
4361	2
4362	4
4364	10
4365	15
4366	3
4367	1
4368	14
4370	40
4372	8
4373	2
4374	8
4375	14
4376	11
4377	1
4378	5
4380	84
4381	3
4382	3
4383	5
4384	10
4385	9
4386	1
4388	5
4389	2
4390	31
4391	2
4392	10
4393	3
4394	3
4395	12
4396	7
4397	2
4398	6
4399	2
4400	79
4401	2
4402	1
4404	7
4405	4
4406	3
4408	11
4409	1
4410	49
4412	2
4414	1
4415	8
4416	6
4417	3
4418	3
4419	1
4420	32
4422	1
4423	1
4424	8
4425	6
4426	3
4427	2
4428	11
4430	19
4431	1
4432	4
4434	6
4435	4
4436	10
4437	1
4438	3
4439	1
4440	65
4441	1
4442	3
4443	1
4444	6
4445	8
4446	5
4448	8
4449	3
4450	30
4451	1
4452	10
4453	1
4455	7
4456	9
4457	1
4458	4
4460	28
4461	1
4462	2
4464	9
4465	2
4466	4
4467	1
4468	5
4469	1
4470	17
4472	5
4475	2
4476	4
4477	2
4478	2
4479	1
4480	30
4481	1
4482	2
4483	1
4484	3
4485	5
4486	2
4487	1
4488	7
4490	10
4492	1
4493	1
4494	2
4495	4
4496	7
4497	1
4499	1
4500	43
4502	2
4503	3
4504	9
4505	6
4506	1
4507	1
4508	3
4510	12
4512	4
4514	2
4515	6
4516	3
4518	2
4520	32
4524	6
4525	2
4526	3
4527	1
4528	4
4530	19
4532	2
4534	1
4535	3
4536	6
4538	1
4539	1
4540	19
4542	3
4544	3
4545	3
4546	2
4548	4
4550	6
4552	2
4555	3
4556	1
4559	1
4560	39
4562	2
4563	1
4564	3
4566	2
4567	1
4568	5
4570	10
4572	3
4574	4
4575	7
4576	2
4577	1
4578	2
4580	23
4581	2
4582	4
4584	3
4585	1
4588	2
4590	12
4592	1
4593	1
4595	3
4596	5
4598	1
4600	21
4602	1
4604	2
4605	4
4606	2
4608	6
4610	9
4612	5
4613	1
4614	1
4615	1
4616	5
4617	1
4618	2
4620	12
4621	1
4622	1
4624	3
4625	2
4626	1
4628	3
4629	1
4630	10
4632	2
4634	1
4635	4
4640	17
4644	2
4645	1
4646	2
4648	2
4650	12
4652	1
4656	3
4658	1
4660	14
4662	1
4664	2
4665	1
4666	2
4667	1
4668	1
4670	5
4674	2
4676	3
4678	2
4680	32
4684	4
4685	2
4686	1
4687	1
4688	3
4690	10
4692	2
4694	4
4695	3
4698	1
4700	11
4701	1
4702	2
4704	5
4705	1
4706	1
4708	1
4710	13
4712	1
4718	2
4720	20
4723	1
4724	3
4725	2
4728	2
4730	7
4731	1
4732	2
4734	3
4735	4
4736	1
4740	18
4743	1
4744	2
4745	2
4746	1
4750	5
4752	3
4755	4
4756	2
4758	2
4760	16
4763	1
4766	1
4768	1
4770	9
4772	2
4776	2
4780	4
4782	2
4785	3
4786	2
4790	3
4795	1
4796	3
4799	2
4800	3609
4802	43
4804	175
4805	194
4806	51
4807	6
4808	156
4809	8
4810	526
4811	1
4812	77
4813	2
4814	17
4815	125
4816	69
4817	2
4818	30
4819	6
4820	518
4821	4
4822	6
4823	5
4824	51
4825	79
4826	9
4827	6
4828	27
4829	1
4830	338
4831	2
4832	29
4833	4
4834	16
4835	56
4836	17
4837	2
4838	14
4839	3
4840	420
4841	1
4842	16
4843	2
4844	29
4845	78
4846	6
4847	1
4848	29
4849	2
4850	156
4851	2
4852	7
4854	15
4855	35
4856	16
4858	9
4859	4
4860	347
4861	3
4862	4
4863	2
4864	23
4865	40
4866	8
4867	2
4868	28
4869	3
4870	112
4871	1
4872	28
4873	4
4874	6
4875	29
4876	11
4878	9
4880	276
4881	2
4882	9
4883	1
4884	24
4885	26
4886	7
4887	2
4888	22
4889	3
4890	158
4892	7
4893	1
4894	8
4895	24
4896	19
4897	1
4898	9
4899	3
4900	170
4901	1
4902	8
4903	5
4904	11
4905	17
4906	2
4908	13
4910	67
4912	8
4914	5
4915	5
4916	7
4918	4
4920	234
4921	1
4922	6
4924	13
4925	17
4926	5
4927	2
4928	13
4930	83
4932	12
4933	2
4934	4
4935	27
4936	7
4937	3
4938	6
4940	95
4941	1
4942	2
4944	13
4945	5
4946	4
4947	3
4948	9
4949	4
4950	64
4951	1
4952	5
4953	1
4954	4
4955	6
4956	6
4957	1
4958	2
4960	125
4961	4
4962	8
4963	1
4964	7
4965	16
4966	2
4968	11
4970	43
4971	1
4972	5
4973	1
4974	4
4975	9
4976	13
4978	6
4980	120
4981	1
4982	2
4983	1
4984	5
4985	10
4986	2
4987	1
4988	9
4989	2
4990	28
4992	16
4994	2
4995	6
4996	3
4998	2
4999	2
5000	118
5002	2
5003	2
5004	6
5005	13
5007	2
5008	11
5010	44
5012	5
5013	2
5014	5
5015	3
5016	6
5018	1
5020	48
5023	1
5024	6
5025	12
5026	1
5028	4
5030	22
5032	3
5033	1
5034	1
5035	1
5036	1
5037	1
5038	1
5040	103
5041	1
5042	2
5043	2
5044	7
5045	8
5046	3
5047	1
5048	6
5049	1
5050	37
5052	2
5053	1
5054	4
5055	3
5056	6
5058	5
5059	1
5060	50
5061	2
5062	5
5064	6
5065	5
5066	1
5068	5
5070	47
5072	2
5074	3
5075	5
5076	4
5078	2
5079	1
5080	48
5081	1
5082	6
5084	2
5085	7
5086	2
5087	1
5088	11
5090	25
5092	2
5094	4
5096	5
5098	3
5100	47
5102	2
5104	3
5105	7
5106	1
5107	1
5108	5
5110	19
5112	3
5114	3
5115	3
5116	2
5118	1
5120	54
5121	1
5122	2
5124	5
5125	8
5126	1
5128	4
5130	25
5131	2
5132	3
5134	1
5135	6
5136	5
5139	1
5140	28
5142	3
5144	2
5145	6
5148	2
5150	7
5152	2
5156	3
5157	1
5158	2
5159	1
5160	62
5164	1
5165	7
5166	2
5168	3
5170	21
5171	1
5172	3
5174	2
5175	8
5176	5
5177	1
5178	3
5180	29
5182	3
5184	3
5185	3
5187	1
5188	3
5190	13
5191	1
5192	1
5194	2
5195	6
5198	1
5199	1
5200	47
5202	1
5203	1
5204	7
5205	10
5208	4
5210	16
5212	1
5213	1
5214	2
5215	3
5216	3
5217	1
5218	1
5220	31
5221	1
5222	2
5224	2
5225	2
5226	4
5228	4
5230	8
5232	5
5234	1
5235	3
5236	3
5238	3
5240	31
5243	2
5244	4
5245	2
5248	3
5250	15
5251	1
5252	2
5255	1
5256	1
5258	2
5259	1
5260	21
5261	1
5264	2
5265	2
5268	4
5270	10
5271	2
5273	1
5274	2
5275	3
5276	2
5279	2
5280	41
5282	2
5283	1
5284	2
5285	4
5288	4
5290	21
5291	1
5292	3
5294	1
5295	3
5296	1
5300	12
5302	1
5304	4
5306	1
5308	1
5310	11
5315	3
5316	4
5317	1
5318	1
5320	16
5322	4
5324	2
5325	2
5326	3
5328	1
5330	6
5331	1
5332	3
5335	3
5336	2
5338	1
5340	20
5341	1
5346	2
5348	1
5350	11
5352	2
5353	1
5355	3
5360	17
5365	1
5368	4
5370	13
5371	1
5374	2
5376	1
5379	1
5380	12
5382	1
5384	2
5386	1
5388	2
5390	10
5392	1
5395	4
5396	1
5400	174
5402	2
5404	6
5405	8
5406	8
5408	3
5409	1
5410	27
5412	6
5414	1
5415	11
5416	4
5420	26
5421	2
5422	1
5424	5
5425	5
5426	1
5428	2
5429	1
5430	17
5431	2
5432	3
5435	1
5436	1
5437	3
5438	2
5440	30
5442	1
5444	2
5445	10
5446	2
5448	4
5449	1
5450	12
5452	3
5454	4
5455	1
5456	2
5458	1
5460	21
5461	1
5463	1
5464	3
5465	3
5466	1
5467	1
5468	3
5469	1
5470	10
5472	4
5474	1
5475	4
5476	1
5478	1
5480	23
5481	1
5482	1
5484	6
5485	3
5486	1
5488	4
5490	12
5491	1
5492	1
5495	1
5496	1
5499	2
5500	8
5502	2
5504	1
5505	3
5506	1
5508	4
5510	3
5511	1
5514	1
5515	1
5516	2
5520	30
5523	1
5524	3
5526	2
5527	1
5528	2
5529	1
5530	16
5532	2
5535	3
5537	1
5538	3
5540	11
5544	2
5545	2
5546	2
5548	1
5550	10
5552	2
5555	1
5556	2
5558	1
5560	12
5561	1
5565	1
5566	1
5568	4
5570	5
5572	1
5575	4
5580	11
5582	1
5584	3
5585	3
5586	1
5588	3
5590	7
5594	1
5595	3
5596	2
5600	34
5601	2
5604	1
5605	1
5606	1
5608	3
5610	19
5614	1
5615	2
5616	2
5617	1
5618	1
5620	5
5622	2
5623	1
5624	2
5625	3
5628	1
5630	5
5631	1
5635	2
5636	1
5640	16
5644	1
5645	2
5647	1
5648	2
5650	2
5652	1
5655	1
5658	1
5659	2
5660	10
5661	1
5665	1
5668	1
5670	3
5672	1
5676	1
5680	6
5682	1
5685	1
5686	1
5690	6
5695	1
5696	1
5697	1
5699	2
5700	11
5705	2
5710	2
5711	1
5712	1
5715	2
5718	1
5720	15
5726	1
5730	7
5732	1
5736	1
5738	2
5740	6
5744	3
5745	2
5750	10
5752	1
5754	3
5756	1
5758	1
5760	207
5762	1
5764	8
5765	7
5766	6
5768	14
5770	31
5772	12
5773	2
5774	4
5775	9
5776	8
5778	2
5780	33
5781	1
5784	6
5785	4
5786	3
5788	4
5790	24
5791	1
5792	4
5793	1
5794	1
5795	1
5796	4
5797	2
5799	1
5800	20
5802	1
5805	3
5806	2
5808	6
5810	14
5812	2
5813	2
5814	1
5815	1
5816	1
5818	3
5820	22
5824	4
5825	1
5826	4
5828	5
5830	12
5832	5
5834	1
5835	2
5836	2
5839	1
5840	17
5842	1
5844	2
5845	2
5846	2
5848	2
5850	16
5854	1
5855	2
5856	4
5858	2
5860	14
5862	1
5864	1
5865	3
5866	1
5868	1
5870	8
5871	1
5872	1
5874	4
5880	27
5882	1
5884	1
5885	2
5886	2
5890	4
5892	2
5895	1
5898	2
5900	6
5901	2
5902	3
5904	3
5905	1
5908	1
5910	11
5912	1
5916	1
5918	2
5920	13
5922	3
5923	1
5924	1
5926	1
5928	2
5930	4
5932	3
5933	1
5934	1
5935	1
5936	4
5940	5
5945	1
5946	1
5950	6
5952	1
5954	1
5955	1
5958	1
5960	11
5962	1
5965	1
5968	1
5969	1
5970	10
5971	1
5975	1
5977	1
5980	7
5982	1
5983	1
5984	2
5985	4
5986	1
5988	2
5990	4
5992	1
5994	1
5999	1
6000	36
6002	1
6004	4
6005	1
6008	2
6010	4
6012	1
6013	1
6015	3
6016	1
6020	11
6022	1
6024	3
6025	1
6028	1
6030	9
6035	1
6036	1
6037	1
6040	8
6045	3
6046	3
6048	7
6050	1
6052	1
6057	2
6058	2
6060	9
6064	5
6065	1
6068	1
6070	5
6072	1
6080	7
6090	3
6095	1
6096	2
6098	1
6099	1
6100	1
6102	1
6104	1
6105	4
6106	2
6108	1
6110	4
6112	2
6116	2
6118	1
6119	1
6120	8
6122	1
6125	1
6128	1
6130	2
6136	1
6140	4
6144	2
6145	2
6150	12
6152	1
6155	1
6156	1
6160	5
6162	1
6163	1
6165	1
6168	1
6170	2
6175	1
6176	1
6180	5
6183	1
6184	3
6185	1
6189	1
6195	1
6196	2
6197	1
6198	2
6200	7
6208	2
6210	3
6214	1
6218	1
6220	2
6222	1
6223	1
6225	1
6228	1
6230	2
6240	6
6244	1
6248	2
6250	4
6252	1
6258	1
6260	5
6264	2
6270	2
6278	1
6280	5
6282	1
6288	1
6290	1
6292	2
6295	1
6298	1
6300	5
6314	1
6315	1
6316	1
6318	1
6320	4
6323	1
6326	1
6328	2
6330	2
6335	2
6340	2
6347	1
6350	1
6352	1
6354	1
6356	2
6360	7
6363	1
6364	1
6370	1
6380	1
6384	1
6390	3
6395	1
6396	1
6400	889
6402	10
6404	44
6405	38
6406	7
6407	1
6408	36
6410	118
6411	1
6412	22
6414	7
6415	16
6416	10
6417	1
6418	2
6420	122
6422	1
6424	17
6425	15
6426	3
6427	1
6428	6
6429	1
6430	59
6432	6
6433	2
6435	10
6436	3
6438	2
6440	110
6442	4
6444	3
6445	33
6446	1
6447	2
6448	10
6450	32
6452	5
6454	4
6455	7
6456	1
6458	1
6460	86
6462	1
6463	1
6464	8
6465	5
6468	3
6470	27
6472	1
6475	4
6476	4
6477	2
6478	2
6480	139
6483	1
6484	7
6485	5
6486	7
6488	14
6489	1
6490	39
6492	3
6494	4
6495	7
6496	9
6497	2
6498	3
6500	58
6501	1
6504	9
6505	2
6506	1
6507	2
6508	4
6509	3
6510	21
6512	3
6514	3
6515	4
6516	4
6520	64
6521	2
6522	3
6524	2
6525	5
6526	1
6528	1
6530	39
6531	1
6532	3
6534	1
6535	5
6536	1
6540	48
6542	1
6543	1
6544	3
6545	4
6546	3
6547	1
6548	1
6549	1
6550	8
6552	3
6554	1
6555	3
6558	2
6560	39
6564	1
6565	5
6566	1
6568	5
6570	15
6573	1
6575	3
6576	3
6579	1
6580	35
6582	1
6584	4
6585	1
6588	1
6590	16
6592	2
6594	2
6595	1
6596	2
6598	1
6600	45
6604	4
6605	4
6608	3
6610	12
6612	1
6613	1
6614	1
6615	1
6616	2
6618	4
6620	20
6622	3
6624	1
6625	1
6626	2
6628	2
6629	1
6630	8
6635	1
6636	1
6638	1
6640	24
6641	1
6644	3
6645	1
6646	1
6647	1
6648	3
6650	7
6652	2
6654	2
6655	1
6656	3
6660	28
6662	1
6664	2
6665	3
6666	2
6668	5
6670	12
6672	1
6673	1
6675	1
6676	2
6680	12
6685	3
6688	1
6690	4
6692	1
6694	1
6695	2
6696	2
6697	1
6698	1
6700	22
6704	1
6708	2
6710	2
6712	1
6716	1
6718	1
6720	25
6725	1
6728	3
6730	5
6731	1
6732	3
6734	1
6737	1
6738	2
6740	5
6741	1
6742	1
6744	1
6745	1
6746	1
6748	3
6750	10
6751	1
6754	1
6756	1
6758	2
6760	11
6765	3
6766	1
6768	1
6770	5
6772	1
6776	1
6780	9
6784	2
6785	1
6788	1
6789	2
6790	3
6792	3
6794	1
6795	1
6798	3
6800	18
6801	1
6802	2
6803	1
6804	3
6805	2
6806	1
6808	3
6810	6
6814	1
6815	1
6816	1
6820	7
6824	1
6825	1
6828	1
6829	1
6834	1
6840	12
6844	2
6845	2
6846	1
6848	1
6850	3
6852	1
6854	1
6855	1
6856	2
6858	2
6860	3
6865	1
6867	1
6870	1
6872	1
6875	1
6876	1
6880	6
6884	1
6886	1
6890	3
6892	1
6895	1
6896	1
6900	3
6902	1
6904	2
6905	1
6908	1
6910	4
6912	2
6914	1
6916	1
6920	4
6930	6
6935	1
6936	1
6940	7
6944	1
6950	5
6960	8
6961	1
6963	1
6966	1
6968	1
6970	2
6971	1
6972	2
6975	2
6977	1
6980	6
6984	1
6990	3
6991	1
6996	1
7000	7
7008	2
7010	2
7015	1
7020	4
7032	1
7038	1
7040	1
7052	1
7060	6
7065	1
7070	3
7075	1
7076	1
7077	1
7080	6
7085	2
7088	1
7090	3
7092	1
7095	1
7100	3
7101	1
7105	1
7106	1
7110	2
7116	2
7120	7
7130	1
7140	1
7144	1
7145	1
7146	1
7150	1
7152	1
7160	1
7170	2
7180	1
7185	1
7190	3
7198	1
7200	799
7202	11
7204	34
7205	53
7206	21
7207	1
7208	39
7209	2
7210	96
7212	24
7213	1
7214	5
7215	43
7216	25
7217	1
7218	8
7219	1
7220	118
7221	3
7223	2
7224	16
7225	11
7226	4
7227	2
7228	8
7230	84
7231	1
7232	10
7234	8
7235	15
7236	3
7237	1
7238	8
7240	79
7242	5
7244	6
7245	19
7246	3
7248	9
7250	42
7251	1
7252	5
7253	1
7254	7
7255	11
7256	6
7257	1
7258	5
7260	83
7261	1
7262	3
7264	2
7265	8
7266	5
7268	5
7270	24
7272	5
7273	1
7274	2
7275	5
7276	1
7278	7
7280	74
7281	1
7282	1
7283	1
7284	7
7285	7
7288	9
7290	50
7292	2
7293	1
7294	5
7295	8
7296	1
7298	3
7299	1
7300	36
7302	3
7303	1
7304	3
7305	8
7306	2
7308	5
7310	15
7312	4
7314	4
7315	1
7316	3
7317	1
7318	1
7320	67
7322	1
7324	2
7325	6
7326	4
7328	2
7330	24
7332	1
7334	2
7335	10
7336	2
7338	1
7340	32
7342	2
7344	2
7345	5
7346	2
7347	1
7348	3
7350	14
7352	2
7355	2
7358	1
7360	36
7362	5
7364	3
7365	6
7366	1
7369	1
7370	17
7372	4
7374	3
7375	3
7376	3
7378	2
7380	26
7381	1
7382	1
7384	2
7385	2
7386	3
7388	5
7390	6
7392	3
7394	1
7395	3
7396	1
7398	3
7400	24
7404	1
7405	2
7408	1
7409	1
7410	13
7413	1
7414	1
7416	3
7418	1
7419	1
7420	12
7422	1
7424	2
7425	2
7428	4
7430	7
7432	1
7433	1
7434	2
7436	1
7440	15
7442	3
7445	2
7446	1
7448	1
7449	1
7450	14
7454	1
7455	5
7456	1
7460	12
7467	1
7468	1
7470	12
7472	2
7474	1
7475	1
7476	1
7478	1
7480	6
7481	1
7482	2
7484	1
7485	1
7486	2
7488	1
7490	4
7492	3
7493	1
7494	1
7496	3
7498	1
7500	14
7502	1
7503	1
7506	2
7508	1
7510	5
7512	1
7515	4
7516	1
7520	7
7523	1
7524	1
7530	6
7532	1
7533	1
7535	1
7536	2
7540	3
7543	1
7545	1
7550	4
7556	1
7560	22
7563	1
7564	1
7566	1
7570	5
7572	4
7575	1
7576	1
7578	1
7580	10
7581	1
7584	2
7586	1
7588	1
7590	4
7595	1
7600	16
7603	1
7605	1
7610	3
7614	1
7618	1
7620	6
7623	1
7628	1
7630	1
7635	2
7637	1
7640	9
7644	1
7645	1
7650	6
7652	2
7655	1
7660	4
7670	1
7672	1
7676	1
7680	27
7690	6
7694	3
7695	1
7696	4
7700	9
7701	1
7704	1
7705	2
7706	1
7710	3
7716	3
7720	4
7724	1
7728	2
7730	3
7732	1
7740	5
7745	4
7755	1
7756	1
7760	4
7764	2
7770	3
7776	4
7778	2
7780	3
7783	1
7785	1
7790	1
7797	1
7800	11
7805	1
7806	1
7808	1
7810	3
7811	1
7812	1
7814	2
7815	2
7820	8
7825	1
7826	1
7830	6
7831	1
7836	1
7840	2
7844	1
7846	1
7850	2
7854	1
7856	1
7860	10
7866	1
7870	1
7876	1
7880	4
7881	1
7882	1
7885	1
7890	4
7892	1
7900	3
7902	1
7910	1
7920	7
7930	1
7935	2
7936	1
7938	1
7939	1
7940	1
7945	1
7946	2
7950	5
7960	2
7965	4
7966	1
7968	1
7970	1
7971	1
7973	1
7980	4
7984	2
7988	1
7990	1
8000	20
8005	1
8009	1
8010	9
8011	1
8014	1
8015	1
8016	1
8024	1
8025	1
8030	3
8032	2
8034	1
8035	1
8038	1
8040	8
8042	1
8045	2
8046	1
8048	1
8060	3
8064	1
8068	1
8070	5
8072	1
8073	1
8080	2
8090	1
8100	6
8105	1
8110	2
8115	2
8120	3
8124	2
8126	1
8129	1
8130	1
8133	1
8140	5
8145	2
8146	1
8150	1
8155	2
8160	4
8168	2
8170	4
8172	1
8174	1
8180	1
8184	2
8190	2
8200	6
8202	1
8204	2
8216	1
8220	1
8225	1
8232	1
8235	1
8240	1
8245	1
8250	1
8255	1
8256	2
8260	2
8267	1
8280	3
8298	1
8300	1
8305	1
8310	1
8312	1
8320	3
8322	1
8324	1
8325	1
8330	1
8334	1
8350	1
8360	3
8362	1
8369	1
8370	1
8380	2
8384	1
8385	1
8400	2
8403	1
8406	1
8410	1
8415	2
8426	1
8430	2
8440	2
8450	1
8460	1
8474	1
8480	3
8500	2
8510	2
8519	1
8520	3
8528	1
8539	1
8564	1
8566	1
8580	1
8592	1
8596	1
8600	2
8625	1
8640	58
8642	1
8644	2
8645	2
8646	3
8648	6
8650	6
8652	1
8654	2
8655	3
8657	1
8658	1
8660	9
8666	1
8668	1
8670	3
8672	1
8675	2
8678	3
8680	3
8682	1
8684	2
8686	1
8688	2
8690	3
8695	2
8696	2
8700	6
8704	1
8710	3
8715	1
8720	8
8724	1
8725	2
8726	1
8730	6
8732	1
8734	2
8736	1
8739	1
8742	1
8744	2
8748	1
8750	4
8760	8
8766	1
8768	1
8770	1
8774	1
8775	1
8778	1
8780	5
8785	1
8790	1
8800	3
8802	1
8808	1
8810	2
8815	1
8820	2
8830	2
8835	1
8840	3
8850	2
8855	1
8860	2
8866	1
8868	2
8872	1
8876	1
8878	1
8880	4
8888	1
8894	1
8896	1
8900	1
8910	2
8920	1
8930	1
8940	1
8948	1
8949	1
8950	1
8952	1
8956	1
8957	1
8970	1
8985	1
8994	1
9000	10
9008	1
9024	1
9040	3
9045	1
9050	1
9056	1
9065	1
9072	2
9080	2
9090	1
9095	1
9099	1
9100	2
9110	1
9120	2
9130	1
9132	1
9136	1
9140	1
9142	1
9148	1
9160	1
9164	1
9168	1
9200	2
9210	2
9220	1
9227	1
9240	2
9246	1
9254	1
9255	1
9260	1
9273	1
9280	1
9290	1
9296	1
9304	1
9315	1
9320	1
9330	1
9340	2
9344	1
9360	2
9400	2
9403	1
9420	1
9430	1
9456	1
9460	1
9461	1
9480	2
9492	1
9515	1
9520	1
9522	1
9525	1
9570	1
9580	1
9600	544
9602	2
9604	15
9605	13
9606	9
9607	1
9608	26
9609	1
9610	67
9611	1
9612	16
9613	2
9614	5
9615	15
9616	12
9618	6
9619	1
9620	80
9621	1
9622	3
9624	9
9625	15
9626	3
9628	2
9630	39
9632	4
9634	4
9635	8
9636	3
9638	1
9639	1
9640	71
9642	3
9644	5
9645	16
9646	1
9647	1
9648	6
9649	1
9650	28
9654	1
9655	2
9656	3
9657	1
9659	1
9660	42
9662	2
9663	1
9664	3
9665	6
9666	2
9668	5
9670	21
9672	3
9675	4
9676	1
9678	1
9679	1
9680	42
9682	2
9684	5
9685	6
9686	1
9688	2
9690	24
9692	1
9694	3
9695	3
9698	1
9700	36
9702	1
9703	1
9704	5
9705	4
9708	2
9710	11
9712	3
9714	1
9716	1
9720	45
9722	1
9724	1
9725	3
9728	4
9730	10
9732	4
9733	1
9734	1
9735	5
9736	4
9740	32
9741	1
9745	4
9746	3
9748	1
9750	10
9755	1
9758	1
9760	23
9761	1
9764	1
9765	2
9766	1
9768	1
9770	5
9776	3
9780	24
9782	1
9784	1
9788	3
9790	4
9792	1
9796	1
9798	2
9800	15
9804	1
9805	2
9806	1
9808	1
9810	5
9812	2
9816	1
9820	11
9825	1
9828	1
9830	7
9835	1
9837	1
9838	1
9839	1
9840	25
9845	3
9848	2
9850	4
9854	1
9855	2
9860	15
9864	1
9870	4
9872	1
9874	1
9878	1
9880	11
9887	1
9888	1
9890	3
9891	1
9892	2
9894	1
9895	1
9900	12
9905	1
9910	3
9912	1
9914	2
9918	1
9920	5
9927	1
9930	6
9932	1
9936	1
9940	7
9942	1
9945	2
9949	1
9950	1
9952	1
9960	18
9964	1
9968	2
9970	3
9972	1
9976	1
9980	5
9985	1
9988	1
9990	5
9992	2
9996	1
10000	11
10002	1
10005	1
10008	1
10010	2
10015	1
10020	10
10022	1
10024	1
10025	1
10030	1
10032	2
10036	1
10040	8
10043	1
10045	1
10050	1
10060	3
10070	2
10072	1
10080	4
10082	1
10083	1
10088	1
10090	3
10092	1
10094	1
10095	2
10100	5
10110	2
10115	1
10120	7
10125	2
10126	1
10128	1
10130	3
10133	1
10135	1
10136	1
10140	2
10145	1
10150	3
10151	1
10160	4
10161	1
10170	2
10172	2
10180	2
10190	2
10200	7
10210	3
10212	1
10220	1
10227	1
10231	1
10234	1
10240	4
10245	1
10260	1
10265	1
10270	1
10275	2
10280	2
10284	1
10290	1
10295	1
10300	1
10302	1
10305	1
10320	4
10325	2
10330	1
10335	1
10350	2
10360	2
10370	2
10376	1
10380	3
10390	2
10400	5
10416	1
10420	1
10430	1
10445	1
10450	1
10458	1
10460	1
10470	1
10472	1
10480	1
10500	1
10510	1
10530	1
10560	1
10600	1
10610	1
10632	1
10644	1
10650	1
10662	1
10670	2
10675	1
10680	4
10700	1
10720	1
10730	1
10735	1
10740	1
10755	1
10770	1
10775	1
10800	70
10804	4
10805	4
10806	1
10808	6
10810	10
10812	3
10815	5
10816	2
10818	1
10820	12
10823	1
10824	4
10828	1
10830	7
10832	1
10835	2
10836	2
10840	13
10842	1
10844	2
10845	1
10846	1
10848	2
10850	9
10854	1
10855	1
10860	9
10864	1
10866	1
10868	3
10870	2
10875	2
10880	4
10884	1
10888	3
10890	8
10896	3
10900	4
10904	1
10906	1
10909	1
10910	1
10913	1
10915	2
10917	1
10920	10
10924	1
10925	1
10928	1
10935	1
10936	1
10940	7
10942	1
10944	1
10948	1
10960	2
10968	1
10976	1
10977	1
10988	1
10990	2
10998	1
11000	3
11010	1
11016	2
11018	1
11020	1
11028	1
11030	1
11040	2
11048	2
11050	1
11052	1
11060	2
11065	1
11068	1
11070	3
11072	1
11084	2
11085	1
11086	2
11088	1
11090	1
11100	2
11105	1
11123	1
11125	1
11130	1
11140	1
11149	1
11152	1
11160	2
11170	1
11180	1
11190	2
11200	4
11210	2
11220	3
11240	1
11248	1
11260	2
11305	1
11316	1
11328	1
11340	2
11342	1
11350	1
11400	2
11402	1
11406	1
11435	1
11440	1
11445	1
11470	1
11475	1
11480	1
11490	1
11495	1
11500	1
11520	7
11526	1
11528	2
11535	1
11539	1
11550	2
11584	1
11592	1
11600	1
11602	1
11610	1
11616	1
11625	1
11644	1
11645	1
11660	3
11670	1
11680	1
11700	2
11720	2
11730	1
11740	1
11746	1
11748	1
11750	1
11765	1
11800	2
11810	1
11820	1
11850	3
11860	2
11880	1
11920	1
11930	1
11937	1
11950	1
11955	1
11980	3
12000	6
12004	1
12010	1
12012	1
12016	2
12024	1
12030	2
12035	1
12040	2
12060	1
12070	1
12080	1
12090	1
12108	1
12110	1
12142	1
12145	1
12160	1
12170	1
12214	1
12218	1
12258	1
12296	1
12320	1
12330	1
12339	1
12352	1
12362	1
12420	1
12456	1
12500	1
12520	1
12555	1
12568	1
12570	1
12580	1
12664	1
12710	1
12720	1
12752	1
12760	2
12775	1
12800	68
12802	2
12804	4
12805	1
12806	1
12808	2
12810	15
12812	3
12813	1
12815	2
12816	1
12818	1
12820	10
12824	1
12825	2
12830	4
12832	1
12834	1
12836	1
12840	9
12842	1
12845	2
12850	2
12860	9
12863	1
12864	1
12865	2
12866	1
12868	1
12870	4
12880	7
12886	1
12888	1
12890	1
12898	2
12900	3
12906	1
12907	1
12908	2
12910	1
12915	1
12920	5
12928	1
12930	3
12932	1
12935	1
12940	5
12950	2
12960	4
12972	2
12980	3
13000	7
13010	3
13014	1
13015	2
13020	2
13028	1
13030	1
13040	7
13044	1
13052	1
13060	1
13061	1
13068	1
13070	3
13080	1
13091	1
13092	1
13096	1
13100	4
13120	1
13130	1
13131	1
13160	1
13178	1
13180	2
13200	7
13210	1
13230	1
13240	2
13248	1
13270	1
13280	2
13294	1
13308	1
13340	1
13360	2
13392	1
13410	1
13430	1
13443	1
13450	1
13460	1
13480	1
13540	1
13575	1
13588	1
13680	1
13708	2
13750	1
13816	1
13960	1
13970	1
14000	1
14002	1
14030	1
14078	1
14140	1
14170	1
14210	1
14220	1
14300	1
14400	149
14402	1
14404	5
14405	7
14406	9
14408	4
14410	15
14412	8
14414	1
14415	10
14416	2
14417	1
14418	2
14420	26
14423	1
14424	2
14425	2
14426	2
14428	2
14430	19
14432	1
14434	3
14435	1
14436	3
14440	10
14442	2
14444	2
14445	5
14446	1
14448	2
14450	9
14452	1
14455	1
14456	1
14457	2
14459	1
14460	24
14462	2
14464	1
14470	3
14472	3
14475	2
14480	9
14482	1
14484	2
14485	2
14488	1
14490	7
14495	1
14496	1
14498	2
14500	8
14502	2
14505	1
14506	1
14508	1
14510	4
14512	1
14514	1
14516	2
14520	10
14528	3
14530	1
14532	1
14535	1
14536	1
14538	2
14540	4
14545	1
14548	1
14550	1
14551	1
14552	1
14553	1
14555	1
14558	1
14559	2
14560	4
14562	1
14568	1
14570	2
14575	1
14576	1
14580	8
14585	1
14586	1
14590	1
14592	1
14595	1
14600	4
14605	1
14620	3
14623	2
14630	1
14640	4
14650	2
14656	1
14660	2
14670	2
14674	1
14680	4
14690	2
14696	1
14700	1
14710	2
14712	1
14720	4
14725	1
14730	1
14732	1
14740	2
14744	1
14760	5
14765	1
14770	3
14775	1
14780	3
14785	1
14787	1
14790	1
14796	1
14800	5
14805	1
14810	2
14815	1
14820	4
14830	1
14832	1
14840	1
14843	1
14844	1
14850	2
14860	2
14880	3
14896	1
14900	1
14904	1
14910	2
14920	2
14922	1
14950	1
14960	1
14968	1
14976	1
14980	1
14988	1
15000	2
15005	1
15010	1
15040	3
15046	1
15087	1
15100	1
15110	1
15120	1
15144	1
15150	1
15152	1
15160	1
15180	2
15210	3
15240	1
15278	1
15280	1
15288	1
15300	1
15310	1
15360	3
15420	1
15426	1
15440	1
15460	1
15480	2
15532	1
15590	1
15610	1
15640	1
15674	1
15700	1
15722	1
15800	1
15840	1
15860	1
15900	1
16000	3
16010	3
16015	1
16035	1
16036	1
16040	1
16075	1
16090	1
16130	1
16180	1
16200	1
16205	1
16210	1
16216	1
16226	1
16253	1
16260	1
16264	1
16269	1
16320	1
16340	1
16364	1
16420	2
16461	1
16467	1
16475	1
16550	1
16696	1
16730	1
16793	1
16810	1
16924	1
16960	1
17014	1
17045	1
17072	1
17280	1
17300	1
17310	1
17335	1
17340	1
17370	1
17420	1
17440	1
17455	1
17608	1
17700	1
17720	2
17850	1
18000	1
18015	1
18030	1
18040	1
18048	1
18050	1
18060	1
18402	1
18446	1
18490	1
19008	1
19200	35
19202	1
19204	1
19205	1
19206	2
19208	1
19210	8
19212	2
19215	2
19218	1
19220	6
19222	1
19225	1
19228	1
19230	5
19234	1
19238	1
19240	10
19245	1
19248	1
19250	1
19254	1
19260	3
19264	1
19272	1
19278	1
19280	6
19285	3
19290	4
19298	1
19300	3
19310	1
19314	2
19320	4
19332	1
19340	4
19341	1
19350	4
19370	1
19375	1
19380	2
19384	1
19396	1
19400	1
19405	1
19426	1
19440	2
19444	1
19448	1
19450	1
19480	1
19488	1
19495	1
19500	1
19504	1
19512	1
19520	1
19536	1
19540	1
19554	1
19600	1
19650	1
19651	1
19665	1
19680	1
19700	1
19705	1
19711	1
19800	2
19804	1
19848	1
19850	1
19860	1
19888	1
20056	1
20060	2
20090	1
20264	1
20300	1
20430	1
20460	1
20480	1
20680	1
21600	18
21604	2
21605	2
21606	1
21608	1
21610	1
21612	1
21616	1
21621	1
21630	1
21640	1
21641	1
21646	1
21650	1
21652	2
21655	2
21660	2
21666	1
21670	1
21675	1
21680	3
21690	1
21700	2
21709	1
21728	1
21738	1
21745	1
21760	2
21786	1
21800	1
21828	1
21836	1
21840	1
21844	1
21870	1
21888	1
21900	1
21906	1
21914	1
21936	1
21940	2
21975	1
22000	1
22014	1
22020	1
22035	1
22050	1
22055	1
22080	1
22092	1
22116	1
22170	1
22308	1
22355	1
22548	1
23040	1
23220	1
23448	1
23580	1
23700	1
23853	1
24012	1
24034	1
24040	3
24062	1
24070	1
24315	1
25213	1
25600	2
25610	2
25630	1
25680	1
25690	1
25728	1
25980	1
25997	1
26210	1
26250	1
28000	1
28800	12
28806	1
28810	2
28816	1
28820	3
28824	1
28830	5
28840	3
28845	1
28850	2
28855	1
28858	1
28860	1
28876	1
28880	3
28888	1
28900	1
28914	1
28920	3
28930	1
28935	1
28938	1
28940	2
28948	2
28980	1
28990	1
29020	1
29060	1
29070	1
29080	2
29090	1
29200	1
29215	1
29244	1
29350	1
29390	1
29392	1
29400	1
29402	1
29646	1
29780	1
29800	1
29960	1
29970	1
30040	1
30104	1
31266	1
32400	1
32415	1
32440	1
32535	1
32726	1
32760	1
33780	1
36090	1
37200	1
38400	1
38439	1
38494	1
38520	1
38864	1
38920	1
43220	1
43240	1
43248	1
43260	1
43330	1
43350	1
43500	1
43562	1
43860	1
44010	1
45299	1
50146	1
58160	1
59061	1
76800	1
