Pay	Frequency
0	922276889
2	1855855
4	4666938
5	2283240
6	1073845
7	121573
8	4804693
9	119538
10	3631781
11	29671
12	2706965
13	111222
14	748041
15	643002
16	3556300
17	35393
18	919500
19	70390
20	3929417
21	173988
22	404697
23	76354
24	2948257
25	198034
26	394788
27	56676
28	1303899
29	76365
30	1543265
31	40291
32	1980279
33	90765
34	380091
35	111862
36	1389395
37	47539
38	334720
39	52553
40	2802424
41	30365
42	534576
43	30506
44	775386
45	256876
46	263179
47	27222
48	1711006
49	38826
50	501808
51	28778
52	642688
53	59209
54	358282
55	71468
56	872750
57	45404
58	232014
59	21025
60	1661992
61	26722
62	198027
63	44738
64	908394
65	85695
66	272451
67	17189
68	500861
69	50499
70	309265
71	16581
72	878472
73	24440
74	171615
75	60282
76	420079
77	25044
78	215440
79	19130
80	1347299
81	25658
82	148462
83	18338
84	477158
85	76284
86	126461
87	25019
88	464131
89	16531
90	462133
91	13480
92	301439
93	28070
94	121471
95	50077
96	644725
97	13489
98	125730
99	19446
100	477435
101	17889
102	148325
103	12633
104	347400
105	45794
106	116691
107	12159
108	316288
109	12314
110	162797
111	17690
112	326526
113	10620
114	130475
115	25300
116	206067
117	17007
118	84840
119	9395
120	905890
121	9259
122	89854
123	11626
124	200538
125	47650
126	106844
127	8684
128	294402
129	13525
130	157630
131	9181
132	204543
133	10589
134	70537
135	42458
136	222616
137	7747
138	93088
139	8624
140	245996
141	12616
142	60162
143	8791
144	313515
145	24014
146	63625
147	9825
148	134336
149	9758
150	127329
151	7058
152	177642
153	8882
154	59726
155	17281
156	146830
157	6337
158	53695
159	10233
160	454948
161	5485
162	65558
163	6181
164	109995
165	32420
166	48445
167	6207
168	176487
169	6150
170	99848
171	6882
172	95894
173	6248
174	55402
175	18070
176	134378
177	6185
178	42861
179	5971
180	307697
181	5424
182	39926
183	6228
184	120333
185	21476
186	51015
187	4620
188	87112
189	7284
190	75756
191	4552
192	166026
193	4660
194	36578
195	15727
196	81306
197	5036
198	43941
199	4341
200	215655
201	5483
202	35410
203	4255
204	90187
205	14644
206	30105
207	5031
208	94165
209	3735
210	67382
211	3493
212	66126
213	4950
214	28793
215	10046
216	112456
217	3307
218	27788
219	4117
220	97569
221	3505
222	35216
223	3108
224	78748
225	11219
226	25673
227	3367
228	68786
229	2882
230	39968
231	3707
232	66212
233	2872
234	29947
235	7484
236	47985
237	4043
238	22011
239	2667
240	334179
241	2507
242	23428
243	2957
244	52969
245	17868
246	26805
247	2502
248	66730
249	3706
250	58729
251	2405
252	56347
253	3047
254	20522
255	12537
256	65074
257	2367
258	24819
259	2517
260	84476
261	3545
262	17789
263	2379
264	62433
265	9081
266	18298
267	2664
268	37408
269	2386
270	57162
271	2026
272	49916
273	2679
274	17378
275	7164
276	41924
277	2105
278	16815
279	2469
280	80226
281	1824
282	20926
283	1748
284	30947
285	8592
286	15853
287	1767
288	69010
289	1829
290	27396
291	2155
292	29124
293	2257
294	18943
295	5005
296	37976
297	2067
298	15015
299	1624
300	68954
301	1665
302	13681
303	2147
304	39033
305	5296
306	16210
307	1524
308	26699
309	2184
310	21787
311	1465
312	39453
313	1542
314	11523
315	4661
316	24141
317	1415
318	15039
319	1230
320	107783
321	1761
322	11207
323	1408
324	29758
325	6633
326	10714
327	1436
328	29625
329	1460
330	29491
331	1103
332	20976
333	1868
334	10216
335	4684
336	34409
337	1151
338	10031
339	1470
340	38846
341	1254
342	11476
343	1095
344	24072
345	4459
346	9141
347	1169
348	22300
349	1056
350	17402
351	1217
352	23659
353	1132
354	10047
355	3048
356	16737
357	1267
358	7921
359	885
360	119899
361	907
362	8221
363	1192
364	18613
365	6414
366	10145
367	910
368	25264
369	1366
370	21352
371	995
372	21119
373	1184
374	7669
375	4952
376	21979
377	911
378	10185
379	957
380	32862
381	1390
382	6911
383	990
384	29043
385	3225
386	6789
387	1051
388	14292
389	967
390	17205
391	780
392	18925
393	1027
394	6703
395	2553
396	16383
397	825
398	6246
399	1034
400	82562
401	738
402	7923
403	711
404	13487
405	5566
406	5790
407	742
408	20970
409	798
410	15396
411	830
412	11529
413	854
414	6835
415	2830
416	15903
417	909
418	5368
419	739
420	29629
421	711
422	4948
423	798
424	14143
425	2755
426	6053
427	603
428	9813
429	953
430	10550
431	556
432	20724
433	682
434	4569
435	2352
436	9634
437	698
438	6110
439	518
440	26246
441	745
442	4636
443	534
444	11940
445	2325
446	4216
447	766
448	12561
449	489
450	11724
451	481
452	8653
453	839
454	4098
455	1702
456	14217
457	519
458	3847
459	651
460	15300
461	515
462	4830
463	421
464	10556
465	2035
466	3791
467	484
468	9371
469	473
470	6898
471	537
472	9554
473	457
474	4412
475	1266
476	6747
477	658
478	3348
479	406
480	92396
481	393
482	3626
483	518
484	8650
485	4731
486	4421
487	428
488	11503
489	769
490	15377
491	373
492	9357
493	606
494	3455
495	3520
496	10672
497	429
498	4571
499	503
500	20994
501	763
502	3056
503	477
504	11470
505	2158
506	3333
507	504
508	6386
509	465
510	10635
511	384
512	9106
513	567
514	3064
515	1514
516	7145
517	419
518	2802
519	457
520	20309
521	349
522	3886
523	345
524	5280
525	2141
526	2751
527	346
528	9614
529	310
530	6645
531	415
532	5214
533	410
534	3085
535	1180
536	6509
537	423
538	2452
539	330
540	25039
541	326
542	2453
543	330
544	7033
545	1653
546	3159
547	288
548	5197
549	486
550	5868
551	279
552	7689
553	325
554	2313
555	1541
556	5011
557	321
558	2728
559	262
560	14560
561	397
562	2168
563	317
564	6084
565	1184
566	1973
567	397
568	5380
569	268
570	6517
571	230
572	4425
573	369
574	1931
575	851
576	9437
577	262
578	1955
579	306
580	8607
581	287
582	2382
583	221
584	5083
585	1101
586	2137
587	234
588	5197
589	219
590	3829
591	350
592	5305
593	252
594	2349
595	689
596	4074
597	306
598	1625
599	210
600	27282
601	223
602	1855
603	273
604	4109
605	1211
606	2349
607	183
608	5279
609	327
610	4731
611	214
612	4764
613	227
614	1547
615	1092
616	4591
617	204
618	2074
619	181
620	7945
621	324
622	1508
623	196
624	5734
625	742
626	1529
627	236
628	3168
629	183
630	4172
631	182
632	3970
633	262
634	1383
635	623
636	3995
637	185
638	1302
639	213
640	18538
641	187
642	1842
643	159
644	3084
645	1178
646	1306
647	175
648	5245
649	193
650	4119
651	194
652	2779
653	213
654	1572
655	674
656	3743
657	219
658	1383
659	198
660	8505
661	157
662	1145
663	226
664	3413
665	628
666	1541
667	145
668	2721
669	219
670	3025
671	148
672	4261
673	180
674	1078
675	680
676	2401
677	127
678	1458
679	144
680	7121
681	180
682	1076
683	152
684	2880
685	550
686	998
687	182
688	3026
689	139
690	2938
691	148
692	2054
693	180
694	1014
695	428
696	3110
697	135
698	917
699	166
700	4318
701	116
702	1140
703	146
704	2516
705	520
706	937
707	152
708	2250
709	120
710	1822
711	153
712	2256
713	118
714	1054
715	368
716	1606
717	154
718	821
719	114
720	35865
721	115
722	954
723	169
724	2387
725	1617
726	1295
727	104
728	3328
729	200
730	5512
731	158
732	2767
733	183
734	927
735	1440
736	3323
737	134
738	1367
739	162
740	7482
741	202
742	840
743	173
744	3401
745	740
746	912
747	184
748	2036
749	138
750	4139
751	112
752	2726
753	195
754	867
755	539
756	2501
757	100
758	845
759	150
760	7419
761	110
762	1183
763	116
764	1779
765	779
766	842
767	127
768	3522
769	103
770	2253
771	146
772	1628
773	147
774	962
775	428
776	2139
777	166
778	777
779	122
780	5821
781	101
782	711
783	188
784	2317
785	442
786	872
787	104
788	1568
789	139
790	1802
791	124
792	2684
793	100
794	642
795	451
796	1462
797	92
798	890
799	102
800	32850
801	106
802	797
803	95
804	2305
805	1574
806	680
807	143
808	2268
809	87
810	5919
811	107
812	1379
813	158
814	710
815	925
816	2481
817	100
818	693
819	129
820	6465
821	96
822	834
823	84
824	1638
825	789
826	660
827	105
828	1578
829	123
830	2645
831	101
832	1602
833	105
834	795
835	459
836	1063
837	128
838	542
839	79
840	7627
841	59
842	579
843	111
844	1077
845	631
846	677
847	86
848	1472
849	100
850	1981
851	62
852	1193
853	67
854	490
855	486
856	1205
857	91
858	722
859	71
860	3516
861	81
862	417
863	76
864	2301
865	428
866	446
867	75
868	871
869	85
870	1723
871	67
872	1116
873	79
874	509
875	280
876	1135
877	55
878	409
879	114
880	4524
881	60
882	614
883	54
884	944
885	419
886	462
887	53
888	1636
889	72
890	1596
891	70
892	901
893	67
894	588
895	249
896	1259
897	82
898	395
899	60
900	4355
901	47
902	371
903	71
904	1187
905	319
906	618
907	55
908	885
909	94
910	1240
911	56
912	1451
913	53
914	346
915	288
916	815
917	56
918	503
919	50
920	3237
921	76
922	374
923	58
924	1119
925	302
926	336
927	70
928	1016
929	45
930	1447
931	49
932	762
933	63
934	334
935	238
936	1215
937	36
938	338
939	64
940	1931
941	35
942	438
943	37
944	940
945	261
946	368
947	49
948	922
949	39
950	813
951	64
952	779
953	35
954	408
955	200
956	647
957	50
958	284
959	47
960	18572
961	36
962	316
963	62
964	1111
965	771
966	507
967	50
968	1473
969	103
970	2906
971	42
972	1122
973	81
974	363
975	620
976	1210
977	54
978	521
979	64
980	4172
981	96
982	303
983	75
984	1345
985	363
986	338
987	63
988	749
989	54
990	1930
991	48
992	1011
993	61
994	342
995	250
996	921
997	38
998	353
999	74
1000	3832
1001	44
1002	472
1003	43
1004	647
1005	290
1006	309
1007	55
1008	1128
1009	35
1010	1114
1011	59
1012	618
1013	46
1014	388
1015	199
1016	701
1017	71
1018	288
1019	53
1020	2661
1021	34
1022	276
1023	61
1024	812
1025	246
1026	355
1027	39
1028	602
1029	57
1030	866
1031	45
1032	799
1033	34
1034	259
1035	205
1036	578
1037	43
1038	327
1039	35
1040	2735
1041	45
1042	240
1043	47
1044	676
1045	198
1046	238
1047	43
1048	617
1049	27
1050	1109
1051	27
1052	417
1053	35
1054	224
1055	147
1056	799
1057	36
1058	197
1059	40
1060	1287
1061	22
1062	266
1063	42
1064	505
1065	190
1066	208
1067	39
1068	471
1069	24
1070	669
1071	37
1072	502
1073	33
1074	241
1075	126
1076	369
1077	35
1078	196
1079	36
1080	7713
1081	38
1082	205
1083	27
1084	486
1085	304
1086	343
1087	32
1088	748
1089	42
1090	1142
1091	24
1092	685
1093	41
1094	189
1095	389
1096	691
1097	30
1098	331
1099	29
1100	1854
1101	46
1102	214
1103	34
1104	871
1105	166
1106	222
1107	32
1108	481
1109	23
1110	1119
1111	28
1112	567
1113	38
1114	199
1115	124
1116	592
1117	31
1118	170
1119	43
1120	2060
1121	25
1122	305
1123	26
1124	399
1125	231
1126	193
1127	36
1128	762
1129	16
1130	694
1131	27
1132	400
1133	35
1134	267
1135	120
1136	536
1137	45
1138	197
1139	26
1140	1688
1141	28
1142	166
1143	49
1144	542
1145	141
1146	221
1147	19
1148	369
1149	25
1150	518
1151	24
1152	846
1153	21
1154	173
1155	140
1156	340
1157	15
1158	204
1159	27
1160	1499
1161	33
1162	174
1163	22
1164	470
1165	125
1166	158
1167	38
1168	501
1169	20
1170	650
1171	14
1172	354
1173	30
1174	143
1175	96
1176	600
1177	23
1178	126
1179	22
1180	824
1181	14
1182	192
1183	17
1184	503
1185	123
1186	129
1187	24
1188	420
1189	26
1190	416
1191	29
1192	412
1193	13
1194	205
1195	67
1196	296
1197	37
1198	128
1199	14
1200	13318
1201	14
1202	202
1203	24
1204	591
1205	499
1206	288
1207	27
1208	666
1209	44
1210	1611
1211	20
1212	542
1213	22
1214	178
1215	378
1216	566
1217	16
1218	245
1219	39
1220	2276
1221	35
1222	131
1223	21
1224	609
1225	245
1226	120
1227	25
1228	292
1229	23
1230	1112
1231	17
1232	415
1233	26
1234	134
1235	128
1236	357
1237	16
1238	155
1239	37
1240	2081
1241	26
1242	208
1243	16
1244	280
1245	254
1246	140
1247	19
1248	528
1249	25
1250	613
1251	28
1252	263
1253	25
1254	161
1255	122
1256	304
1257	26
1258	121
1259	19
1260	1519
1261	8
1262	107
1263	35
1264	340
1265	146
1266	161
1267	24
1268	226
1269	26
1270	484
1271	14
1272	381
1273	10
1274	88
1275	126
1276	204
1277	10
1278	109
1279	21
1280	2674
1281	21
1282	90
1283	14
1284	294
1285	139
1286	107
1287	16
1288	350
1289	18
1290	714
1291	19
1292	198
1293	28
1294	112
1295	112
1296	492
1297	8
1298	114
1299	26
1300	928
1301	23
1302	126
1303	17
1304	258
1305	125
1306	107
1307	8
1308	273
1309	22
1310	361
1311	38
1312	237
1313	14
1314	103
1315	74
1316	197
1317	22
1318	87
1319	12
1320	1494
1321	17
1322	94
1323	16
1324	196
1325	101
1326	141
1327	18
1328	305
1329	13
1330	402
1331	17
1332	274
1333	11
1334	74
1335	111
1336	247
1337	20
1338	136
1339	16
1340	673
1341	21
1342	93
1343	17
1344	330
1345	80
1346	79
1347	18
1348	168
1349	16
1350	452
1351	9
1352	199
1353	20
1354	77
1355	52
1356	218
1357	10
1358	80
1359	19
1360	872
1361	18
1362	123
1363	17
1364	148
1365	84
1366	74
1367	13
1368	279
1369	10
1370	317
1371	10
1372	151
1373	10
1374	131
1375	65
1376	232
1377	13
1378	71
1379	14
1380	690
1381	12
1382	72
1383	13
1384	198
1385	88
1386	97
1387	17
1388	133
1389	11
1390	253
1391	14
1392	244
1393	8
1394	76
1395	80
1396	127
1397	8
1398	97
1399	6
1400	611
1401	17
1402	78
1403	17
1404	171
1405	54
1406	83
1407	9
1408	168
1409	13
1410	289
1411	13
1412	109
1413	11
1414	80
1415	47
1416	204
1417	14
1418	77
1419	15
1420	337
1421	9
1422	87
1423	10
1424	138
1425	66
1426	68
1427	12
1428	143
1429	11
1430	180
1431	8
1432	128
1433	10
1434	79
1435	37
1436	106
1437	9
1438	60
1439	11
1440	8589
1441	6
1442	76
1443	7
1444	257
1445	318
1446	154
1447	13
1448	410
1449	25
1450	1142
1451	11
1452	289
1453	35
1454	93
1455	360
1456	331
1457	18
1458	146
1459	8
1460	1534
1461	29
1462	67
1463	19
1464	360
1465	156
1466	107
1467	31
1468	230
1469	16
1470	925
1471	12
1472	295
1473	15
1474	96
1475	91
1476	257
1477	16
1478	103
1479	19
1480	1509
1481	13
1482	102
1483	17
1484	173
1485	155
1486	88
1487	15
1488	357
1489	19
1490	417
1491	9
1492	167
1493	27
1494	132
1495	86
1496	217
1497	17
1498	91
1499	14
1500	1115
1501	11
1502	80
1503	21
1504	236
1505	65
1506	115
1507	6
1508	163
1509	19
1510	288
1511	11
1512	270
1513	15
1514	74
1515	88
1516	127
1517	12
1518	103
1519	9
1520	1020
1521	12
1522	65
1523	12
1524	191
1525	57
1526	59
1527	17
1528	185
1529	10
1530	455
1531	5
1532	130
1533	12
1534	83
1535	44
1536	239
1537	15
1538	72
1539	16
1540	484
1541	10
1542	88
1543	3
1544	152
1545	94
1546	63
1547	12
1548	153
1549	3
1550	211
1551	13
1552	149
1553	10
1554	67
1555	38
1556	113
1557	12
1558	55
1559	8
1560	942
1561	10
1562	50
1563	7
1564	113
1565	47
1566	80
1567	3
1568	170
1569	9
1570	212
1571	10
1572	136
1573	8
1574	71
1575	75
1576	139
1577	7
1578	72
1579	9
1580	338
1581	10
1582	48
1583	10
1584	175
1585	37
1586	41
1587	9
1588	73
1589	9
1590	229
1591	8
1592	110
1593	10
1594	53
1595	38
1596	109
1597	8
1598	40
1599	11
1600	11021
1601	4
1602	104
1603	8
1604	291
1605	482
1606	62
1607	12
1608	335
1609	13
1610	1431
1611	11
1612	140
1613	14
1614	87
1615	257
1616	215
1617	13
1618	71
1619	9
1620	2533
1621	11
1622	64
1623	6
1624	182
1625	207
1626	75
1627	7
1628	120
1629	9
1630	730
1631	10
1632	213
1633	11
1634	43
1635	139
1636	125
1637	8
1638	72
1639	10
1640	1644
1641	16
1642	52
1643	4
1644	162
1645	166
1646	44
1647	12
1648	141
1649	13
1650	475
1651	5
1652	110
1653	13
1654	46
1655	87
1656	140
1657	10
1658	55
1659	10
1660	979
1661	11
1662	77
1663	8
1664	122
1665	116
1666	32
1667	7
1668	140
1669	4
1670	335
1671	10
1672	106
1673	10
1674	56
1675	61
1676	75
1677	7
1678	43
1679	7
1680	1343
1681	7
1682	46
1683	14
1684	117
1685	86
1686	48
1687	4
1688	114
1689	12
1690	385
1691	9
1692	101
1693	8
1694	33
1695	78
1696	122
1697	5
1698	35
1699	6
1700	562
1701	10
1702	28
1703	4
1704	127
1705	66
1706	32
1707	10
1708	66
1709	7
1710	288
1711	6
1712	78
1713	7
1714	26
1715	39
1716	97
1717	6
1718	26
1719	5
1720	735
1721	2
1722	40
1723	6
1724	64
1725	66
1726	27
1727	4
1728	163
1729	9
1730	232
1731	3
1732	54
1733	8
1734	43
1735	55
1736	64
1737	7
1738	40
1739	4
1740	421
1741	5
1742	28
1743	7
1744	80
1745	36
1746	45
1747	7
1748	64
1749	8
1750	190
1751	7
1752	100
1753	8
1754	21
1755	38
1756	70
1757	7
1758	62
1759	8
1760	575
1761	5
1762	23
1763	10
1764	108
1765	34
1766	21
1767	3
1768	125
1769	6
1770	199
1771	1
1772	62
1773	4
1774	34
1775	41
1776	134
1777	3
1778	30
1779	6
1780	353
1781	1
1782	35
1783	4
1784	83
1785	47
1786	27
1787	6
1788	89
1789	5
1790	153
1791	3
1792	98
1793	6
1794	33
1795	27
1796	57
1797	5
1798	38
1799	4
1800	2110
1801	2
1802	32
1803	8
1804	86
1805	88
1806	73
1807	4
1808	107
1809	7
1810	303
1811	4
1812	102
1813	5
1814	25
1815	61
1816	87
1817	7
1818	39
1819	7
1820	441
1821	5
1822	21
1823	9
1824	114
1825	50
1826	19
1827	6
1828	75
1829	4
1830	222
1831	3
1832	85
1833	5
1834	26
1835	29
1836	79
1837	2
1838	25
1839	4
1840	627
1841	4
1842	44
1843	3
1844	56
1845	72
1846	21
1847	4
1848	116
1849	6
1850	168
1851	5
1852	72
1853	3
1854	35
1855	37
1856	68
1857	7
1858	27
1859	4
1860	404
1861	3
1862	18
1863	3
1864	66
1865	24
1866	34
1867	3
1868	60
1869	2
1870	125
1871	6
1872	77
1873	3
1874	18
1875	48
1876	53
1877	5
1878	24
1879	4
1880	334
1881	5
1882	27
1883	3
1884	64
1885	27
1886	11
1887	4
1888	61
1889	3
1890	173
1891	4
1892	44
1893	8
1894	17
1895	23
1896	58
1897	2
1898	14
1899	6
1900	191
1901	7
1902	31
1903	4
1904	41
1905	29
1906	18
1908	47
1909	3
1910	70
1911	7
1912	46
1913	2
1914	31
1915	18
1916	27
1917	4
1918	28
1919	2
1920	2740
1921	4
1922	25
1923	7
1924	88
1925	81
1926	40
1927	2
1928	142
1929	8
1930	369
1931	6
1932	85
1933	12
1934	22
1935	69
1936	105
1937	4
1938	54
1939	3
1940	495
1941	10
1942	18
1943	10
1944	108
1945	37
1946	30
1947	7
1948	73
1949	4
1950	252
1951	5
1952	97
1953	7
1954	33
1955	36
1956	75
1957	4
1958	40
1959	6
1960	577
1961	6
1962	44
1963	6
1964	56
1965	33
1966	24
1967	7
1968	100
1969	5
1970	153
1971	7
1972	51
1973	10
1974	38
1975	17
1976	47
1977	5
1978	29
1979	5
1980	395
1982	24
1983	13
1984	70
1985	23
1986	33
1987	5
1988	55
1989	5
1990	98
1991	4
1992	80
1993	5
1994	22
1995	23
1996	46
1997	3
1998	24
1999	3
2000	436
2001	6
2002	26
2003	6
2004	52
2005	32
2006	12
2007	11
2008	61
2009	4
2010	162
2011	3
2012	33
2013	1
2014	13
2015	28
2016	74
2017	2
2018	20
2019	7
2020	176
2021	7
2022	27
2023	2
2024	51
2025	19
2026	19
2027	2
2028	43
2029	2
2030	54
2031	8
2032	43
2033	1
2034	15
2035	14
2036	28
2037	7
2038	12
2039	1
2040	340
2041	4
2042	12
2043	4
2044	29
2045	18
2046	20
2047	2
2048	43
2049	4
2050	94
2051	5
2052	52
2053	1
2054	9
2055	20
2056	38
2057	4
2058	22
2059	2
2060	136
2061	3
2062	10
2063	4
2064	59
2065	7
2066	16
2067	3
2068	28
2069	3
2070	81
2071	3
2072	29
2073	4
2074	11
2075	14
2076	31
2077	2
2078	13
2079	2
2080	245
2081	2
2082	17
2083	5
2084	20
2085	16
2086	15
2087	2
2088	46
2089	2
2090	69
2091	2
2092	20
2093	4
2094	15
2095	12
2096	28
2097	1
2098	12
2099	1
2100	185
2101	1
2102	16
2103	5
2104	32
2105	10
2106	12
2107	3
2108	23
2109	5
2110	53
2111	2
2112	43
2113	1
2114	12
2115	20
2116	23
2117	3
2118	15
2119	6
2120	121
2121	2
2122	7
2123	4
2124	25
2125	9
2126	6
2127	3
2128	31
2129	1
2130	69
2131	5
2132	23
2133	4
2134	6
2135	10
2136	25
2137	1
2138	10
2139	2
2140	64
2141	1
2142	5
2144	21
2145	17
2146	12
2147	1
2148	17
2149	3
2150	46
2151	2
2152	20
2153	1
2154	14
2155	11
2156	7
2158	7
2159	2
2160	2049
2161	3
2162	20
2163	4
2164	63
2165	73
2166	39
2167	5
2168	71
2169	8
2170	271
2171	3
2172	66
2173	4
2174	17
2175	128
2176	63
2177	1
2178	34
2179	2
2180	358
2181	7
2182	19
2183	8
2184	102
2185	30
2186	20
2187	5
2188	46
2189	1
2190	232
2191	5
2192	47
2194	23
2195	27
2196	52
2197	6
2198	22
2199	6
2200	391
2201	3
2202	28
2203	3
2204	40
2205	50
2206	13
2207	3
2208	70
2209	5
2210	99
2211	3
2212	39
2213	1
2214	25
2215	23
2216	53
2217	10
2218	16
2219	5
2220	272
2221	3
2222	13
2223	3
2224	48
2225	21
2226	36
2227	3
2228	31
2229	3
2230	82
2231	2
2232	62
2233	5
2234	20
2235	22
2236	35
2237	6
2238	22
2239	2
2240	255
2241	7
2242	12
2243	5
2244	44
2245	22
2246	8
2247	6
2248	44
2249	4
2250	129
2251	1
2252	20
2253	7
2254	5
2255	17
2256	73
2257	4
2258	15
2259	3
2260	111
2261	4
2262	22
2264	31
2265	26
2266	13
2267	1
2268	36
2269	6
2270	54
2271	2
2272	35
2273	2
2274	13
2275	12
2276	26
2277	3
2278	12
2279	3
2280	287
2281	1
2282	13
2283	4
2284	15
2285	13
2286	13
2287	2
2288	28
2289	6
2290	52
2291	2
2292	24
2293	2
2294	17
2295	23
2296	30
2297	1
2298	15
2299	4
2300	70
2301	1
2302	12
2303	2
2304	65
2305	9
2306	8
2307	2
2308	14
2309	1
2310	55
2311	4
2312	23
2313	4
2314	10
2315	8
2316	28
2317	3
2318	14
2319	3
2320	163
2322	17
2324	25
2325	15
2326	9
2327	1
2328	43
2329	2
2330	44
2331	3
2332	27
2333	4
2334	14
2335	8
2336	44
2337	2
2338	12
2340	154
2342	12
2343	2
2344	27
2345	13
2346	9
2347	1
2348	16
2349	1
2350	37
2351	1
2352	37
2353	2
2354	4
2355	13
2356	24
2357	4
2358	13
2359	3
2360	96
2361	3
2362	6
2363	1
2364	18
2365	6
2366	3
2367	3
2368	28
2370	50
2372	16
2374	7
2375	9
2376	35
2377	2
2378	10
2379	4
2380	53
2381	1
2382	11
2383	2
2384	19
2385	8
2386	6
2387	3
2388	19
2389	1
2390	30
2391	5
2392	15
2394	12
2395	5
2396	15
2397	5
2398	9
2399	1
2400	5835
2402	20
2404	106
2405	237
2406	44
2407	1
2408	147
2409	7
2410	674
2411	2
2412	92
2413	6
2414	30
2415	185
2416	88
2417	4
2418	27
2419	5
2420	919
2421	3
2422	16
2423	6
2424	85
2425	84
2426	26
2427	1
2428	33
2429	6
2430	469
2431	4
2432	52
2433	5
2434	19
2435	42
2436	41
2438	29
2439	5
2440	780
2441	2
2442	24
2443	2
2444	46
2445	76
2446	21
2447	4
2448	61
2449	4
2450	204
2451	7
2452	26
2453	6
2454	22
2455	43
2456	36
2457	3
2458	17
2459	2
2460	494
2461	4
2462	12
2463	2
2464	32
2465	46
2466	17
2467	2
2468	19
2469	7
2470	132
2471	5
2472	24
2473	3
2474	12
2475	43
2476	20
2478	15
2479	2
2480	490
2481	5
2482	10
2483	3
2484	43
2485	44
2486	11
2487	1
2488	33
2490	193
2491	2
2492	19
2493	1
2494	6
2495	23
2496	38
2497	3
2498	9
2499	3
2500	219
2501	2
2502	15
2503	1
2504	28
2505	29
2506	10
2507	3
2508	17
2509	2
2510	83
2511	1
2512	20
2513	1
2514	12
2515	15
2516	9
2518	5
2519	2
2520	446
2522	7
2523	1
2524	31
2525	34
2526	24
2528	23
2529	3
2530	86
2531	2
2532	28
2533	1
2534	5
2535	29
2536	26
2537	1
2538	10
2539	1
2540	126
2541	3
2542	4
2544	33
2545	17
2546	3
2547	2
2548	12
2549	2
2550	108
2552	26
2554	12
2555	22
2556	16
2557	2
2558	7
2559	2
2560	316
2561	1
2562	6
2563	1
2564	14
2565	26
2566	13
2567	1
2568	25
2569	1
2570	85
2571	2
2572	15
2573	2
2574	11
2575	21
2576	27
2577	3
2578	7
2579	1
2580	207
2581	2
2582	5
2583	2
2584	22
2585	17
2586	9
2587	3
2588	11
2589	2
2590	57
2591	2
2592	31
2594	4
2595	25
2596	9
2597	2
2598	6
2600	156
2601	1
2602	7
2603	2
2604	16
2605	10
2606	11
2607	3
2608	25
2610	80
2611	2
2612	14
2613	4
2614	12
2615	13
2616	25
2617	6
2618	5
2620	90
2621	3
2622	7
2623	1
2624	15
2625	11
2626	6
2627	3
2628	16
2630	47
2632	20
2634	7
2635	6
2636	9
2637	2
2638	2
2639	1
2640	239
2641	1
2642	9
2644	12
2645	12
2646	12
2647	3
2648	26
2649	2
2650	48
2651	2
2652	13
2653	1
2654	2
2655	14
2656	19
2657	2
2658	8
2659	1
2660	74
2661	4
2662	8
2663	1
2664	32
2665	8
2666	5
2668	14
2669	1
2670	56
2671	1
2672	12
2673	3
2674	3
2675	10
2676	8
2677	2
2678	1
2679	2
2680	84
2682	8
2683	3
2684	10
2685	11
2686	6
2687	1
2688	13
2690	37
2691	2
2692	14
2693	1
2694	3
2695	9
2696	13
2697	1
2698	7
2699	1
2700	159
2701	1
2702	4
2703	2
2704	13
2705	8
2706	8
2708	7
2709	2
2710	21
2712	19
2713	1
2714	5
2715	13
2716	13
2717	1
2718	8
2719	4
2720	102
2721	3
2722	5
2724	13
2725	8
2726	4
2728	16
2730	41
2732	15
2733	2
2734	3
2735	8
2736	10
2738	3
2740	73
2741	1
2742	5
2744	8
2745	8
2746	4
2748	13
2750	9
2751	1
2752	15
2753	1
2754	7
2755	6
2756	9
2757	4
2758	5
2759	2
2760	122
2761	1
2762	6
2764	9
2765	4
2766	6
2767	1
2768	15
2769	1
2770	32
2771	2
2772	10
2773	1
2774	3
2775	8
2776	9
2777	2
2778	3
2780	53
2781	1
2782	5
2783	2
2784	13
2785	5
2786	2
2787	2
2788	10
2789	2
2790	35
2791	1
2792	10
2793	1
2794	2
2795	7
2796	7
2798	6
2799	2
2800	103
2801	3
2802	4
2804	10
2805	8
2806	3
2807	2
2808	10
2809	1
2810	23
2812	5
2813	3
2814	5
2815	7
2816	5
2817	1
2819	1
2820	59
2822	3
2824	4
2825	3
2826	5
2827	1
2828	6
2829	1
2830	31
2831	3
2832	19
2833	2
2834	1
2835	5
2836	2
2837	1
2838	1
2840	37
2841	1
2842	2
2843	1
2844	13
2845	2
2846	1
2848	5
2849	1
2850	23
2852	4
2853	1
2854	3
2855	4
2856	6
2857	4
2858	4
2859	1
2860	40
2861	1
2862	5
2863	2
2864	6
2865	2
2866	3
2867	2
2868	6
2870	17
2871	1
2872	6
2874	2
2875	2
2876	7
2877	1
2879	1
2880	1477
2882	5
2884	36
2885	45
2886	13
2888	45
2889	4
2890	171
2891	2
2892	24
2893	5
2894	7
2895	47
2896	52
2897	1
2898	21
2900	257
2901	3
2902	5
2903	1
2904	46
2905	15
2906	7
2907	3
2908	22
2909	2
2910	144
2911	5
2912	27
2913	3
2914	5
2915	14
2916	24
2918	9
2919	8
2920	217
2922	13
2923	1
2924	14
2925	20
2926	14
2927	1
2928	29
2929	5
2930	56
2931	2
2932	16
2933	1
2934	12
2935	10
2936	16
2937	3
2938	9
2939	1
2940	176
2941	2
2942	4
2943	3
2944	19
2945	12
2946	12
2948	20
2949	2
2950	45
2951	1
2952	33
2953	2
2954	7
2955	17
2956	15
2957	1
2958	6
2959	2
2960	130
2961	1
2962	7
2963	2
2964	19
2965	11
2966	8
2967	2
2968	13
2969	1
2970	72
2972	8
2974	9
2975	6
2976	22
2978	6
2979	3
2980	58
2981	2
2982	7
2983	4
2984	13
2985	15
2986	4
2987	1
2988	12
2990	27
2991	1
2992	5
2993	1
2994	9
2995	3
2996	8
2997	1
2998	7
2999	2
3000	156
3001	1
3002	7
3003	3
3004	11
3005	5
3006	12
3008	11
3009	2
3010	23
3011	1
3012	11
3013	3
3014	3
3015	12
3016	6
3017	3
3018	6
3020	51
3021	2
3022	8
3023	5
3024	21
3025	5
3026	6
3028	12
3030	37
3032	5
3033	1
3034	1
3035	4
3036	10
3037	1
3038	2
3039	1
3040	77
3042	5
3043	1
3044	6
3045	7
3046	4
3047	1
3048	5
3049	1
3050	23
3051	1
3052	4
3053	1
3054	3
3055	4
3056	10
3057	1
3058	5
3059	1
3060	81
3061	2
3062	6
3063	2
3064	19
3065	4
3066	2
3067	1
3068	8
3069	1
3070	10
3071	1
3072	9
3073	1
3074	4
3075	7
3076	5
3077	1
3078	4
3079	2
3080	52
3081	1
3082	4
3083	1
3084	8
3085	3
3086	1
3088	11
3089	2
3090	23
3092	6
3094	1
3095	3
3096	6
3097	1
3098	4
3099	2
3100	24
3101	1
3102	1
3104	7
3105	5
3106	4
3108	10
3110	20
3112	6
3114	4
3115	1
3116	3
3117	1
3118	1
3119	2
3120	80
3122	2
3124	5
3125	3
3126	2
3127	1
3128	13
3129	1
3130	18
3132	9
3133	1
3134	3
3135	6
3136	4
3137	1
3138	6
3139	1
3140	31
3141	1
3142	1
3144	7
3145	1
3148	2
3150	22
3152	5
3153	1
3155	3
3156	2
3158	2
3160	24
3162	1
3163	2
3164	2
3165	6
3166	2
3167	2
3168	9
3169	1
3170	11
3171	1
3172	4
3174	5
3175	6
3176	5
3177	1
3178	2
3180	43
3182	3
3184	1
3186	1
3188	2
3189	1
3190	10
3191	1
3192	7
3193	1
3195	1
3196	2
3197	1
3200	2579
3201	1
3202	7
3204	71
3205	100
3206	10
3207	2
3208	60
3209	3
3210	339
3212	18
3213	2
3214	11
3215	58
3216	29
3217	3
3218	11
3219	2
3220	449
3221	4
3222	3
3223	3
3224	24
3225	38
3226	12
3227	1
3228	14
3229	2
3230	196
3231	2
3232	19
3233	5
3234	6
3235	18
3236	9
3238	3
3239	2
3240	636
3241	4
3242	7
3243	1
3244	11
3245	31
3246	8
3248	29
3249	2
3250	112
3251	2
3252	27
3253	2
3254	5
3255	29
3256	19
3257	2
3258	13
3260	205
3261	2
3262	4
3263	1
3264	17
3265	21
3266	6
3267	1
3268	9
3269	2
3270	94
3272	13
3273	1
3274	5
3275	17
3276	21
3278	3
3279	1
3280	263
3282	7
3283	1
3284	8
3285	13
3286	6
3288	10
3289	2
3290	83
3291	2
3292	6
3293	3
3294	9
3295	9
3296	17
3297	6
3298	6
3300	131
3302	1
3303	2
3304	17
3305	5
3306	3
3308	10
3309	3
3310	38
3311	2
3312	15
3314	5
3315	15
3316	5
3317	1
3318	6
3319	2
3320	174
3321	1
3322	5
3324	8
3325	4
3326	3
3327	2
3328	10
3329	1
3330	60
3331	1
3332	2
3333	2
3334	2
3335	7
3336	13
3337	1
3338	1
3339	1
3340	63
3341	1
3342	5
3344	6
3345	10
3346	4
3348	5
3350	42
3351	1
3352	8
3353	2
3354	2
3355	8
3356	8
3358	2
3360	140
3362	6
3363	1
3364	3
3365	6
3367	1
3368	6
3369	1
3370	34
3371	1
3372	10
3373	1
3375	8
3376	11
3378	2
3379	2
3380	71
3383	1
3384	13
3385	6
3388	8
3389	1
3390	44
3392	6
3394	2
3395	2
3396	4
3398	4
3399	1
3400	65
3402	4
3404	8
3405	2
3406	1
3408	8
3409	2
3410	19
3411	1
3412	5
3413	1
3414	4
3415	3
3416	7
3417	1
3418	3
3419	2
3420	74
3422	1
3423	2
3424	5
3425	8
3426	3
3427	2
3428	1
3430	26
3432	7
3434	1
3435	5
3436	4
3438	4
3439	1
3440	97
3441	1
3442	3
3443	2
3444	10
3445	5
3446	3
3447	1
3448	5
3449	2
3450	32
3451	1
3452	6
3453	1
3454	3
3455	7
3456	6
3458	1
3460	42
3462	1
3463	2
3464	6
3465	6
3466	2
3468	2
3469	1
3470	18
3471	1
3472	4
3473	1
3474	5
3475	4
3476	4
3478	1
3479	1
3480	61
3482	1
3483	1
3484	7
3485	6
3486	1
3487	1
3488	10
3489	1
3490	15
3491	1
3492	7
3494	1
3495	6
3496	10
3498	1
3500	31
3501	1
3504	8
3506	2
3507	1
3508	7
3509	1
3510	22
3512	6
3513	3
3514	1
3515	5
3516	3
3518	1
3519	1
3520	56
3522	4
3523	2
3524	3
3525	6
3526	6
3528	10
3530	18
3532	2
3533	1
3535	2
3536	5
3539	1
3540	28
3541	1
3542	1
3544	3
3545	1
3546	3
3547	1
3548	2
3550	11
3551	2
3552	4
3554	1
3555	3
3556	3
3560	55
3561	1
3562	4
3564	5
3565	2
3568	4
3570	23
3572	1
3573	1
3574	2
3575	3
3576	7
3577	2
3578	1
3580	23
3581	1
3582	1
3584	2
3585	3
3586	1
3588	3
3589	1
3590	15
3592	2
3594	3
3596	3
3598	1
3599	1
3600	1120
3601	1
3602	5
3604	17
3605	30
3606	18
3608	18
3610	148
3612	24
3613	1
3614	6
3615	46
3616	15
3617	1
3618	6
3620	172
3621	3
3622	5
3623	4
3624	32
3625	17
3626	7
3627	1
3628	12
3629	1
3630	102
3631	3
3632	12
3634	5
3635	12
3636	8
3637	1
3638	4
3639	1
3640	153
3641	1
3642	9
3644	5
3645	23
3646	1
3647	1
3648	9
3649	3
3650	50
3651	1
3652	9
3653	1
3654	4
3655	11
3656	12
3657	1
3658	3
3659	1
3660	110
3661	1
3662	3
3663	3
3664	5
3665	3
3666	6
3667	1
3668	6
3669	1
3670	30
3672	8
3674	1
3675	6
3676	7
3678	4
3679	1
3680	125
3682	3
3684	8
3685	7
3686	3
3687	1
3688	10
3690	46
3692	3
3693	3
3694	2
3695	11
3696	8
3697	1
3698	1
3699	2
3700	47
3701	2
3702	3
3704	6
3705	5
3706	6
3708	5
3709	1
3710	26
3711	2
3712	8
3714	3
3715	5
3716	3
3717	1
3719	1
3720	101
3721	1
3722	5
3723	1
3724	1
3725	9
3726	4
3728	6
3729	2
3730	14
3732	11
3733	1
3734	1
3735	12
3736	7
3738	4
3740	33
3742	2
3744	10
3745	3
3746	1
3748	2
3750	25
3752	3
3753	1
3754	2
3755	6
3756	9
3758	3
3759	1
3760	51
3762	1
3763	1
3764	3
3765	9
3766	3
3768	5
3770	13
3771	1
3772	4
3773	1
3774	2
3775	2
3776	5
3778	1
3779	2
3780	51
3781	1
3783	1
3784	1
3785	2
3788	1
3790	19
3791	1
3792	4
3794	2
3795	4
3796	2
3797	1
3798	1
3800	33
3803	1
3804	2
3805	1
3806	1
3808	5
3810	13
3812	5
3814	1
3815	4
3816	4
3817	1
3818	1
3819	1
3820	20
3824	3
3825	2
3826	2
3827	1
3828	3
3830	9
3835	2
3836	1
3837	1
3838	1
3840	248
3844	8
3845	5
3846	2
3847	1
3848	12
3850	35
3851	1
3852	6
3854	2
3855	2
3856	13
3857	2
3858	6
3859	1
3860	47
3861	2
3863	3
3864	5
3865	4
3866	1
3868	5
3870	35
3871	1
3872	8
3873	1
3874	2
3875	4
3876	1
3877	1
3878	2
3880	48
3881	1
3882	3
3884	4
3885	10
3886	1
3887	1
3888	8
3890	17
3892	2
3893	1
3894	2
3895	3
3896	2
3898	3
3900	37
3902	1
3903	1
3904	5
3905	4
3906	3
3908	3
3909	1
3910	7
3911	1
3912	8
3913	1
3914	2
3915	6
3916	2
3918	4
3920	51
3922	1
3924	4
3926	2
3927	1
3928	4
3930	26
3931	1
3935	2
3936	5
3937	1
3938	3
3939	2
3940	22
3942	1
3944	4
3945	3
3948	1
3949	1
3950	9
3952	3
3956	2
3958	2
3959	1
3960	60
3962	1
3964	6
3965	3
3966	2
3967	1
3968	4
3969	2
3970	9
3972	1
3974	2
3975	1
3976	2
3978	3
3980	13
3981	1
3983	2
3984	5
3985	3
3988	2
3989	1
3990	5
3992	4
3995	2
3996	2
3999	1
4000	82
4001	1
4002	4
4003	1
4004	5
4005	1
4006	2
4008	8
4010	8
4014	1
4015	1
4016	5
4018	1
4020	23
4024	4
4025	2
4026	1
4028	4
4030	10
4032	2
4033	1
4034	2
4035	3
4036	1
4038	1
4039	1
4040	17
4042	2
4044	2
4045	2
4048	2
4050	15
4052	2
4054	2
4055	2
4056	1
4057	1
4060	8
4062	1
4064	6
4065	2
4067	1
4068	1
4070	4
4071	1
4072	3
4074	2
4076	4
4078	1
4080	35
4082	1
4084	4
4085	1
4088	4
4090	3
4092	4
4093	2
4094	2
4096	2
4098	2
4100	13
4101	1
4102	2
4103	1
4104	5
4106	1
4108	5
4110	7
4111	1
4112	6
4114	1
4115	2
4116	1
4117	1
4118	1
4120	14
4122	2
4123	1
4124	2
4125	3
4126	1
4128	1
4130	5
4135	1
4136	3
4138	1
4140	22
4141	1
4142	1
4144	1
4145	2
4146	2
4148	1
4150	3
4152	4
4154	1
4155	2
4156	2
4158	1
4160	12
4162	1
4163	1
4164	2
4165	1
4170	10
4171	1
4172	3
4176	1
4180	15
4181	1
4183	2
4184	2
4186	1
4188	1
4189	2
4190	7
4192	3
4196	1
4200	30
4203	1
4205	1
4208	2
4210	5
4212	1
4213	1
4215	2
4216	3
4220	12
4223	2
4225	1
4226	1
4229	2
4230	5
4232	1
4236	1
4238	2
4240	15
4242	2
4244	1
4246	1
4248	1
4250	5
4253	2
4258	1
4260	9
4266	1
4267	1
4270	1
4272	1
4276	1
4280	9
4282	1
4284	1
4285	1
4288	3
4290	6
4292	2
4296	2
4300	4
4310	5
4312	2
4320	408
4322	2
4324	6
4325	10
4326	7
4327	1
4328	14
4329	1
4330	45
4332	12
4333	1
4334	2
4335	29
4336	9
4338	3
4340	71
4341	3
4344	18
4345	5
4347	3
4348	11
4350	34
4351	1
4352	10
4353	1
4354	3
4355	4
4356	3
4358	5
4360	64
4362	8
4364	1
4365	4
4366	2
4368	11
4369	1
4370	11
4371	2
4372	1
4373	1
4374	1
4375	1
4376	4
4377	1
4380	45
4381	1
4382	2
4383	2
4384	10
4385	1
4386	3
4388	6
4390	7
4392	6
4394	1
4395	11
4396	4
4398	1
4399	1
4400	45
4401	1
4402	3
4403	1
4404	7
4405	2
4406	4
4407	2
4408	3
4409	2
4410	27
4411	1
4412	3
4413	2
4414	2
4415	3
4416	8
4417	2
4418	3
4419	1
4420	19
4422	2
4424	4
4425	2
4428	7
4429	1
4430	3
4432	3
4434	3
4435	2
4436	2
4437	2
4438	1
4440	52
4443	1
4444	2
4446	4
4448	4
4450	6
4451	2
4452	2
4454	1
4455	2
4456	4
4458	1
4459	1
4460	10
4462	1
4464	4
4466	2
4467	2
4468	1
4470	7
4472	3
4474	1
4476	2
4480	14
4482	1
4484	2
4485	1
4486	1
4487	1
4488	3
4490	8
4491	1
4492	4
4494	2
4495	1
4496	2
4497	1
4500	26
4504	1
4506	3
4508	1
4510	6
4512	3
4515	2
4516	3
4518	1
4520	15
4524	2
4525	1
4526	1
4527	1
4530	9
4531	1
4532	2
4540	6
4542	3
4544	3
4545	1
4548	1
4549	1
4550	3
4551	1
4554	3
4558	2
4560	31
4564	1
4565	1
4566	2
4568	3
4569	1
4570	3
4571	1
4572	2
4575	1
4576	3
4580	8
4583	1
4584	4
4586	1
4589	1
4590	10
4592	2
4596	3
4597	1
4598	2
4600	7
4602	1
4605	3
4608	5
4609	1
4610	3
4611	1
4612	2
4618	1
4620	13
4622	2
4624	2
4626	1
4630	1
4632	1
4636	1
4638	1
4640	7
4643	1
4644	1
4646	1
4648	2
4650	6
4652	1
4655	2
4660	5
4662	1
4666	2
4668	2
4670	1
4671	1
4674	1
4676	1
4678	1
4680	16
4685	1
4686	2
4688	1
4690	2
4692	2
4694	2
4695	1
4696	1
4698	2
4700	6
4704	1
4705	1
4708	1
4710	3
4712	1
4715	1
4716	2
4719	1
4720	9
4726	1
4727	1
4728	1
4730	3
4732	1
4735	2
4736	2
4740	9
4744	2
4750	1
4752	3
4755	1
4756	2
4757	1
4760	3
4762	1
4767	1
4770	2
4773	1
4774	2
4775	1
4776	1
4780	2
4785	1
4786	1
4800	1805
4802	1
4804	19
4805	69
4806	10
4807	1
4808	40
4809	3
4810	213
4812	26
4813	4
4814	8
4815	59
4816	24
4818	9
4819	3
4820	283
4822	4
4823	4
4824	20
4825	27
4826	1
4827	3
4828	18
4829	2
4830	117
4831	3
4832	11
4833	2
4834	8
4835	13
4836	5
4838	6
4839	2
4840	260
4841	2
4842	5
4843	1
4844	9
4845	27
4846	5
4847	1
4848	13
4850	77
4852	6
4854	5
4855	6
4856	8
4857	2
4858	5
4859	1
4860	186
4861	2
4862	3
4864	10
4865	5
4866	1
4867	1
4868	6
4869	1
4870	31
4871	1
4872	11
4873	1
4874	3
4875	6
4876	5
4878	1
4879	1
4880	143
4881	1
4883	2
4884	8
4885	9
4886	1
4887	1
4888	5
4890	51
4891	1
4892	3
4893	1
4895	7
4896	8
4898	2
4900	58
4902	1
4904	5
4905	4
4908	9
4910	21
4912	1
4913	2
4914	4
4915	2
4916	3
4919	1
4920	111
4922	3
4924	1
4925	8
4926	1
4928	8
4929	3
4930	23
4932	3
4934	2
4935	7
4936	3
4937	1
4940	36
4944	5
4945	8
4946	4
4947	1
4948	3
4950	24
4951	1
4952	3
4954	2
4955	1
4956	4
4959	1
4960	53
4962	3
4964	2
4965	4
4966	1
4968	6
4970	13
4971	1
4972	1
4974	1
4975	7
4976	6
4978	2
4980	43
4982	1
4983	1
4984	3
4985	6
4988	4
4990	11
4992	3
4994	1
4995	7
4996	4
4998	2
5000	45
5004	2
5005	1
5008	4
5009	1
5010	19
5012	2
5015	2
5016	3
5020	20
5021	1
5022	3
5025	6
5028	2
5030	11
5034	2
5035	1
5040	59
5044	1
5045	1
5046	4
5048	2
5050	15
5051	1
5052	6
5055	4
5056	2
5058	1
5060	35
5062	1
5064	1
5065	1
5066	1
5067	1
5070	12
5072	1
5075	1
5080	24
5081	1
5082	3
5084	2
5085	4
5088	1
5090	8
5095	1
5096	2
5098	2
5100	24
5103	2
5104	2
5105	1
5108	2
5110	6
5112	1
5113	1
5114	2
5115	3
5120	31
5123	1
5124	4
5125	1
5127	1
5130	9
5131	1
5132	1
5134	2
5135	3
5136	1
5139	1
5140	15
5142	1
5143	1
5144	2
5145	2
5146	5
5148	1
5150	8
5151	2
5152	1
5155	2
5156	1
5160	30
5164	3
5165	3
5166	1
5168	1
5171	1
5172	2
5175	2
5176	1
5180	9
5184	1
5185	1
5187	1
5190	11
5191	1
5192	1
5193	1
5195	2
5196	3
5197	1
5200	31
5204	1
5205	2
5208	4
5210	6
5212	4
5213	2
5214	2
5215	2
5216	2
5218	1
5220	6
5224	3
5225	2
5226	3
5230	3
5232	1
5233	1
5234	1
5235	2
5236	1
5240	10
5241	2
5244	1
5245	2
5248	1
5250	11
5252	1
5255	1
5256	3
5258	1
5259	1
5260	11
5261	1
5262	1
5263	2
5265	4
5268	1
5270	3
5275	1
5276	1
5277	1
5280	17
5284	1
5285	1
5286	3
5288	1
5290	6
5294	1
5296	2
5297	1
5300	8
5303	1
5304	1
5305	3
5306	1
5310	9
5312	2
5315	1
5316	1
5320	13
5328	1
5330	4
5335	1
5340	12
5344	1
5350	5
5357	1
5360	10
5363	1
5364	1
5366	2
5368	1
5370	2
5372	1
5374	1
5380	4
5384	2
5385	1
5386	1
5390	2
5392	1
5395	1
5400	90
5402	1
5403	1
5404	1
5405	7
5406	2
5408	4
5410	6
5412	1
5414	2
5415	2
5416	3
5418	2
5419	1
5420	17
5424	6
5425	4
5427	1
5428	1
5430	15
5432	2
5435	1
5436	2
5437	1
5438	1
5440	16
5442	1
5445	3
5448	5
5450	6
5454	1
5455	4
5456	1
5460	20
5461	1
5465	1
5466	2
5470	4
5472	2
5475	4
5476	1
5480	9
5481	1
5482	1
5484	1
5487	1
5488	1
5490	3
5496	2
5500	2
5502	1
5505	1
5507	1
5510	3
5520	26
5525	2
5528	4
5530	6
5532	1
5535	2
5538	1
5539	1
5540	6
5541	1
5544	1
5545	2
5546	1
5550	9
5552	1
5556	1
5560	3
5564	1
5567	1
5568	1
5570	4
5572	2
5575	2
5580	7
5583	1
5586	1
5589	2
5590	3
5595	1
5596	3
5600	17
5602	1
5603	1
5606	1
5608	1
5610	2
5615	1
5617	1
5620	4
5625	2
5632	1
5635	2
5637	1
5640	11
5644	1
5648	2
5660	7
5662	1
5665	1
5670	1
5680	1
5685	2
5690	3
5691	2
5692	2
5693	1
5694	1
5696	2
5698	1
5700	2
5702	1
5703	1
5710	4
5712	1
5720	4
5730	4
5732	1
5736	2
5740	3
5745	1
5750	1
5760	123
5762	1
5764	3
5765	3
5766	1
5768	8
5770	18
5772	3
5773	1
5775	2
5776	4
5777	1
5778	1
5780	27
5781	1
5782	1
5784	1
5785	1
5786	2
5790	8
5792	3
5794	1
5795	1
5796	2
5798	2
5799	1
5800	7
5802	1
5806	1
5808	7
5810	5
5814	1
5816	2
5818	1
5820	18
5824	3
5826	2
5828	1
5832	1
5834	1
5838	1
5840	18
5842	2
5844	1
5850	11
5852	1
5856	3
5858	1
5859	1
5860	10
5863	1
5866	1
5868	1
5870	1
5872	1
5876	1
5880	14
5888	2
5890	3
5891	2
5892	1
5893	1
5896	2
5898	1
5900	5
5903	1
5904	3
5908	1
5910	4
5920	13
5922	2
5924	1
5925	1
5928	2
5930	1
5932	1
5937	1
5938	1
5940	7
5946	1
5950	1
5952	2
5955	1
5960	4
5963	1
5964	2
5967	1
5968	1
5969	1
5970	2
5972	2
5975	1
5980	2
5985	1
5986	2
5990	3
5991	1
5996	1
6000	15
6003	1
6004	1
6008	1
6009	1
6011	1
6012	1
6015	2
6016	1
6020	5
6024	3
6025	1
6028	1
6030	3
6036	2
6040	3
6048	1
6053	1
6054	1
6055	1
6056	1
6057	1
6060	4
6065	2
6066	1
6070	2
6075	1
6078	1
6080	3
6090	2
6092	2
6096	1
6100	5
6108	1
6110	1
6114	1
6116	1
6120	7
6123	1
6124	1
6126	1
6128	1
6130	1
6136	1
6140	6
6143	1
6144	1
6149	1
6150	1
6157	1
6160	2
6165	1
6170	1
6180	4
6183	1
6188	1
6194	1
6196	1
6200	1
6204	1
6210	1
6220	1
6230	2
6232	1
6240	7
6246	1
6256	1
6259	1
6264	1
6270	2
6280	2
6282	1
6295	1
6296	1
6299	1
6300	3
6302	1
6305	2
6310	1
6315	1
6320	1
6324	1
6343	1
6346	1
6350	2
6355	1
6360	6
6372	2
6376	1
6378	1
6390	1
6392	1
6398	1
6400	391
6402	2
6404	8
6405	9
6406	2
6408	8
6410	58
6412	4
6415	8
6416	5
6418	3
6420	74
6422	1
6423	1
6424	7
6425	4
6426	2
6428	3
6430	26
6432	5
6434	1
6435	1
6436	1
6437	1
6440	65
6441	1
6442	1
6444	5
6445	3
6448	2
6450	11
6452	1
6455	1
6456	2
6458	1
6460	40
6462	1
6464	1
6468	3
6470	8
6472	2
6474	1
6475	1
6477	1
6480	108
6481	1
6484	1
6485	1
6488	5
6490	15
6491	1
6492	3
6495	5
6496	3
6497	1
6498	1
6500	24
6501	2
6502	1
6504	1
6506	3
6508	1
6510	20
6512	1
6513	1
6515	1
6516	2
6520	33
6522	1
6524	1
6525	2
6528	1
6530	7
6532	3
6534	1
6535	1
6540	25
6541	1
6542	1
6544	1
6545	3
6548	1
6550	3
6552	3
6556	2
6558	1
6560	22
6564	3
6568	1
6570	11
6576	8
6578	1
6580	21
6584	1
6585	1
6590	4
6596	1
6600	19
6602	1
6604	1
6605	2
6608	2
6610	3
6612	1
6620	6
6624	1
6626	2
6628	1
6630	1
6632	1
6635	1
6639	1
6640	18
6645	3
6650	6
6658	1
6660	15
6664	2
6666	1
6668	1
6670	3
6672	1
6675	1
6680	4
6683	1
6688	1
6690	2
6692	1
6696	1
6700	2
6706	1
6707	1
6708	2
6710	6
6711	1
6712	1
6715	1
6716	1
6718	1
6720	8
6724	2
6725	1
6726	1
6728	1
6730	3
6732	2
6734	1
6736	1
6740	4
6760	6
6764	1
6765	1
6768	4
6770	4
6778	2
6780	10
6781	1
6785	1
6790	1
6791	1
6794	1
6796	1
6800	9
6802	1
6810	1
6813	1
6814	1
6820	1
6825	1
6830	2
6836	1
6840	5
6848	1
6850	3
6858	1
6860	1
6861	1
6865	1
6867	1
6870	1
6874	1
6880	5
6884	1
6888	1
6890	3
6894	1
6896	1
6898	1
6900	4
6903	1
6904	1
6905	1
6910	1
6920	3
6924	1
6930	3
6932	1
6940	2
6942	1
6946	1
6947	1
6950	1
6952	1
6960	5
6965	1
6966	1
6969	1
6975	1
6976	1
6980	6
6988	1
6998	1
7000	2
7009	1
7016	1
7020	3
7030	2
7040	1
7045	1
7060	1
7073	1
7075	1
7076	1
7080	1
7090	1
7092	1
7100	1
7110	1
7125	1
7130	1
7140	2
7142	1
7200	458
7204	5
7205	13
7206	7
7208	7
7210	56
7212	10
7214	1
7215	22
7216	3
7218	3
7220	65
7222	2
7223	1
7224	5
7225	3
7226	4
7227	1
7228	3
7229	1
7230	50
7232	7
7234	1
7235	3
7236	5
7238	5
7240	64
7242	5
7243	1
7244	2
7245	8
7248	4
7250	22
7251	1
7252	1
7255	3
7256	2
7260	53
7264	2
7265	6
7266	1
7268	4
7270	12
7272	2
7273	1
7274	1
7275	2
7276	1
7278	1
7280	32
7284	4
7286	1
7290	17
7292	1
7294	2
7295	1
7296	2
7298	2
7300	12
7302	1
7304	2
7305	1
7310	5
7312	1
7314	1
7315	2
7316	2
7318	1
7320	34
7324	1
7325	5
7328	2
7329	2
7330	10
7332	1
7334	1
7336	1
7340	12
7344	1
7348	1
7350	7
7352	2
7355	2
7356	1
7360	22
7365	2
7368	2
7370	4
7375	2
7376	2
7380	12
7382	1
7383	1
7384	1
7385	1
7386	1
7390	4
7392	1
7395	1
7396	2
7398	1
7400	10
7404	1
7406	1
7410	4
7413	1
7415	1
7416	1
7420	5
7422	1
7424	1
7425	1
7428	1
7430	2
7435	2
7440	18
7448	1
7449	1
7450	3
7452	2
7455	1
7456	1
7460	9
7470	5
7472	2
7476	1
7480	8
7490	1
7500	12
7504	1
7505	1
7510	1
7512	1
7515	2
7520	3
7527	2
7530	3
7540	2
7545	1
7554	1
7559	1
7560	12
7565	1
7570	4
7580	4
7583	1
7590	2
7600	10
7605	1
7610	2
7618	1
7620	4
7630	1
7634	1
7635	1
7650	1
7660	2
7665	1
7680	17
7688	1
7690	5
7692	1
7693	1
7695	1
7696	1
7700	6
7704	1
7705	1
7708	2
7716	2
7720	2
7728	1
7735	1
7737	1
7740	4
7746	1
7760	2
7765	2
7770	1
7774	1
7776	3
7780	1
7781	1
7782	1
7790	1
7796	1
7800	7
7803	1
7804	1
7806	1
7820	4
7830	3
7840	6
7842	1
7860	2
7876	1
7880	1
7895	1
7900	1
7905	1
7911	1
7915	2
7918	1
7920	6
7930	2
7936	1
7940	1
7950	1
7955	1
7960	1
7968	1
7970	1
7985	1
7987	1
7990	1
7997	1
8000	13
8005	1
8006	1
8010	1
8014	1
8015	1
8020	4
8025	2
8030	2
8036	1
8040	2
8052	1
8055	1
8056	1
8060	2
8066	1
8070	1
8080	5
8090	1
8100	3
8103	1
8105	1
8114	1
8120	3
8130	2
8140	2
8144	1
8153	1
8160	5
8172	1
8180	2
8190	1
8200	1
8205	1
8240	2
8250	1
8255	1
8260	1
8270	1
8278	1
8280	2
8290	1
8292	1
8295	1
8316	1
8320	1
8322	1
8325	1
8330	1
8360	1
8364	2
8370	1
8380	2
8390	1
8399	1
8400	4
8422	1
8427	1
8430	1
8434	1
8460	1
8511	1
8535	1
8536	1
8550	1
8560	1
8580	1
8640	38
8648	1
8650	5
8652	1
8655	1
8656	3
8659	1
8660	6
8662	2
8664	3
8668	1
8670	5
8672	1
8676	1
8678	1
8680	2
8688	4
8692	1
8700	1
8702	1
8704	1
8705	1
8706	1
8712	1
8714	1
8717	1
8720	5
8728	1
8730	3
8740	3
8750	1
8760	5
8765	1
8775	2
8780	1
8790	1
8792	1
8800	4
8805	2
8820	4
8840	2
8848	1
8850	1
8860	2
8868	2
8870	2
8880	6
8940	2
8950	1
8960	1
8976	1
8979	1
8990	1
9000	4
9005	1
9012	1
9016	1
9030	1
9050	1
9060	2
9064	2
9075	1
9080	2
9116	1
9118	1
9170	1
9180	1
9210	1
9230	1
9240	1
9270	2
9300	3
9336	1
9340	2
9361	1
9420	1
9440	1
9470	2
9480	1
9540	1
9580	1
9600	246
9602	1
9604	1
9605	14
9606	1
9608	6
9610	34
9612	5
9614	2
9615	10
9616	3
9619	1
9620	54
9621	1
9622	2
9624	6
9625	3
9626	2
9628	1
9630	30
9632	1
9634	1
9635	1
9636	1
9639	1
9640	47
9645	4
9646	4
9647	1
9648	3
9649	1
9650	19
9652	2
9654	1
9655	2
9660	41
9664	1
9670	6
9673	1
9680	30
9684	1
9685	1
9690	10
9692	1
9694	2
9696	1
9700	14
9702	1
9705	2
9706	1
9708	1
9710	2
9716	1
9720	38
9722	1
9725	1
9726	2
9728	2
9730	6
9736	1
9740	4
9742	1
9744	2
9750	3
9752	1
9755	1
9756	2
9760	9
9766	1
9770	5
9775	1
9776	1
9780	12
9782	1
9790	2
9796	1
9800	6
9808	1
9810	2
9815	1
9820	2
9822	1
9834	1
9840	17
9844	1
9850	2
9852	1
9858	1
9860	3
9864	1
9870	2
9872	1
9880	5
9894	1
9900	5
9910	2
9915	1
9918	1
9920	6
9926	1
9930	2
9932	1
9935	1
9960	11
9965	1
9968	1
9970	2
9975	1
9980	5
9981	1
9984	1
9985	1
9990	3
10000	8
10010	1
10012	1
10018	1
10020	1
10035	2
10040	2
10050	1
10060	3
10062	1
10070	1
10071	1
10080	10
10085	1
10088	1
10090	3
10100	1
10115	1
10117	1
10120	2
10125	1
10130	1
10132	1
10135	1
10144	1
10150	1
10160	3
10170	1
10172	1
10180	1
10190	1
10194	1
10200	1
10215	2
10220	1
10238	1
10240	1
10258	1
10269	1
10280	1
10290	2
10300	1
10320	5
10330	1
10340	1
10360	3
10380	2
10400	2
10420	1
10440	1
10462	1
10530	1
10560	1
10580	1
10600	2
10620	1
10630	1
10642	1
10660	2
10700	2
10720	2
10725	1
10740	1
10760	1
10800	51
10804	1
10806	2
10808	2
10810	5
10815	3
10820	8
10824	1
10830	7
10833	1
10840	8
10844	1
10845	2
10848	1
10850	1
10856	2
10860	11
10869	1
10880	7
10896	2
10900	4
10905	1
10910	1
10920	5
10940	1
10950	3
10965	1
10975	1
10980	2
10992	2
11006	1
11008	1
11010	1
11022	1
11024	1
11030	1
11040	1
11048	1
11070	2
11074	1
11075	1
11110	1
11115	1
11120	1
11134	1
11160	2
11175	1
11190	1
11200	4
11205	1
11240	1
11290	1
11292	1
11304	1
11308	1
11320	1
11336	1
11340	1
11360	1
11362	1
11445	1
11455	1
11492	1
11520	4
11529	1
11540	1
11550	1
11572	1
11575	1
11584	1
11592	1
11600	2
11610	1
11620	1
11630	1
11640	2
11660	2
11674	1
11700	1
11710	1
11718	1
11720	1
11730	1
11736	1
11750	1
11760	1
11790	2
11800	1
11820	1
11865	1
11890	1
11892	1
11920	1
11990	1
12006	1
12008	1
12010	2
12014	1
12020	3
12024	1
12030	1
12032	1
12044	1
12060	1
12068	1
12100	1
12126	1
12140	2
12160	1
12162	1
12300	1
12331	1
12350	1
12452	1
12490	1
12600	1
12720	1
12800	48
12806	1
12810	3
12812	1
12815	1
12816	3
12820	9
12827	1
12828	1
12840	7
12848	1
12855	2
12858	1
12860	3
12880	1
12890	3
12900	3
12912	1
12920	4
12930	2
12950	1
12960	6
12975	1
12990	1
12992	1
13000	2
13011	1
13016	1
13020	4
13040	3
13060	1
13076	1
13090	1
13108	1
13130	1
13140	2
13150	1
13170	1
13180	2
13200	1
13236	1
13280	2
13300	1
13350	1
13372	1
13380	1
13392	1
13395	1
13400	1
13455	1
13600	1
13680	1
13740	1
14000	1
14010	1
14160	1
14180	1
14272	1
14310	1
14400	98
14404	2
14405	3
14406	1
14408	1
14410	8
14412	5
14414	1
14415	1
14416	2
14418	1
14420	11
14424	1
14426	2
14428	1
14430	8
14432	2
14440	9
14445	2
14447	1
14450	1
14455	2
14460	9
14468	1
14470	2
14472	2
14475	1
14476	1
14478	2
14480	8
14490	4
14491	1
14498	1
14500	4
14504	1
14505	1
14510	2
14520	10
14522	1
14525	1
14530	1
14532	1
14535	2
14540	3
14548	1
14550	1
14560	4
14565	2
14570	1
14580	2
14584	1
14600	6
14613	1
14615	1
14620	2
14640	4
14644	1
14666	1
14676	1
14680	5
14695	1
14696	1
14700	2
14720	1
14740	1
14756	1
14760	6
14765	1
14784	1
14790	1
14799	1
14800	3
14820	3
14830	1
14835	1
14840	2
14880	3
14900	1
14920	1
14938	1
14940	1
14956	1
14980	1
15002	1
15020	1
15040	1
15060	1
15080	1
15100	1
15120	4
15128	1
15150	1
15190	1
15300	1
15340	1
15380	1
15418	1
15480	1
15600	2
15650	1
15660	1
15700	1
15780	1
15810	1
16000	5
16020	1
16060	1
16080	1
16120	1
16166	1
16200	2
16213	1
16220	1
16229	1
16230	1
16245	1
16260	1
16272	1
16320	1
16376	1
16395	1
16700	1
16785	1
16800	1
16908	1
16910	1
17010	1
17280	2
17300	1
17320	1
17415	1
17468	1
17490	1
17580	1
17600	1
17640	1
17680	1
18000	3
18020	2
18282	1
18398	1
18480	2
19200	26
19204	1
19210	1
19214	1
19215	2
19220	5
19230	4
19240	3
19260	4
19268	1
19270	1
19272	1
19274	1
19280	5
19284	1
19300	1
19336	3
19350	1
19360	2
19384	1
19390	1
19408	2
19434	1
19440	1
19460	1
19472	1
19480	1
19490	2
19500	1
19560	1
19590	1
19615	1
19620	2
19656	1
19680	1
19705	1
19760	1
19774	1
19880	2
19920	1
20050	1
20160	1
20224	1
20320	1
21600	10
21606	2
21610	1
21612	1
21615	1
21618	1
21620	1
21621	1
21625	1
21628	1
21630	2
21640	2
21645	1
21650	1
21660	3
21690	2
21700	1
21701	1
21706	1
21720	1
21728	1
21735	1
21820	1
21870	1
21880	1
21900	2
22020	1
22088	1
22260	1
22340	1
22500	1
22860	1
22890	1
23328	1
23837	1
23962	1
24000	3
24010	1
25208	1
25600	1
25708	1
25920	1
25960	1
26010	1
26220	1
27910	1
28800	13
28808	1
28815	1
28816	1
28820	2
28830	2
28840	3
28842	1
28850	1
28860	2
28866	1
28880	3
28890	1
28894	1
28908	1
28920	2
28940	1
28962	1
29040	1
29070	2
29080	1
29200	1
29270	1
29352	1
29518	1
29560	1
29936	1
29954	1
30030	1
32400	1
32520	1
32606	1
33010	1
38400	2
38424	1
38474	1
38858	1
43200	3
43230	1
43260	1
43482	1
43500	1
45287	1
50142	1
58040	1
59056	1
