Pay	Frequency
0	912610226
2	1555542
4	3229121
5	2977555
6	500287
7	172253
8	3505673
9	108813
10	4782934
11	45756
12	1574764
13	104203
14	682253
15	775006
16	2849848
17	100593
18	620831
19	95528
20	5267962
21	216356
22	475653
23	99825
24	2013222
25	262824
26	459621
27	75468
28	1072788
29	91366
30	1860501
31	82597
32	1850174
33	64997
34	448761
35	134725
36	990616
37	68943
38	367506
39	64204
40	3855071
41	44411
42	545709
43	40359
44	816603
45	345506
46	334234
47	53661
48	1503183
49	41832
50	693251
51	65941
52	667907
53	56002
54	307644
55	167792
56	814369
57	52437
58	273617
59	32460
60	2055950
61	43904
62	273587
63	71231
64	852620
65	124554
66	278987
67	29958
68	532628
69	55420
70	393008
71	31914
72	777980
73	29420
74	189673
75	76169
76	462991
77	46488
78	243844
79	32810
80	1903960
81	40269
82	176922
83	22934
84	542141
85	139631
86	147458
87	46953
88	591129
89	26538
90	598647
91	22047
92	392562
93	50184
94	153651
95	79318
96	676886
97	22536
98	142804
99	35006
100	660039
101	29213
102	177304
103	23676
104	377263
105	70566
106	135268
107	17503
108	340420
109	22592
110	315065
111	31387
112	344603
113	19848
114	145459
115	37018
116	245039
117	32000
118	101301
119	18102
120	1265782
121	18820
122	122917
123	22125
124	263312
125	73408
126	143597
127	19657
128	344294
129	23281
130	220339
131	14561
132	315144
133	17815
134	96048
135	58456
136	287080
137	15341
138	125993
139	14863
140	332604
141	26335
142	82986
143	21387
144	356138
145	34079
146	78339
147	20336
148	167718
149	16266
150	157378
151	16125
152	227137
153	19904
154	99932
155	23528
156	196189
157	14346
158	69810
159	21093
160	674154
161	12810
162	92948
163	11700
164	146340
165	72796
166	59928
167	14201
168	249094
169	13044
170	146690
171	15176
172	126345
173	14173
174	74744
175	30989
176	259221
177	14174
178	57425
179	10995
180	416483
181	13031
182	56447
183	15793
184	165715
185	27082
186	74607
187	16295
188	121095
189	15254
190	96580
191	11747
192	246932
193	9696
194	49726
195	25967
196	115942
197	10941
198	75427
199	10682
200	335471
201	13086
202	47966
203	9586
204	130055
205	23333
206	43799
207	12943
208	137697
209	13777
210	88605
211	8852
212	99486
213	12589
214	39659
215	14847
216	141310
217	8190
218	37899
219	9907
220	227879
221	10553
222	47079
223	8360
224	110206
225	16633
226	35770
227	7303
228	107203
229	7859
230	50885
231	18265
232	92582
233	7408
234	43611
235	10566
236	74922
237	9656
238	30037
239	7607
240	546735
241	6490
242	52870
243	8848
244	90178
245	29250
246	39021
247	9708
248	107018
249	8823
250	86403
251	6642
252	100874
253	11026
254	32114
255	20871
256	106680
257	7094
258	36358
259	6362
260	136844
261	9168
262	27306
263	6541
264	153491
265	12978
266	27183
267	7471
268	66262
269	6953
270	72971
271	6192
272	90832
273	8067
274	26574
275	13443
276	74512
277	5870
278	26210
279	7067
280	121328
281	5725
282	31995
283	5614
284	54816
285	12651
286	44158
287	5343
288	118447
289	5236
290	35706
291	6399
292	50756
293	5565
294	29914
295	7786
296	60931
297	8316
298	22646
299	5769
300	108379
301	5137
302	23872
303	6279
304	61655
305	8330
306	26320
307	4705
308	69117
309	6086
310	29962
311	4491
312	79711
313	4630
314	19362
315	7301
316	42957
317	4687
318	26067
319	7960
320	161038
321	4818
322	19949
323	4228
324	50593
325	11957
326	18293
327	5168
328	48188
329	4317
330	75640
331	3859
332	36752
333	5215
334	18542
335	8105
336	73727
337	3801
338	21102
339	4360
340	60286
341	7533
342	20213
343	4192
344	40252
345	6923
346	17107
347	3536
348	39904
349	3698
350	26386
351	5019
352	69119
353	3750
354	17722
355	4592
356	31711
357	4659
358	14417
359	3250
360	175242
361	3298
362	15350
363	5562
364	39146
365	8847
366	19730
367	3640
368	44252
369	3907
370	26923
371	3146
372	43501
373	3310
374	26956
375	7557
376	43715
377	4076
378	19123
379	3308
380	48751
381	4174
382	14364
383	3137
384	69556
385	7218
386	13092
387	3512
388	29433
389	3228
390	28446
391	3111
392	40002
393	3405
394	12843
395	3805
396	50852
397	2928
398	13766
399	3341
400	157756
401	2967
402	16284
403	4012
404	28528
405	10301
406	13077
407	4644
408	50968
409	2956
410	26129
411	3248
412	25970
413	2943
414	14096
415	5367
416	39232
417	3052
418	18914
419	2436
420	53828
421	2580
422	11657
423	3134
424	29801
425	4605
426	13462
427	2267
428	22420
429	5087
430	16841
431	2296
432	45640
433	2453
434	10633
435	3788
436	20920
437	2677
438	12055
439	2383
440	90447
441	2908
442	12970
443	1992
444	25730
445	4380
446	9456
447	2713
448	28345
449	2265
450	17904
451	3277
452	20266
453	2842
454	8404
455	3328
456	33687
457	1997
458	8247
459	2280
460	26301
461	2410
462	19360
463	2095
464	22821
465	3373
466	8426
467	1996
468	24423
469	2040
470	10922
471	2223
472	20812
473	3012
474	9481
475	2349
476	15425
477	2279
478	7616
479	1795
480	164440
481	2306
482	9646
483	2097
484	31276
485	8917
486	10351
487	2044
488	28016
489	2317
490	26561
491	1641
492	22116
493	1863
494	10617
495	10103
496	27180
497	1975
498	9698
499	1814
500	35607
501	2330
502	7722
503	1827
504	35298
505	3527
506	13560
507	2469
508	16527
509	1844
510	17849
511	1839
512	24681
513	1854
514	7699
515	2484
516	18642
517	2860
518	7303
519	1867
520	39176
521	1562
522	9042
523	1609
524	14437
525	3741
526	6822
527	1523
528	44532
529	1647
530	10471
531	1681
532	14409
533	2110
534	7678
535	2111
536	18802
537	1680
538	6632
539	2248
540	36687
541	1531
542	6118
543	1716
544	18843
545	2549
546	10225
547	1383
548	13627
549	1896
550	16439
551	1283
552	25100
553	1292
554	6250
555	2165
556	14035
557	1506
558	7481
559	1631
560	26184
561	2400
562	5935
563	1270
564	16071
565	1974
566	5723
567	1594
568	16521
569	1259
570	10434
571	1318
572	21789
573	1532
574	5560
575	1510
576	27854
577	1218
578	5571
579	1443
580	15935
581	1231
582	6916
583	2237
584	13755
585	2436
586	5183
587	1170
588	15688
589	1179
590	6384
591	1397
592	13813
593	1259
594	9332
595	1295
596	11156
597	1410
598	6796
599	1019
600	49406
601	1145
602	5305
603	1230
604	11025
605	3679
606	5638
607	1030
608	12818
609	1384
610	8118
611	1437
612	12791
613	1041
614	4588
615	1825
616	20110
617	1096
618	5631
619	1017
620	14873
621	1332
622	3985
623	1048
624	21885
625	1522
626	4249
627	1773
628	9074
629	1051
630	7643
631	1056
632	10879
633	1093
634	4089
635	1296
636	11629
637	1217
638	7052
639	1101
640	27586
641	972
642	5087
643	992
644	9283
645	2078
646	4030
647	890
648	14675
649	1403
650	7340
651	1128
652	7877
653	997
654	4664
655	1435
656	10651
657	1066
658	3908
659	856
660	39169
661	974
662	3977
663	1203
664	10240
665	1272
666	4317
667	870
668	8392
669	1002
670	5079
671	1307
672	17499
673	834
674	3421
675	1241
676	9629
677	797
678	4277
679	888
680	14047
681	995
682	6497
683	740
684	8979
685	1113
686	3549
687	906
688	8353
689	1212
690	5140
691	761
692	6774
693	1356
694	3132
695	902
696	11509
697	813
698	3054
699	826
700	9150
701	813
702	4526
703	714
704	14222
705	1032
706	3112
707	691
708	8303
709	766
710	3429
711	733
712	8064
713	740
714	3911
715	2508
716	5966
717	795
718	2751
719	726
720	56908
721	729
722	3367
723	785
724	7674
725	2544
726	6043
727	782
728	11897
729	846
730	8371
731	720
732	9100
733	663
734	3496
735	2100
736	10984
737	1233
738	3989
739	773
740	11607
741	1183
742	3479
743	735
744	14409
745	1186
746	2970
747	788
748	11587
749	742
750	6443
751	766
752	10976
753	842
754	3745
755	950
756	9761
757	681
758	3216
759	1171
760	13120
761	671
762	3606
763	729
764	6936
765	1342
766	3020
767	854
768	16539
769	687
770	7330
771	763
772	6448
773	652
774	3623
775	834
776	8018
777	857
778	2808
779	598
780	13832
781	928
782	2773
783	820
784	8825
785	892
786	3215
787	579
788	5673
789	760
790	3297
791	588
792	14256
793	756
794	2493
795	758
796	5959
797	741
798	3208
799	566
800	70913
801	698
802	3038
803	801
804	8032
805	4273
806	3489
807	803
808	8268
809	615
810	12302
811	630
812	5591
813	692
814	3944
815	2219
816	11763
817	581
818	2475
819	911
820	13683
821	665
822	2977
823	514
824	6605
825	2291
826	2482
827	520
828	6396
829	573
830	6027
831	620
832	7937
833	572
834	2692
835	990
836	7913
837	619
838	2244
839	511
840	17365
841	545
842	2178
843	536
844	4652
845	1516
846	2600
847	752
848	5801
849	576
850	3836
851	505
852	5945
853	448
854	2152
855	899
856	5291
857	478
858	4018
859	464
860	7703
861	598
862	1943
863	475
864	9538
865	836
866	2069
867	525
868	4358
869	732
870	3329
871	630
872	4818
873	546
874	2101
875	661
876	4998
877	498
878	1815
879	493
880	25783
881	503
882	2647
883	436
884	5082
885	946
886	1790
887	483
888	6780
889	420
890	3223
891	703
892	3727
893	431
894	2082
895	616
896	5597
897	637
898	1745
899	419
900	8826
901	423
902	2991
903	496
904	4423
905	628
906	2071
907	455
908	3239
909	417
910	2934
911	382
912	7675
913	574
914	1561
915	597
916	3152
917	426
918	2044
919	403
920	7081
921	439
922	1605
923	498
924	7461
925	581
926	1568
927	403
928	4359
929	429
930	2540
931	421
932	3327
933	418
934	1557
935	1795
936	6527
937	393
938	1478
939	406
940	4258
941	363
942	1790
943	393
944	3766
945	638
946	2223
947	350
948	3924
949	421
950	1830
951	411
952	3718
953	323
954	1732
955	412
956	2992
957	588
958	1344
959	324
960	33144
961	363
962	2087
963	435
964	3817
965	1428
966	2053
967	388
968	7060
969	439
970	4979
971	318
972	4650
973	365
974	1559
975	1299
976	5175
977	407
978	1937
979	560
980	7537
981	475
982	1432
983	400
984	6298
985	608
986	1386
987	437
988	4282
989	375
990	8558
991	353
992	4722
993	373
994	1563
995	495
996	4041
997	328
998	1529
999	374
1000	7226
1001	547
1002	1727
1003	319
1004	3174
1005	714
1006	1447
1007	289
1008	7922
1009	301
1010	2019
1011	384
1012	4637
1013	358
1014	1978
1015	394
1016	3649
1017	395
1018	1351
1019	307
1020	5952
1021	335
1022	1425
1023	477
1024	3984
1025	424
1026	1548
1027	408
1028	2891
1029	383
1030	1684
1031	286
1032	4999
1033	301
1034	2095
1035	445
1036	2819
1037	276
1038	1510
1039	279
1040	6663
1041	342
1042	1170
1043	276
1044	3534
1045	897
1046	1161
1047	316
1048	3391
1049	321
1050	2434
1051	286
1052	2405
1053	434
1054	1145
1055	313
1056	7531
1057	292
1058	1171
1059	306
1060	3277
1061	311
1062	1407
1063	276
1064	3299
1065	399
1066	1364
1067	327
1068	3022
1069	251
1070	1308
1071	320
1072	3085
1073	270
1074	1281
1075	285
1076	2241
1077	292
1078	1700
1079	313
1080	10746
1081	268
1082	1060
1083	272
1084	2317
1085	533
1086	1394
1087	244
1088	3262
1089	393
1090	1753
1091	285
1092	4104
1093	216
1094	1174
1095	468
1096	3183
1097	252
1098	1337
1099	253
1100	7863
1101	329
1102	1047
1103	253
1104	5191
1105	481
1106	1033
1107	313
1108	2503
1109	223
1110	1804
1111	358
1112	3187
1113	324
1114	1065
1115	295
1116	2994
1117	246
1118	1319
1119	289
1120	4229
1121	259
1122	1870
1123	248
1124	2372
1125	359
1126	994
1127	258
1128	4534
1129	246
1130	1190
1131	340
1132	2162
1133	335
1134	1355
1135	253
1136	3047
1137	276
1138	1008
1139	230
1140	3692
1141	269
1142	1013
1143	307
1144	4203
1145	266
1146	1131
1147	200
1148	2111
1149	286
1150	1152
1151	208
1152	4719
1153	213
1154	855
1155	797
1156	2045
1157	283
1158	1091
1159	233
1160	3286
1161	281
1162	894
1163	223
1164	2628
1165	274
1166	1544
1167	252
1168	2481
1169	211
1170	1842
1171	216
1172	1848
1173	267
1174	881
1175	229
1176	3910
1177	235
1178	866
1179	237
1180	2088
1181	204
1182	1086
1183	243
1184	2311
1185	256
1186	869
1187	201
1188	3009
1189	196
1190	978
1191	242
1192	2180
1193	213
1194	959
1195	217
1196	2146
1197	236
1198	805
1199	249
1200	21919
1201	180
1202	977
1203	215
1204	2126
1205	1181
1206	960
1207	191
1208	2269
1209	322
1210	4340
1211	150
1212	2275
1213	206
1214	816
1215	674
1216	2254
1217	207
1218	1127
1219	186
1220	4049
1221	315
1222	952
1223	211
1224	3012
1225	437
1226	810
1227	195
1228	1534
1229	224
1230	1856
1231	175
1232	3166
1233	232
1234	784
1235	336
1236	1958
1237	154
1238	720
1239	216
1240	3971
1241	174
1242	943
1243	241
1244	1382
1245	427
1246	746
1247	172
1248	3519
1249	178
1250	1113
1251	215
1252	1454
1253	187
1254	1205
1255	269
1256	1837
1257	191
1258	707
1259	176
1260	3567
1261	224
1262	752
1263	182
1264	1820
1265	511
1266	891
1267	134
1268	1400
1269	177
1270	929
1271	150
1272	2747
1273	142
1274	795
1275	235
1276	1960
1277	181
1278	821
1279	165
1280	3917
1281	209
1282	654
1283	151
1284	1868
1285	232
1286	610
1287	249
1288	1815
1289	151
1290	1195
1291	154
1292	1323
1293	194
1294	574
1295	226
1296	2637
1297	143
1298	872
1299	154
1300	2105
1301	184
1302	859
1303	138
1304	1540
1305	210
1306	597
1307	123
1308	1613
1309	220
1310	838
1311	171
1312	1594
1313	186
1314	799
1315	162
1316	1196
1317	183
1318	539
1319	133
1320	16168
1321	164
1322	666
1323	145
1324	1505
1325	267
1326	906
1327	160
1328	1994
1329	160
1330	930
1331	162
1332	1684
1333	124
1334	612
1335	223
1336	1596
1337	157
1338	803
1339	143
1340	1511
1341	191
1342	1465
1343	148
1344	2796
1345	168
1346	565
1347	169
1348	1123
1349	142
1350	974
1351	137
1352	1579
1353	171
1354	526
1355	167
1356	1387
1357	151
1358	579
1359	140
1360	2193
1361	121
1362	682
1363	126
1364	2482
1365	218
1366	575
1367	124
1368	2042
1369	134
1370	644
1371	128
1372	1123
1373	120
1374	613
1375	952
1376	1252
1377	122
1378	681
1379	110
1380	1711
1381	124
1382	514
1383	143
1384	1166
1385	156
1386	1137
1387	115
1388	1025
1389	120
1390	582
1391	135
1392	1886
1393	115
1394	511
1395	152
1396	952
1397	212
1398	578
1399	135
1400	1702
1401	132
1402	478
1403	95
1404	1411
1405	139
1406	463
1407	132
1408	2571
1409	110
1410	708
1411	114
1412	995
1413	162
1414	468
1415	90
1416	1717
1417	134
1418	443
1419	173
1420	927
1421	128
1422	536
1423	108
1424	1157
1425	138
1426	469
1427	114
1428	1209
1429	130
1430	2255
1431	127
1432	989
1433	108
1434	533
1435	148
1436	814
1437	119
1438	448
1439	105
1440	14474
1441	143
1442	560
1443	145
1444	1170
1445	517
1446	582
1447	111
1448	1577
1449	125
1450	1785
1451	100
1452	2134
1453	123
1454	584
1455	437
1456	2119
1457	144
1458	663
1459	122
1460	2332
1461	159
1462	656
1463	166
1464	2615
1465	205
1466	497
1467	142
1468	1200
1469	148
1470	1364
1471	126
1472	1827
1473	158
1474	948
1475	126
1476	1388
1477	114
1478	600
1479	120
1480	2270
1481	130
1482	746
1483	97
1484	1358
1485	649
1486	504
1487	94
1488	3115
1489	121
1490	669
1491	148
1492	1105
1493	133
1494	599
1495	164
1496	2406
1497	120
1498	521
1499	85
1500	2285
1501	118
1502	553
1503	130
1504	1562
1505	152
1506	641
1507	135
1508	1168
1509	155
1510	634
1511	85
1512	2129
1513	103
1514	456
1515	142
1516	948
1517	154
1518	877
1519	86
1520	2020
1521	157
1522	409
1523	79
1524	1317
1525	140
1526	455
1527	130
1528	1588
1529	144
1530	798
1531	126
1532	866
1533	155
1534	522
1535	118
1536	2456
1537	91
1538	408
1539	108
1540	3082
1541	96
1542	586
1543	100
1544	1219
1545	131
1546	431
1547	91
1548	1177
1549	98
1550	541
1551	168
1552	1166
1553	85
1554	563
1555	103
1556	874
1557	115
1558	364
1559	80
1560	3554
1561	94
1562	596
1563	85
1564	859
1565	107
1566	544
1567	95
1568	1135
1569	102
1570	490
1571	75
1572	1204
1573	131
1574	384
1575	127
1576	1042
1577	85
1578	483
1579	73
1580	953
1581	123
1582	393
1583	92
1584	2793
1585	77
1586	557
1587	70
1588	805
1589	94
1590	509
1591	93
1592	1026
1593	94
1594	422
1595	316
1596	1081
1597	75
1598	376
1599	110
1600	23694
1601	67
1602	678
1603	81
1604	1192
1605	1532
1606	564
1607	105
1608	1981
1609	111
1610	3826
1611	91
1612	1125
1613	112
1614	554
1615	804
1616	1489
1617	133
1618	413
1619	93
1620	4658
1621	81
1622	369
1623	105
1624	1012
1625	483
1626	474
1627	89
1628	1071
1629	86
1630	1895
1631	61
1632	2019
1633	91
1634	359
1635	292
1636	803
1637	89
1638	593
1639	119
1640	3222
1641	86
1642	387
1643	81
1644	1048
1645	337
1646	346
1647	95
1648	1096
1649	94
1650	1901
1651	109
1652	732
1653	85
1654	344
1655	168
1656	1401
1657	85
1658	330
1659	80
1660	2265
1661	121
1662	409
1663	62
1664	1185
1665	209
1666	335
1667	73
1668	959
1669	66
1670	607
1671	94
1672	1238
1673	76
1674	399
1675	117
1676	681
1677	86
1678	310
1679	65
1680	3383
1681	73
1682	341
1683	98
1684	737
1685	178
1686	374
1687	66
1688	850
1689	76
1690	941
1691	64
1692	779
1693	76
1694	474
1695	115
1696	881
1697	65
1698	375
1699	72
1700	1128
1701	92
1702	325
1703	55
1704	1487
1705	234
1706	275
1707	75
1708	691
1709	85
1710	525
1711	66
1712	774
1713	77
1714	316
1715	96
1716	1277
1717	66
1718	283
1719	64
1720	1627
1721	67
1722	365
1723	58
1724	544
1725	133
1726	321
1727	82
1728	1621
1729	73
1730	454
1731	64
1732	625
1733	65
1734	314
1735	89
1736	847
1737	58
1738	358
1739	54
1740	974
1741	60
1742	338
1743	63
1744	717
1745	72
1746	308
1747	52
1748	593
1749	76
1750	400
1751	54
1752	1264
1753	59
1754	274
1755	109
1756	521
1757	75
1758	379
1759	75
1760	5501
1761	60
1762	249
1763	60
1764	776
1765	91
1766	223
1767	75
1768	1029
1769	60
1770	477
1771	76
1772	493
1773	70
1774	227
1775	93
1776	1245
1777	58
1778	271
1779	85
1780	904
1781	63
1782	533
1783	44
1784	712
1785	91
1786	244
1787	52
1788	692
1789	50
1790	334
1791	57
1792	809
1793	87
1794	332
1795	68
1796	517
1797	56
1798	209
1799	56
1800	3245
1801	52
1802	226
1803	78
1804	801
1805	154
1806	333
1807	84
1808	672
1809	59
1810	459
1811	54
1812	644
1813	67
1814	254
1815	535
1816	582
1817	57
1818	285
1819	56
1820	988
1821	54
1822	217
1823	40
1824	1089
1825	110
1826	346
1827	73
1828	464
1829	60
1830	462
1831	58
1832	565
1833	72
1834	242
1835	64
1836	677
1837	81
1838	225
1839	62
1840	1243
1841	67
1842	287
1843	41
1844	471
1845	108
1846	289
1847	51
1848	1438
1849	50
1850	292
1851	67
1852	474
1853	59
1854	247
1855	62
1856	650
1857	50
1858	274
1859	91
1860	836
1861	61
1862	212
1863	60
1864	598
1865	72
1866	255
1867	44
1868	480
1869	60
1870	1129
1871	42
1872	1162
1873	51
1874	230
1875	73
1876	464
1877	46
1878	254
1879	38
1880	898
1881	64
1882	222
1883	50
1884	577
1885	86
1886	197
1887	59
1888	551
1889	52
1890	385
1891	51
1892	627
1893	50
1894	209
1895	50
1896	853
1897	59
1898	205
1899	53
1900	580
1901	43
1902	271
1903	68
1904	714
1905	63
1906	166
1907	45
1908	547
1909	60
1910	263
1911	83
1912	548
1913	52
1914	329
1915	50
1916	385
1917	54
1918	188
1919	49
1920	4191
1921	41
1922	214
1923	45
1924	569
1925	323
1926	265
1927	54
1928	684
1929	50
1930	549
1931	40
1932	614
1933	44
1934	194
1935	141
1936	850
1937	71
1938	251
1939	51
1940	841
1941	72
1942	195
1943	55
1944	943
1945	57
1946	249
1947	57
1948	425
1949	44
1950	480
1951	44
1952	652
1953	64
1954	206
1955	63
1956	540
1957	32
1958	272
1959	40
1960	1060
1961	70
1962	252
1963	38
1964	435
1965	89
1966	211
1967	36
1968	1037
1969	66
1970	268
1971	49
1972	425
1973	59
1974	273
1975	40
1976	598
1977	51
1978	190
1979	51
1980	3640
1981	63
1982	201
1983	48
1984	585
1985	62
1986	227
1987	37
1988	378
1989	68
1990	223
1991	70
1992	860
1993	46
1994	208
1995	77
1996	441
1997	42
1998	235
1999	44
2000	905
2001	54
2002	365
2003	49
2004	493
2005	53
2006	221
2007	45
2008	534
2009	41
2010	327
2011	40
2012	391
2013	60
2014	160
2015	58
2016	926
2017	37
2018	167
2019	42
2020	450
2021	48
2022	214
2023	38
2024	830
2025	53
2026	172
2027	25
2028	577
2029	40
2030	200
2031	44
2032	479
2033	38
2034	204
2035	264
2036	314
2037	46
2038	160
2039	30
2040	1019
2041	48
2042	136
2043	58
2044	352
2045	49
2046	245
2047	47
2048	467
2049	36
2050	181
2051	39
2052	399
2053	32
2054	180
2055	50
2056	430
2057	67
2058	224
2059	31
2060	336
2061	39
2062	144
2063	34
2064	643
2065	29
2066	174
2067	49
2068	582
2069	45
2070	236
2071	32
2072	380
2073	48
2074	161
2075	47
2076	407
2077	28
2078	160
2079	72
2080	697
2081	43
2082	186
2083	33
2084	311
2085	49
2086	150
2087	26
2088	555
2089	29
2090	722
2091	40
2092	276
2093	32
2094	159
2095	44
2096	373
2097	38
2098	152
2099	36
2100	572
2101	59
2102	123
2103	31
2104	377
2105	35
2106	188
2107	27
2108	256
2109	37
2110	160
2111	29
2112	895
2113	33
2114	136
2115	38
2116	267
2117	32
2118	131
2119	32
2120	385
2121	38
2122	139
2123	51
2124	401
2125	37
2126	135
2127	42
2128	356
2129	24
2130	150
2131	31
2132	287
2133	39
2134	206
2135	39
2136	465
2137	30
2138	132
2139	46
2140	278
2141	29
2142	166
2143	39
2144	349
2145	152
2146	128
2147	32
2148	319
2149	36
2150	135
2151	35
2152	301
2153	28
2154	158
2155	35
2156	445
2157	41
2158	141
2159	29
2160	2602
2161	33
2162	122
2163	46
2164	298
2165	93
2166	144
2167	39
2168	365
2169	31
2170	347
2171	42
2172	390
2173	28
2174	125
2175	90
2176	457
2177	36
2178	239
2179	30
2180	520
2181	35
2182	140
2183	32
2184	781
2185	49
2186	133
2187	37
2188	322
2189	42
2190	269
2191	39
2192	431
2193	45
2194	155
2195	46
2196	341
2197	35
2198	133
2199	51
2200	2928
2201	30
2202	184
2203	50
2204	338
2205	64
2206	159
2207	24
2208	773
2209	29
2210	202
2211	59
2212	318
2213	41
2214	157
2215	29
2216	412
2217	38
2218	114
2219	23
2220	566
2221	36
2222	208
2223	54
2224	415
2225	39
2226	207
2227	19
2228	304
2229	32
2230	144
2231	29
2232	578
2233	35
2234	115
2235	30
2236	311
2237	39
2238	149
2239	34
2240	501
2241	34
2242	104
2243	28
2244	584
2245	24
2246	108
2247	28
2248	428
2249	28
2250	198
2251	30
2252	274
2253	38
2254	122
2255	199
2256	676
2257	20
2258	107
2259	49
2260	300
2261	35
2262	164
2263	28
2264	342
2265	45
2266	178
2267	26
2268	384
2269	29
2270	141
2271	33
2272	351
2273	29
2274	142
2275	32
2276	256
2277	46
2278	115
2279	25
2280	659
2281	28
2282	105
2283	21
2284	206
2285	37
2286	131
2287	32
2288	475
2289	40
2290	133
2291	30
2292	341
2293	26
2294	112
2295	39
2296	295
2297	24
2298	157
2299	46
2300	275
2301	47
2302	83
2303	25
2304	575
2305	23
2306	98
2307	32
2308	207
2309	16
2310	533
2311	28
2312	256
2313	32
2314	130
2315	35
2316	300
2317	31
2318	114
2319	21
2320	405
2321	43
2322	163
2323	28
2324	190
2325	49
2326	98
2327	25
2328	447
2329	17
2330	115
2331	37
2332	309
2333	28
2334	129
2335	25
2336	310
2337	29
2338	98
2339	27
2340	542
2341	20
2342	101
2343	41
2344	258
2345	29
2346	138
2347	18
2348	190
2349	24
2350	127
2351	25
2352	594
2353	19
2354	143
2355	27
2356	198
2357	23
2358	125
2359	21
2360	302
2361	30
2362	92
2363	16
2364	274
2365	100
2366	123
2367	26
2368	267
2369	28
2370	127
2371	24
2372	219
2373	28
2374	78
2375	19
2376	493
2377	22
2378	82
2379	33
2380	257
2381	19
2382	119
2383	16
2384	266
2385	31
2386	107
2387	26
2388	279
2389	17
2390	92
2391	28
2392	324
2393	23
2394	118
2395	27
2396	213
2397	27
2398	127
2399	23
2400	8780
2401	23
2402	159
2403	25
2404	335
2405	526
2406	165
2407	30
2408	397
2409	44
2410	1205
2411	20
2412	331
2413	44
2414	125
2415	270
2416	343
2417	35
2418	177
2419	27
2420	2008
2421	40
2422	96
2423	25
2424	452
2425	135
2426	109
2427	33
2428	234
2429	17
2430	654
2431	38
2432	304
2433	28
2434	112
2435	64
2436	307
2437	19
2438	90
2439	34
2440	1113
2441	33
2442	160
2443	19
2444	289
2445	118
2446	116
2447	28
2448	497
2449	26
2450	295
2451	32
2452	209
2453	21
2454	111
2455	55
2456	215
2457	27
2458	97
2459	12
2460	801
2461	25
2462	94
2463	22
2464	345
2465	68
2466	131
2467	17
2468	189
2469	24
2470	220
2471	13
2472	359
2473	20
2474	87
2475	97
2476	195
2477	19
2478	80
2479	37
2480	700
2481	32
2482	100
2483	27
2484	282
2485	31
2486	117
2487	18
2488	243
2489	21
2490	277
2491	19
2492	174
2493	24
2494	87
2495	41
2496	436
2497	23
2498	77
2499	26
2500	349
2501	15
2502	95
2503	13
2504	209
2505	35
2506	80
2507	14
2508	309
2509	21
2510	134
2511	32
2512	238
2513	15
2514	96
2515	23
2516	205
2517	23
2518	64
2519	22
2520	933
2521	14
2522	105
2523	19
2524	191
2525	43
2526	96
2527	20
2528	230
2529	16
2530	296
2531	18
2532	266
2533	27
2534	86
2535	47
2536	205
2537	10
2538	122
2539	19
2540	227
2541	25
2542	70
2543	19
2544	356
2545	39
2546	74
2547	22
2548	274
2549	23
2550	139
2551	8
2552	236
2553	22
2554	69
2555	26
2556	228
2557	21
2558	77
2559	16
2560	405
2561	16
2562	120
2563	13
2564	193
2565	36
2566	82
2567	10
2568	298
2569	17
2570	89
2571	27
2572	188
2573	21
2574	117
2575	23
2576	229
2577	15
2578	79
2579	15
2580	328
2581	13
2582	66
2583	19
2584	192
2585	54
2586	86
2587	22
2588	126
2589	19
2590	96
2591	12
2592	328
2593	15
2594	65
2595	22
2596	176
2597	13
2598	70
2599	14
2600	322
2601	11
2602	65
2603	9
2604	239
2605	21
2606	73
2607	24
2608	211
2609	9
2610	118
2611	20
2612	122
2613	20
2614	57
2615	19
2616	286
2617	17
2618	64
2619	16
2620	175
2621	11
2622	87
2623	19
2624	211
2625	32
2626	70
2627	17
2628	210
2629	17
2630	84
2631	21
2632	186
2633	8
2634	79
2635	29
2636	148
2637	20
2638	57
2639	18
2640	4804
2641	18
2642	98
2643	16
2644	213
2645	49
2646	114
2647	10
2648	308
2649	18
2650	185
2651	17
2652	298
2653	16
2654	74
2655	42
2656	242
2657	14
2658	80
2659	22
2660	273
2661	15
2662	235
2663	11
2664	297
2665	23
2666	68
2667	22
2668	150
2669	11
2670	125
2671	17
2672	187
2673	16
2674	69
2675	10
2676	213
2677	8
2678	63
2679	14
2680	224
2681	17
2682	72
2683	11
2684	461
2685	30
2686	68
2687	12
2688	382
2689	20
2690	75
2691	19
2692	154
2693	16
2694	84
2695	308
2696	169
2697	20
2698	55
2699	16
2700	357
2701	13
2702	53
2703	18
2704	205
2705	33
2706	125
2707	8
2708	124
2709	13
2710	74
2711	19
2712	230
2713	10
2714	59
2715	27
2716	120
2717	34
2718	80
2719	13
2720	231
2721	14
2722	47
2723	12
2724	185
2725	11
2726	39
2727	9
2728	482
2729	11
2730	125
2731	11
2732	157
2733	21
2734	56
2735	11
2736	276
2737	20
2738	48
2739	39
2740	162
2741	18
2742	65
2743	17
2744	159
2745	15
2746	61
2747	10
2748	159
2749	16
2750	637
2751	20
2752	135
2753	14
2754	84
2755	23
2756	157
2757	17
2758	51
2759	8
2760	324
2761	13
2762	58
2763	16
2764	114
2765	11
2766	75
2767	19
2768	157
2769	15
2770	71
2771	11
2772	411
2773	14
2774	61
2775	15
2776	160
2777	13
2778	67
2779	9
2780	150
2781	17
2782	77
2783	18
2784	264
2785	19
2786	45
2787	15
2788	133
2789	14
2790	75
2791	6
2792	146
2793	16
2794	132
2795	10
2796	156
2797	10
2798	43
2799	11
2800	226
2801	13
2802	78
2803	14
2804	117
2805	148
2806	48
2807	9
2808	292
2809	15
2810	63
2811	21
2812	115
2813	12
2814	76
2815	19
2816	376
2817	13
2818	62
2819	19
2820	188
2821	14
2822	55
2823	13
2824	155
2825	13
2826	52
2827	23
2828	110
2829	13
2830	67
2831	9
2832	237
2833	9
2834	57
2835	25
2836	123
2837	20
2838	103
2839	17
2840	139
2841	15
2842	41
2843	7
2844	144
2845	13
2846	49
2847	11
2848	108
2849	16
2850	58
2851	10
2852	104
2853	16
2854	43
2855	10
2856	206
2857	12
2858	44
2859	15
2860	817
2861	12
2862	63
2863	15
2864	138
2865	14
2866	53
2867	9
2868	157
2869	11
2870	62
2871	17
2872	138
2873	12
2874	51
2875	11
2876	92
2877	12
2878	46
2879	13
2880	2530
2881	8
2882	104
2883	20
2884	205
2885	46
2886	55
2887	17
2888	222
2889	16
2890	214
2891	10
2892	170
2893	17
2894	76
2895	66
2896	249
2897	21
2898	76
2899	17
2900	323
2901	18
2902	109
2903	10
2904	512
2905	24
2906	58
2907	15
2908	156
2909	18
2910	158
2911	15
2912	233
2913	22
2914	67
2915	89
2916	180
2917	14
2918	50
2919	20
2920	288
2921	19
2922	71
2923	16
2924	195
2925	26
2926	93
2927	10
2928	446
2929	15
2930	71
2931	16
2932	148
2933	17
2934	91
2935	18
2936	153
2937	26
2938	57
2939	16
2940	367
2941	6
2942	50
2943	9
2944	211
2945	6
2946	76
2947	7
2948	212
2949	15
2950	81
2951	13
2952	270
2953	9
2954	50
2955	17
2956	125
2957	17
2958	89
2959	19
2960	234
2961	19
2962	47
2963	11
2964	186
2965	10
2966	60
2967	20
2968	278
2969	10
2970	524
2971	11
2972	128
2973	12
2974	60
2975	20
2976	397
2977	8
2978	51
2979	12
2980	158
2981	25
2982	64
2983	4
2984	182
2985	16
2986	68
2987	7
2988	157
2989	17
2990	88
2991	22
2992	305
2993	19
2994	67
2995	16
2996	124
2997	17
2998	46
2999	11
3000	449
3001	19
3002	36
3003	23
3004	91
3005	19
3006	66
3007	8
3008	168
3009	14
3010	66
3011	11
3012	200
3013	6
3014	72
3015	16
3016	154
3017	7
3018	70
3019	11
3020	149
3021	17
3022	32
3023	13
3024	334
3025	55
3026	44
3027	12
3028	106
3029	17
3030	70
3031	14
3032	121
3033	18
3034	76
3035	8
3036	203
3037	12
3038	38
3039	7
3040	207
3041	12
3042	71
3043	9
3044	110
3045	21
3046	43
3047	14
3048	216
3049	14
3050	48
3051	6
3052	114
3053	14
3054	52
3055	13
3056	245
3057	10
3058	82
3059	6
3060	172
3061	3
3062	39
3063	9
3064	133
3065	13
3066	74
3067	6
3068	121
3069	12
3070	43
3071	11
3072	336
3073	11
3074	42
3075	16
3076	87
3077	8
3078	81
3079	5
3080	560
3081	7
3082	36
3083	6
3084	155
3085	12
3086	42
3087	13
3088	158
3089	11
3090	69
3091	11
3092	78
3093	16
3094	46
3095	20
3096	201
3097	8
3098	29
3099	16
3100	113
3101	7
3102	73
3103	11
3104	99
3105	18
3106	34
3107	7
3108	115
3109	11
3110	41
3111	13
3112	126
3113	16
3114	50
3115	10
3116	99
3117	10
3118	40
3119	10
3120	604
3121	12
3122	43
3123	14
3124	130
3125	11
3126	41
3127	9
3128	128
3129	15
3130	45
3131	13
3132	137
3133	13
3134	38
3135	70
3136	141
3137	4
3138	45
3139	10
3140	84
3141	13
3142	46
3143	4
3144	255
3145	15
3146	86
3147	13
3148	111
3149	7
3150	63
3151	10
3152	134
3153	13
3154	49
3155	13
3156	123
3157	12
3158	32
3159	17
3160	103
3161	10
3162	51
3163	7
3164	81
3165	13
3166	47
3167	9
3168	347
3169	13
3170	32
3171	11
3172	114
3173	7
3174	35
3175	12
3176	122
3177	7
3178	43
3179	12
3180	125
3181	8
3182	32
3183	12
3184	103
3185	17
3186	40
3187	10
3188	90
3189	13
3190	159
3191	11
3192	181
3193	3
3194	41
3195	10
3196	80
3197	10
3198	51
3199	7
3200	5078
3201	23
3202	74
3203	8
3204	223
3205	259
3206	44
3207	15
3208	238
3209	14
3210	816
3211	13
3212	130
3213	20
3214	57
3215	197
3216	293
3217	11
3218	47
3219	18
3220	801
3221	11
3222	37
3223	24
3224	202
3225	57
3226	47
3227	12
3228	126
3229	9
3230	368
3231	16
3232	172
3233	15
3234	74
3235	36
3236	100
3237	11
3238	34
3239	9
3240	776
3241	7
3242	51
3243	4
3244	82
3245	87
3246	39
3247	10
3248	128
3249	9
3250	185
3251	7
3252	139
3253	10
3254	46
3255	30
3256	125
3257	10
3258	51
3259	13
3260	484
3261	9
3262	46
3263	15
3264	254
3265	41
3266	39
3267	11
3268	89
3269	5
3270	117
3271	8
3272	107
3273	11
3274	41
3275	20
3276	167
3277	6
3278	43
3279	8
3280	396
3281	6
3282	52
3283	11
3284	75
3285	37
3286	31
3287	10
3288	178
3289	9
3290	155
3291	14
3292	90
3293	9
3294	39
3295	13
3296	154
3297	9
3298	49
3299	15
3300	777
3301	8
3302	48
3303	9
3304	98
3305	18
3306	40
3307	14
3308	63
3309	15
3310	59
3311	5
3312	232
3313	7
3314	34
3315	14
3316	98
3317	11
3318	48
3319	10
3320	356
3321	10
3322	72
3323	10
3324	116
3325	13
3326	21
3327	8
3328	153
3329	11
3330	104
3331	10
3332	77
3333	21
3334	33
3335	12
3336	163
3337	6
3338	38
3339	14
3340	144
3341	7
3342	39
3343	9
3344	143
3345	10
3346	24
3347	7
3348	99
3349	4
3350	68
3351	4
3352	96
3353	12
3354	42
3355	43
3356	73
3357	12
3358	29
3359	12
3360	415
3361	11
3362	26
3363	3
3364	79
3365	11
3366	42
3367	6
3368	70
3369	4
3370	47
3371	9
3372	104
3373	6
3374	31
3375	12
3376	79
3377	9
3378	35
3379	6
3380	161
3381	10
3382	39
3383	9
3384	183
3385	11
3386	27
3387	8
3388	94
3389	8
3390	55
3391	7
3392	106
3393	8
3394	35
3395	5
3396	93
3397	6
3398	22
3399	11
3400	186
3401	13
3402	48
3403	8
3404	84
3405	9
3406	44
3407	9
3408	185
3409	2
3410	146
3411	11
3412	89
3413	9
3414	28
3415	7
3416	105
3417	9
3418	21
3419	8
3420	118
3421	8
3422	28
3423	6
3424	99
3425	5
3426	38
3427	7
3428	62
3429	6
3430	36
3431	5
3432	195
3433	7
3434	32
3435	14
3436	60
3437	1
3438	34
3439	10
3440	159
3441	8
3442	32
3443	7
3444	90
3445	13
3446	29
3447	10
3448	79
3449	7
3450	51
3451	9
3452	69
3453	9
3454	34
3455	6
3456	161
3457	6
3458	31
3459	9
3460	82
3461	5
3462	44
3463	5
3464	71
3465	32
3466	31
3467	2
3468	85
3469	5
3470	32
3471	13
3472	107
3473	1
3474	28
3475	9
3476	61
3477	5
3478	22
3479	7
3480	154
3481	5
3482	24
3483	7
3484	75
3485	7
3486	28
3487	11
3488	81
3489	7
3490	26
3491	6
3492	74
3493	7
3494	22
3495	9
3496	84
3497	7
3498	35
3499	3
3500	80
3501	10
3502	18
3503	9
3504	165
3505	6
3506	18
3507	12
3508	57
3509	5
3510	53
3511	3
3512	71
3513	5
3514	19
3515	4
3516	78
3517	6
3518	26
3519	3
3520	900
3521	5
3522	38
3523	10
3524	46
3525	11
3526	29
3527	4
3528	133
3529	7
3530	46
3531	7
3532	55
3533	5
3534	24
3535	12
3536	105
3537	5
3538	28
3539	4
3540	110
3541	4
3542	70
3543	1
3544	55
3545	7
3546	29
3547	4
3548	54
3549	17
3550	33
3551	7
3552	135
3553	5
3554	24
3555	9
3556	50
3557	1
3558	30
3559	4
3560	109
3561	6
3562	39
3563	7
3564	109
3565	6
3566	28
3567	4
3568	94
3569	11
3570	32
3571	3
3572	39
3573	6
3574	17
3575	84
3576	93
3577	4
3578	22
3579	3
3580	56
3581	3
3582	33
3583	4
3584	94
3585	14
3586	23
3587	6
3588	73
3589	3
3590	27
3591	7
3592	54
3593	7
3594	28
3595	6
3596	40
3597	5
3598	24
3599	5
3600	1312
3601	3
3602	28
3603	8
3604	62
3605	62
3606	51
3607	8
3608	97
3609	5
3610	151
3611	5
3612	97
3613	10
3614	40
3615	39
3616	75
3617	5
3618	22
3619	4
3620	189
3621	7
3622	28
3623	7
3624	112
3625	22
3626	17
3627	10
3628	68
3629	3
3630	290
3631	3
3632	72
3633	11
3634	25
3635	17
3636	79
3637	7
3638	30
3639	10
3640	225
3641	12
3642	42
3643	11
3644	51
3645	26
3646	26
3647	2
3648	117
3649	2
3650	46
3651	6
3652	81
3653	7
3654	40
3655	10
3656	60
3657	9
3658	23
3659	6
3660	141
3661	5
3662	27
3663	8
3664	79
3665	13
3666	44
3667	3
3668	64
3669	8
3670	45
3671	7
3672	111
3673	7
3674	30
3675	18
3676	43
3677	7
3678	34
3679	10
3680	175
3681	12
3682	19
3683	6
3684	103
3685	44
3686	23
3687	7
3688	52
3689	3
3690	57
3691	5
3692	60
3693	1
3694	27
3695	7
3696	169
3697	3
3698	18
3699	7
3700	85
3701	4
3702	34
3703	5
3704	61
3705	12
3706	16
3707	4
3708	54
3709	8
3710	33
3711	12
3712	91
3713	10
3714	29
3715	5
3716	47
3717	7
3718	34
3719	5
3720	172
3721	4
3722	20
3723	4
3724	48
3725	14
3726	23
3727	8
3728	57
3729	8
3730	31
3731	4
3732	57
3733	1
3734	22
3735	13
3736	55
3737	6
3738	28
3740	262
3741	9
3742	24
3743	5
3744	113
3745	7
3746	16
3747	8
3748	41
3749	3
3750	49
3751	10
3752	60
3753	7
3754	19
3755	4
3756	51
3757	1
3758	26
3759	9
3760	109
3761	4
3762	34
3763	8
3764	42
3765	11
3766	23
3767	3
3768	81
3769	3
3770	32
3771	5
3772	43
3773	3
3774	34
3775	3
3776	63
3777	5
3778	9
3779	8
3780	128
3781	1
3782	19
3783	9
3784	58
3785	3
3786	27
3787	4
3788	32
3789	5
3790	24
3791	4
3792	95
3793	5
3794	20
3795	35
3796	42
3797	5
3798	24
3799	4
3800	68
3801	5
3802	29
3803	2
3804	61
3805	5
3806	18
3807	5
3808	57
3809	4
3810	26
3811	7
3812	38
3813	4
3814	28
3815	4
3816	78
3817	3
3818	14
3819	4
3820	51
3821	4
3822	26
3823	4
3824	49
3825	3
3826	17
3827	5
3828	71
3829	1
3830	18
3831	6
3832	46
3833	5
3834	30
3835	6
3836	31
3837	4
3838	31
3839	7
3840	357
3841	6
3842	13
3843	2
3844	49
3845	13
3846	24
3847	4
3848	68
3849	1
3850	112
3851	7
3852	58
3853	8
3854	22
3855	17
3856	61
3857	4
3858	22
3860	51
3861	5
3862	19
3863	2
3864	84
3865	4
3866	14
3867	6
3868	29
3869	5
3870	42
3871	9
3872	69
3873	12
3874	30
3875	3
3876	66
3877	1
3878	15
3879	8
3880	50
3881	3
3882	19
3883	7
3884	44
3885	5
3886	21
3887	5
3888	107
3889	4
3890	25
3891	4
3892	44
3893	1
3894	30
3895	7
3896	44
3897	3
3898	20
3899	5
3900	107
3901	3
3902	17
3903	2
3904	61
3905	23
3906	24
3907	4
3908	34
3909	7
3910	27
3911	8
3912	90
3913	2
3914	19
3915	7
3916	49
3917	4
3918	16
3919	1
3920	79
3921	8
3922	11
3923	6
3924	53
3925	7
3926	25
3927	7
3928	58
3929	3
3930	30
3931	4
3932	51
3933	2
3934	15
3935	3
3936	104
3937	2
3938	16
3939	3
3940	43
3941	1
3942	25
3943	3
3944	55
3945	9
3946	11
3947	2
3948	50
3949	3
3950	24
3951	2
3952	53
3953	6
3954	24
3955	3
3956	27
3957	3
3958	17
3959	5
3960	1128
3961	3
3962	27
3963	6
3964	52
3965	12
3966	29
3967	4
3968	71
3969	5
3970	64
3971	6
3972	73
3973	8
3974	12
3975	9
3976	44
3977	1
3978	30
3979	5
3980	74
3981	4
3982	55
3983	3
3984	105
3985	6
3986	7
3987	9
3988	33
3989	3
3990	44
3991	2
3992	55
3993	2
3994	24
3995	3
3996	48
3997	8
3998	21
3999	3
4000	103
4001	3
4002	22
4003	6
4004	99
4005	8
4006	16
4007	3
4008	77
4009	7
4010	20
4011	4
4012	32
4013	2
4014	18
4015	89
4016	61
4017	3
4018	11
4019	6
4020	59
4021	5
4022	12
4023	7
4024	44
4025	4
4026	30
4027	4
4028	34
4030	18
4031	1
4032	78
4033	2
4034	17
4035	5
4036	31
4037	6
4038	22
4039	2
4040	67
4041	2
4042	9
4043	4
4044	38
4045	1
4046	15
4047	2
4048	104
4049	2
4050	29
4051	7
4052	28
4053	5
4054	10
4055	2
4056	66
4057	1
4058	14
4059	13
4060	34
4061	2
4062	17
4063	3
4064	41
4065	8
4066	17
4067	2
4068	32
4069	6
4070	142
4071	1
4072	33
4073	4
4074	21
4075	3
4076	33
4077	4
4078	12
4079	1
4080	117
4081	12
4082	20
4083	4
4084	20
4085	5
4086	24
4087	4
4088	38
4089	1
4090	22
4091	4
4092	63
4093	1
4094	8
4095	5
4096	38
4097	4
4098	23
4099	4
4100	32
4101	7
4102	16
4103	5
4104	69
4105	4
4106	13
4107	8
4108	33
4109	3
4110	26
4111	2
4112	40
4113	4
4114	27
4115	2
4116	51
4117	2
4118	17
4119	2
4120	38
4121	3
4122	12
4123	3
4124	31
4125	47
4126	14
4127	6
4128	57
4129	3
4130	10
4131	2
4132	27
4133	6
4134	21
4135	3
4136	67
4137	3
4138	14
4139	6
4140	53
4141	5
4142	13
4143	7
4144	26
4145	3
4146	16
4147	7
4148	18
4149	5
4150	7
4152	43
4153	1
4154	14
4155	4
4156	19
4157	1
4158	29
4159	2
4160	43
4161	3
4162	12
4163	3
4164	39
4165	1
4166	10
4167	2
4168	32
4169	5
4170	18
4171	3
4172	26
4173	5
4174	19
4175	6
4176	62
4177	5
4178	14
4179	3
4180	183
4181	6
4182	10
4183	4
4184	22
4185	3
4186	13
4187	3
4188	33
4189	2
4190	14
4191	5
4192	29
4193	1
4194	8
4195	3
4196	31
4197	4
4198	14
4199	3
4200	77
4201	2
4202	24
4203	4
4204	31
4205	7
4206	17
4207	1
4208	27
4210	14
4211	5
4212	41
4213	2
4214	17
4215	3
4216	30
4218	17
4219	2
4220	23
4221	7
4222	9
4223	1
4224	74
4225	3
4226	14
4227	3
4228	29
4229	8
4230	10
4231	4
4232	37
4233	4
4234	5
4235	26
4236	35
4237	4
4238	8
4239	1
4240	47
4241	2
4242	16
4243	5
4244	21
4245	3
4246	11
4247	1
4248	48
4249	3
4250	8
4251	2
4252	16
4253	1
4254	13
4255	3
4256	28
4257	2
4258	10
4259	1
4260	33
4261	2
4262	14
4263	2
4264	29
4265	1
4266	13
4267	4
4268	38
4269	2
4270	13
4271	2
4272	46
4273	5
4274	14
4275	6
4276	13
4277	3
4278	15
4279	5
4280	28
4281	4
4282	5
4283	1
4284	41
4285	1
4286	6
4287	5
4288	35
4289	1
4290	83
4291	2
4292	23
4293	6
4294	5
4295	3
4296	43
4297	2
4298	6
4299	4
4300	25
4301	5
4302	12
4303	1
4304	20
4305	5
4306	13
4307	2
4308	32
4309	3
4310	14
4311	1
4312	33
4313	3
4314	22
4315	5
4316	27
4317	1
4318	12
4320	492
4321	1
4322	8
4323	4
4324	29
4325	12
4326	16
4327	1
4328	44
4329	6
4330	29
4331	7
4332	45
4333	1
4334	16
4335	12
4336	38
4337	4
4338	16
4339	3
4340	58
4341	6
4342	13
4343	5
4344	70
4345	16
4346	18
4347	2
4348	38
4349	5
4350	34
4351	5
4352	58
4353	1
4354	30
4355	5
4356	67
4357	2
4358	14
4359	1
4360	50
4361	3
4362	15
4363	5
4364	46
4365	5
4366	17
4367	3
4368	109
4369	1
4370	15
4371	6
4372	34
4373	2
4374	26
4375	6
4376	41
4377	3
4378	15
4379	2
4380	89
4381	7
4382	15
4383	1
4384	35
4385	4
4386	14
4387	2
4388	29
4389	2
4390	17
4391	1
4392	54
4393	3
4394	8
4395	4
4396	36
4397	7
4398	12
4399	3
4400	1501
4401	4
4402	10
4403	4
4404	36
4405	17
4406	9
4407	6
4408	48
4409	1
4410	43
4411	2
4412	19
4413	2
4414	12
4415	4
4416	80
4417	3
4418	14
4419	6
4420	61
4421	1
4422	54
4423	3
4424	36
4425	9
4426	13
4427	4
4428	53
4429	2
4430	17
4431	6
4432	33
4433	6
4434	16
4435	5
4436	25
4437	6
4438	8
4439	3
4440	118
4441	3
4442	14
4443	4
4444	86
4445	3
4446	15
4447	2
4448	44
4449	3
4450	21
4451	1
4452	69
4453	4
4454	12
4455	83
4456	41
4457	3
4458	21
4459	1
4460	32
4461	4
4462	12
4463	2
4464	68
4465	8
4466	28
4467	3
4468	25
4469	2
4470	22
4471	3
4472	37
4473	3
4474	31
4475	3
4476	31
4477	7
4478	15
4479	3
4480	45
4481	4
4482	14
4483	2
4484	22
4485	6
4486	10
4487	2
4488	72
4489	1
4490	17
4492	25
4493	4
4494	14
4495	6
4496	69
4497	4
4498	6
4499	3
4500	45
4501	3
4502	18
4503	5
4504	27
4505	3
4506	15
4507	6
4508	25
4509	5
4510	142
4511	3
4512	79
4513	3
4514	9
4515	6
4516	27
4517	1
4518	24
4519	6
4520	37
4521	2
4522	14
4523	1
4524	30
4525	2
4526	7
4527	4
4528	37
4529	7
4530	20
4531	4
4532	36
4533	1
4534	14
4536	44
4537	5
4538	5
4539	2
4540	46
4541	5
4542	14
4543	4
4544	32
4545	3
4546	8
4548	30
4549	4
4550	11
4551	9
4552	33
4554	33
4555	3
4556	19
4557	4
4558	13
4559	1
4560	89
4561	3
4562	18
4563	6
4564	18
4565	34
4566	13
4567	1
4568	29
4569	4
4570	12
4571	5
4572	29
4573	2
4574	13
4575	4
4576	48
4577	3
4578	14
4579	1
4580	22
4581	1
4582	10
4583	3
4584	72
4585	1
4586	7
4587	1
4588	24
4590	21
4591	3
4592	31
4593	3
4594	6
4595	4
4596	30
4597	1
4598	13
4599	4
4600	34
4602	16
4603	2
4604	13
4605	1
4606	13
4607	3
4608	61
4609	6
4610	6
4611	1
4612	19
4613	1
4614	8
4616	32
4617	6
4618	8
4619	1
4620	247
4622	10
4623	3
4624	19
4625	5
4626	16
4627	1
4628	26
4629	2
4630	7
4631	4
4632	36
4633	5
4634	12
4635	3
4636	19
4637	4
4638	13
4639	3
4640	24
4641	6
4642	18
4643	3
4644	27
4645	1
4646	8
4647	1
4648	18
4650	17
4651	3
4652	12
4653	4
4654	3
4656	56
4657	1
4658	10
4659	1
4660	21
4661	2
4662	10
4663	2
4664	44
4665	3
4666	7
4667	2
4668	24
4669	1
4670	5
4671	3
4672	22
4673	1
4674	13
4675	27
4676	15
4677	4
4678	6
4679	3
4680	101
4682	6
4683	1
4684	30
4685	2
4686	15
4688	30
4689	3
4690	9
4691	3
4692	30
4693	3
4694	13
4695	6
4696	31
4697	3
4698	13
4699	2
4700	20
4701	2
4702	14
4704	58
4706	9
4707	3
4708	35
4709	1
4710	19
4711	3
4712	29
4713	4
4714	11
4715	1
4716	41
4718	10
4719	2
4720	31
4721	1
4722	11
4724	30
4725	2
4726	5
4727	3
4728	52
4730	73
4731	3
4732	19
4733	1
4734	11
4735	4
4736	28
4737	1
4738	15
4739	3
4740	25
4741	1
4742	8
4743	3
4744	15
4745	6
4746	12
4747	2
4748	20
4749	3
4750	3
4751	2
4752	56
4753	3
4754	10
4755	3
4756	18
4757	2
4758	8
4759	1
4760	41
4761	3
4762	9
4763	6
4764	26
4766	2
4767	1
4768	27
4769	2
4770	9
4771	1
4772	14
4773	1
4774	9
4775	2
4776	50
4778	5
4779	3
4780	16
4781	5
4782	11
4783	2
4784	44
4785	12
4786	5
4787	1
4788	25
4789	1
4790	3
4791	1
4792	18
4793	2
4794	10
4796	18
4797	4
4798	5
4799	1
4800	2400
4801	1
4802	27
4803	3
4804	74
4805	131
4806	29
4807	8
4808	75
4809	4
4810	351
4811	1
4812	32
4813	5
4814	22
4815	71
4816	58
4817	3
4818	31
4819	5
4820	367
4821	3
4822	17
4823	9
4824	83
4825	25
4826	10
4827	2
4828	38
4829	4
4830	155
4831	5
4832	35
4833	4
4834	21
4835	16
4836	40
4837	3
4838	16
4839	2
4840	422
4841	2
4842	19
4843	2
4844	39
4845	32
4846	10
4847	3
4848	73
4849	3
4850	55
4851	1
4852	26
4853	2
4854	15
4855	9
4856	47
4857	7
4858	8
4860	244
4861	4
4862	17
4863	2
4864	32
4865	7
4866	13
4867	1
4868	20
4869	6
4870	42
4872	67
4873	1
4874	9
4875	10
4876	26
4878	11
4879	6
4880	149
4881	3
4882	5
4883	2
4884	33
4885	6
4886	6
4887	1
4888	50
4889	2
4890	64
4891	3
4892	18
4893	4
4894	9
4895	27
4896	64
4897	1
4898	11
4899	2
4900	75
4901	2
4902	15
4903	2
4904	26
4905	7
4906	4
4908	29
4910	18
4911	4
4912	35
4913	3
4914	12
4915	8
4916	14
4917	2
4918	7
4919	2
4920	170
4921	4
4922	11
4924	22
4925	5
4926	6
4927	4
4928	41
4929	2
4930	20
4932	36
4933	1
4934	9
4935	5
4936	29
4938	14
4939	1
4940	54
4941	5
4942	3
4943	3
4944	53
4945	2
4946	8
4948	20
4950	95
4951	2
4952	26
4953	6
4954	6
4955	4
4956	31
4957	1
4958	8
4959	2
4960	65
4961	1
4962	11
4964	32
4965	4
4966	6
4968	64
4970	16
4971	1
4972	18
4973	3
4974	11
4975	1
4976	26
4977	2
4978	9
4979	3
4980	69
4981	2
4982	7
4983	4
4984	15
4985	2
4986	5
4987	4
4988	13
4989	3
4990	18
4991	3
4992	50
4993	2
4994	10
4995	11
4996	11
4998	9
4999	4
5000	55
5001	1
5002	5
5003	1
5004	26
5005	9
5006	6
5007	1
5008	23
5009	1
5010	22
5011	4
5012	13
5013	3
5014	4
5015	1
5016	45
5017	2
5018	11
5019	2
5020	18
5021	4
5022	9
5024	13
5026	4
5027	1
5028	25
5029	3
5030	8
5031	5
5032	17
5034	11
5035	1
5036	12
5037	1
5038	2
5039	2
5040	154
5041	1
5042	8
5043	1
5044	21
5045	3
5046	10
5047	1
5048	34
5049	1
5050	7
5051	1
5052	31
5053	3
5054	11
5055	6
5056	23
5057	2
5058	5
5059	2
5060	100
5061	2
5062	10
5063	2
5064	40
5065	5
5066	8
5067	2
5068	18
5069	4
5070	16
5071	1
5072	26
5073	2
5074	4
5075	3
5076	32
5077	1
5078	7
5079	3
5080	25
5081	4
5082	14
5084	17
5085	3
5086	7
5087	2
5088	33
5090	8
5091	1
5092	12
5093	2
5094	8
5096	31
5097	3
5098	8
5099	4
5100	51
5101	3
5102	5
5103	4
5104	23
5105	1
5106	8
5108	15
5110	11
5112	30
5113	4
5114	7
5115	15
5116	17
5117	2
5118	9
5119	2
5120	34
5121	1
5122	3
5123	1
5124	28
5125	2
5126	13
5127	1
5128	32
5129	2
5130	12
5131	3
5132	15
5133	2
5134	4
5135	3
5136	46
5137	4
5138	8
5139	4
5140	22
5141	2
5142	11
5143	4
5144	20
5145	5
5146	3
5148	26
5149	2
5150	9
5152	27
5153	2
5154	8
5156	22
5157	3
5158	4
5159	2
5160	62
5161	2
5162	6
5163	3
5164	17
5165	2
5166	15
5168	16
5169	2
5170	35
5171	2
5172	23
5173	1
5174	12
5175	4
5176	18
5178	10
5179	1
5180	11
5181	1
5182	5
5183	3
5184	42
5185	4
5186	6
5187	2
5188	10
5189	3
5190	7
5191	1
5192	17
5193	1
5194	8
5195	2
5196	23
5198	7
5199	2
5200	57
5201	2
5202	7
5203	1
5204	13
5205	6
5206	5
5207	1
5208	44
5209	3
5210	6
5211	1
5212	13
5213	1
5214	13
5215	3
5216	28
5217	1
5218	9
5219	1
5220	26
5221	2
5222	9
5224	11
5225	9
5226	7
5228	16
5229	4
5230	4
5231	2
5232	26
5233	1
5234	2
5235	3
5236	18
5237	1
5238	7
5239	1
5240	21
5241	3
5242	8
5244	23
5246	1
5247	1
5248	23
5250	12
5251	2
5252	12
5253	3
5254	5
5255	2
5256	20
5257	1
5258	5
5259	5
5260	12
5261	3
5262	4
5263	1
5264	21
5265	1
5266	5
5267	2
5268	15
5269	3
5270	9
5272	19
5273	2
5274	7
5275	1
5276	13
5278	4
5280	1136
5281	2
5282	10
5283	1
5284	22
5285	9
5286	2
5287	1
5288	47
5289	2
5290	50
5291	1
5292	31
5293	2
5294	13
5295	14
5296	21
5297	1
5298	10
5300	52
5301	2
5302	44
5303	1
5304	36
5306	6
5307	1
5308	13
5309	1
5310	18
5311	1
5312	21
5314	3
5316	13
5317	2
5318	7
5319	2
5320	34
5321	1
5322	9
5323	1
5324	51
5325	2
5326	13
5328	44
5329	1
5330	9
5331	1
5332	14
5333	2
5334	10
5335	100
5336	12
5338	9
5339	2
5340	35
5342	6
5343	1
5344	19
5345	2
5346	6
5347	4
5348	13
5349	3
5350	9
5351	3
5352	25
5353	1
5354	4
5355	2
5356	13
5357	4
5358	7
5359	1
5360	21
5361	1
5362	7
5364	21
5365	2
5366	4
5367	1
5368	74
5369	3
5370	9
5372	9
5373	2
5374	5
5375	1
5376	44
5378	7
5379	3
5380	15
5381	1
5382	9
5383	2
5384	14
5385	3
5386	8
5387	2
5388	18
5390	165
5391	1
5392	14
5393	2
5394	5
5395	3
5396	8
5397	3
5398	6
5400	128
5401	4
5402	2
5403	2
5404	15
5406	8
5408	22
5410	15
5411	1
5412	33
5414	5
5415	5
5416	14
5417	4
5418	12
5420	27
5421	3
5422	4
5423	8
5424	27
5425	1
5426	3
5428	13
5429	1
5430	16
5431	2
5432	14
5433	4
5434	15
5435	1
5436	16
5437	3
5438	2
5439	1
5440	31
5441	3
5442	6
5443	2
5444	8
5445	44
5446	4
5447	1
5448	21
5449	2
5450	4
5451	2
5452	17
5453	1
5454	7
5455	5
5456	54
5457	1
5458	12
5460	34
5461	2
5462	2
5463	4
5464	24
5465	3
5466	8
5467	2
5468	14
5469	6
5470	7
5471	2
5472	19
5473	2
5474	3
5475	2
5476	7
5477	1
5478	13
5480	22
5481	3
5482	3
5484	19
5485	4
5486	5
5487	3
5488	17
5490	10
5491	3
5492	14
5493	3
5494	4
5496	23
5497	2
5498	7
5500	162
5501	2
5502	12
5503	2
5504	24
5505	5
5506	5
5508	20
5510	9
5511	2
5512	21
5514	4
5515	2
5516	12
5517	1
5518	5
5519	1
5520	54
5521	1
5522	14
5524	14
5525	3
5526	7
5527	1
5528	11
5529	1
5530	9
5532	19
5533	3
5534	7
5536	23
5537	1
5538	5
5539	1
5540	14
5541	2
5542	7
5543	2
5544	44
5545	2
5546	11
5547	1
5548	19
5549	6
5550	6
5552	8
5553	4
5554	3
5555	28
5556	19
5557	2
5558	1
5559	4
5560	27
5562	8
5564	10
5565	2
5566	9
5568	29
5569	1
5570	2
5571	1
5572	7
5573	3
5574	4
5575	2
5576	13
5577	1
5578	6
5579	1
5580	20
5581	2
5582	6
5583	4
5584	12
5586	7
5587	2
5588	18
5589	2
5590	5
5591	1
5592	22
5593	1
5594	5
5595	2
5596	7
5597	1
5598	4
5599	1
5600	27
5602	6
5603	2
5604	10
5606	2
5607	1
5608	13
5610	97
5611	1
5612	6
5613	1
5614	3
5615	2
5616	37
5617	1
5618	5
5619	1
5620	4
5621	1
5622	9
5624	15
5625	4
5626	4
5627	2
5628	18
5630	3
5631	3
5632	22
5634	4
5635	2
5636	16
5638	3
5640	24
5642	1
5643	3
5644	4
5645	1
5646	2
5647	2
5648	11
5649	1
5650	3
5651	2
5652	18
5654	7
5655	1
5656	7
5657	1
5658	5
5659	3
5660	12
5661	2
5662	3
5663	1
5664	27
5665	12
5666	9
5667	1
5668	6
5670	11
5671	2
5672	10
5674	2
5675	1
5676	18
5678	3
5679	2
5680	10
5682	4
5684	16
5685	2
5686	4
5687	1
5688	15
5689	1
5690	2
5691	2
5692	5
5693	1
5694	2
5696	14
5698	9
5699	1
5700	18
5701	2
5702	5
5703	1
5704	12
5705	2
5706	3
5707	1
5708	11
5709	3
5710	1
5711	3
5712	28
5713	1
5714	4
5715	1
5716	6
5717	1
5718	9
5719	1
5720	132
5721	2
5722	4
5724	9
5725	1
5726	3
5728	8
5729	1
5730	7
5731	2
5732	5
5734	5
5735	3
5736	13
5737	1
5738	4
5739	1
5740	10
5742	12
5744	5
5745	2
5746	4
5747	1
5748	15
5750	5
5751	1
5752	14
5753	1
5754	5
5756	2
5757	2
5758	6
5760	317
5761	1
5762	8
5764	21
5766	7
5767	2
5768	30
5770	9
5771	1
5772	18
5773	1
5774	4
5775	24
5776	26
5777	3
5778	6
5779	3
5780	21
5782	5
5783	1
5784	31
5785	1
5786	4
5788	13
5789	2
5790	12
5791	1
5792	18
5794	5
5795	1
5796	23
5797	1
5798	8
5799	1
5800	26
5802	6
5803	1
5804	19
5805	2
5806	3
5808	52
5810	6
5811	2
5812	12
5813	1
5814	7
5815	4
5816	13
5818	4
5819	2
5820	25
5821	1
5822	3
5823	3
5824	21
5825	4
5826	8
5828	10
5829	1
5830	41
5831	1
5832	31
5833	1
5834	4
5835	2
5836	22
5837	3
5838	11
5839	3
5840	19
5841	1
5842	6
5843	1
5844	19
5845	1
5846	7
5848	37
5849	4
5850	8
5851	1
5852	11
5853	1
5854	3
5856	49
5858	5
5859	1
5860	16
5862	6
5863	1
5864	22
5865	2
5866	3
5868	17
5870	7
5871	1
5872	20
5874	8
5875	2
5876	11
5877	3
5878	3
5880	38
5881	2
5882	5
5884	8
5885	8
5886	4
5888	17
5889	2
5890	4
5891	1
5892	21
5893	1
5894	2
5895	1
5896	14
5897	1
5898	7
5900	9
5902	2
5903	2
5904	34
5905	1
5906	6
5907	3
5908	13
5909	2
5910	6
5911	1
5912	14
5913	1
5914	9
5916	22
5917	1
5918	2
5919	1
5920	11
5922	7
5924	7
5925	4
5926	9
5928	28
5929	2
5930	3
5931	1
5932	11
5933	2
5934	4
5936	34
5937	1
5938	8
5939	1
5940	154
5941	1
5942	2
5944	14
5945	3
5946	6
5947	1
5948	9
5949	2
5950	6
5951	2
5952	38
5954	3
5955	2
5956	9
5957	1
5958	7
5959	2
5960	17
5961	1
5962	7
5963	2
5964	14
5966	3
5967	2
5968	9
5969	1
5970	3
5972	8
5974	2
5976	15
5978	1
5979	4
5980	14
5981	2
5982	3
5983	1
5984	19
5985	1
5986	5
5988	16
5989	3
5990	2
5991	1
5992	18
5994	6
5995	12
5996	9
5998	3
5999	1
6000	51
6002	4
6003	2
6004	11
6005	3
6006	5
6007	1
6008	13
6009	1
6010	4
6011	2
6012	9
6013	1
6014	4
6015	1
6016	9
6017	2
6018	5
6019	1
6020	6
6021	2
6022	2
6024	32
6026	5
6027	1
6028	16
6030	6
6031	2
6032	4
6033	2
6034	5
6036	7
6038	5
6039	1
6040	10
6042	5
6043	1
6044	10
6045	1
6046	4
6047	2
6048	27
6049	1
6050	30
6052	9
6053	2
6054	3
6056	10
6057	2
6058	7
6060	14
6062	1
6063	2
6064	5
6066	3
6067	1
6068	13
6070	3
6071	1
6072	22
6073	2
6074	6
6075	1
6076	9
6078	2
6079	1
6080	9
6082	3
6083	1
6084	14
6085	1
6086	2
6087	3
6088	5
6089	2
6090	4
6091	1
6092	9
6093	2
6094	5
6095	1
6096	17
6098	3
6100	5
6101	1
6102	3
6104	6
6105	8
6106	3
6108	8
6110	3
6112	13
6114	3
6115	1
6116	8
6118	3
6119	1
6120	28
6121	1
6122	2
6124	3
6125	1
6126	4
6127	1
6128	7
6130	4
6132	15
6133	1
6134	2
6135	1
6136	7
6137	2
6138	8
6139	1
6140	8
6142	2
6143	1
6144	13
6145	1
6146	1
6148	2
6149	1
6150	3
6151	1
6152	5
6153	1
6154	4
6156	10
6158	6
6160	70
6162	3
6164	9
6165	1
6166	1
6167	2
6168	15
6170	2
6172	6
6173	1
6174	5
6176	11
6178	5
6179	1
6180	13
6182	3
6183	2
6184	8
6185	1
6186	4
6187	1
6188	4
6189	2
6190	3
6191	2
6192	18
6194	4
6195	1
6196	3
6197	1
6198	6
6200	8
6202	4
6204	18
6206	2
6208	7
6210	3
6211	2
6212	5
6213	2
6214	3
6215	7
6216	14
6218	1
6220	7
6222	4
6224	3
6225	2
6226	4
6227	1
6228	5
6229	1
6230	1
6232	11
6233	1
6234	1
6235	1
6236	1
6237	1
6238	3
6239	1
6240	51
6242	4
6244	11
6246	3
6248	18
6250	6
6251	1
6252	7
6254	3
6255	1
6256	9
6257	1
6258	3
6260	9
6262	1
6264	14
6265	1
6266	6
6268	6
6270	34
6271	2
6272	11
6273	1
6274	4
6276	7
6278	5
6279	1
6280	8
6282	3
6284	8
6286	2
6287	3
6288	30
6290	2
6291	1
6292	13
6293	1
6294	2
6296	8
6300	16
6301	1
6302	1
6303	2
6304	9
6305	3
6306	2
6308	7
6309	2
6310	3
6312	13
6313	1
6314	4
6316	6
6317	2
6318	6
6319	1
6320	12
6322	3
6324	9
6325	5
6326	2
6327	2
6328	6
6330	4
6331	2
6332	6
6333	1
6334	2
6335	1
6336	22
6338	3
6339	2
6340	10
6341	1
6342	6
6344	12
6346	3
6347	1
6348	14
6349	2
6350	3
6352	12
6354	5
6355	1
6356	3
6357	1
6358	8
6359	1
6360	16
6362	1
6364	5
6365	2
6366	7
6367	1
6368	6
6369	2
6370	2
6371	2
6372	6
6373	1
6374	2
6375	1
6376	9
6377	1
6378	6
6380	29
6381	1
6382	1
6383	1
6384	19
6386	3
6387	2
6388	8
6389	1
6390	2
6391	1
6392	2
6393	2
6394	4
6395	1
6396	8
6398	1
6399	2
6400	721
6401	2
6402	8
6403	1
6404	22
6405	25
6406	8
6408	27
6409	4
6410	82
6411	1
6412	8
6413	1
6414	8
6415	22
6416	16
6417	1
6418	5
6420	99
6422	5
6423	2
6424	17
6425	4
6426	5
6428	7
6430	38
6431	2
6432	38
6433	1
6434	4
6435	6
6436	11
6437	2
6438	2
6439	1
6440	79
6441	1
6442	5
6443	2
6444	7
6445	10
6446	4
6447	2
6448	18
6450	16
6452	5
6453	1
6454	2
6456	23
6457	1
6458	4
6459	2
6460	65
6462	2
6464	10
6466	2
6467	2
6468	11
6469	1
6470	12
6472	6
6474	2
6476	3
6477	1
6478	1
6479	2
6480	100
6482	2
6484	5
6485	1
6486	7
6487	2
6488	8
6490	29
6491	1
6492	6
6493	2
6494	5
6495	3
6496	14
6498	3
6500	24
6502	1
6504	24
6506	3
6507	1
6508	10
6509	1
6510	12
6512	8
6514	1
6515	1
6516	7
6518	3
6519	1
6520	36
6521	1
6522	2
6524	8
6525	5
6528	19
6529	1
6530	5
6531	1
6532	9
6534	3
6535	1
6536	6
6537	2
6538	1
6539	1
6540	24
6542	3
6544	7
6545	3
6546	3
6548	9
6550	6
6551	1
6552	13
6554	2
6556	10
6558	4
6560	24
6562	3
6564	10
6565	2
6566	2
6568	8
6570	7
6571	3
6572	13
6573	1
6574	3
6576	16
6577	1
6578	3
6579	1
6580	19
6581	4
6582	6
6583	1
6584	8
6585	1
6586	1
6587	1
6588	9
6589	1
6590	7
6591	2
6592	10
6594	3
6596	3
6598	5
6600	413
6602	2
6603	2
6604	8
6605	3
6606	5
6608	11
6610	9
6612	9
6613	1
6614	2
6616	7
6618	3
6620	19
6622	8
6624	15
6626	5
6628	7
6630	5
6632	9
6633	2
6634	2
6635	1
6636	10
6639	1
6640	20
6642	5
6644	20
6645	1
6646	1
6648	14
6650	3
6651	1
6652	9
6654	2
6655	17
6656	8
6657	1
6658	2
6659	1
6660	22
6661	1
6662	3
6663	5
6664	9
6666	6
6668	2
6669	2
6670	5
6672	18
6673	1
6675	1
6676	5
6678	9
6680	12
6681	1
6682	5
6684	12
6686	5
6688	16
6689	1
6690	7
6692	6
6693	1
6694	1
6695	2
6696	19
6698	2
6699	3
6700	7
6702	2
6703	1
6704	1
6706	1
6708	5
6710	34
6712	12
6713	1
6714	5
6715	1
6716	3
6717	2
6718	2
6720	39
6722	4
6724	2
6726	2
6728	11
6729	1
6730	1
6731	1
6732	13
6733	1
6734	2
6735	1
6736	6
6738	1
6739	1
6740	4
6742	3
6744	14
6746	4
6748	8
6750	6
6751	1
6752	4
6754	4
6756	9
6758	3
6760	19
6762	1
6763	1
6764	4
6765	6
6766	2
6767	2
6768	12
6770	4
6771	1
6772	5
6774	4
6776	11
6777	1
6778	2
6780	17
6782	3
6784	6
6786	4
6787	1
6788	8
6790	3
6791	1
6792	14
6794	4
6795	2
6796	2
6798	6
6799	1
6800	12
6801	1
6804	5
6807	3
6808	5
6810	1
6811	1
6812	4
6813	1
6814	5
6815	1
6816	11
6818	2
6820	74
6821	1
6822	5
6824	6
6825	1
6826	3
6827	1
6828	7
6831	2
6832	13
6834	3
6836	3
6838	3
6840	25
6841	1
6842	3
6844	6
6845	1
6846	4
6848	10
6849	1
6850	1
6852	11
6854	4
6855	1
6856	7
6858	1
6860	8
6861	1
6862	1
6864	8
6865	2
6866	2
6868	4
6870	3
6871	1
6872	12
6874	4
6875	10
6876	6
6879	1
6880	7
6881	1
6882	5
6883	1
6884	5
6885	1
6886	1
6888	14
6889	1
6890	3
6892	7
6894	4
6896	8
6897	2
6898	3
6899	2
6900	7
6901	1
6902	1
6904	5
6906	1
6908	5
6909	2
6910	1
6912	12
6914	6
6915	4
6916	5
6917	2
6918	2
6920	7
6922	3
6924	4
6925	2
6926	3
6928	2
6929	1
6930	22
6932	2
6936	12
6938	1
6940	3
6941	2
6942	1
6943	1
6944	9
6946	2
6947	1
6948	6
6950	3
6951	1
6952	9
6954	3
6956	2
6958	1
6960	16
6962	1
6963	1
6964	5
6965	3
6966	3
6967	2
6968	3
6970	1
6972	5
6973	1
6974	3
6975	1
6976	8
6977	1
6978	1
6980	4
6981	1
6982	1
6984	9
6985	2
6986	3
6988	5
6990	3
6991	2
6992	5
6993	1
6994	1
6996	8
7000	10
7002	2
7003	1
7004	9
7006	1
7008	13
7009	1
7010	2
7011	1
7012	4
7016	4
7018	2
7019	2
7020	8
7022	1
7023	2
7024	3
7028	1
7029	2
7030	3
7032	4
7034	3
7036	4
7038	3
7039	1
7040	107
7041	1
7042	2
7044	4
7045	1
7046	2
7048	2
7050	6
7052	5
7053	1
7054	3
7055	2
7056	16
7058	1
7059	2
7060	7
7061	3
7062	6
7064	1
7068	6
7069	1
7070	1
7072	2
7073	1
7074	3
7075	1
7076	4
7080	13
7082	1
7084	7
7085	1
7086	1
7088	5
7090	5
7092	8
7094	2
7095	12
7096	4
7098	4
7099	1
7100	8
7102	2
7104	6
7106	2
7108	3
7109	2
7110	4
7111	2
7112	3
7113	1
7114	1
7116	7
7118	2
7119	1
7120	4
7122	4
7124	5
7125	1
7128	16
7130	3
7131	1
7132	4
7133	1
7134	1
7135	1
7136	1
7137	1
7138	2
7139	2
7140	8
7141	2
7143	1
7144	2
7146	1
7147	1
7148	5
7149	1
7150	19
7151	2
7152	10
7156	3
7160	2
7161	1
7162	7
7164	1
7168	5
7170	3
7172	1
7175	1
7176	9
7178	1
7179	2
7180	4
7181	2
7182	3
7183	1
7184	4
7186	2
7188	6
7189	2
7190	1
7192	3
7194	3
7196	3
7198	2
7200	443
7202	4
7204	12
7205	25
7206	8
7207	1
7208	15
7209	1
7210	48
7211	1
7212	12
7213	1
7214	3
7215	11
7216	11
7217	2
7218	7
7219	1
7220	60
7222	2
7223	2
7224	19
7225	6
7226	1
7227	1
7228	7
7230	35
7232	8
7233	2
7234	4
7235	3
7236	9
7238	7
7239	1
7240	45
7242	9
7243	1
7244	11
7245	9
7246	2
7248	17
7249	1
7250	5
7252	2
7253	1
7254	5
7255	2
7256	10
7257	1
7258	3
7260	77
7262	5
7263	3
7264	3
7265	1
7266	5
7268	4
7270	6
7272	12
7275	5
7276	6
7278	5
7280	21
7282	4
7284	10
7285	1
7286	3
7288	12
7289	1
7290	19
7292	7
7293	2
7294	5
7295	1
7296	11
7298	1
7299	1
7300	13
7301	1
7302	1
7304	10
7305	2
7306	2
7308	6
7310	11
7311	1
7312	12
7314	4
7315	5
7316	2
7318	2
7320	29
7321	1
7322	4
7324	8
7325	1
7326	3
7328	7
7329	1
7330	2
7331	1
7332	4
7333	1
7334	3
7335	4
7336	5
7337	2
7338	1
7339	2
7340	7
7341	1
7342	3
7344	9
7347	1
7348	5
7350	4
7352	5
7354	1
7356	11
7360	12
7363	1
7364	3
7365	1
7368	14
7370	17
7371	2
7372	2
7373	2
7374	2
7376	6
7380	19
7382	1
7386	4
7388	6
7389	1
7390	6
7391	1
7392	6
7393	1
7394	1
7396	2
7398	2
7400	3
7401	1
7404	4
7405	1
7406	1
7407	1
7408	6
7409	1
7410	4
7411	1
7412	2
7414	3
7416	8
7418	1
7420	9
7421	1
7422	1
7424	4
7425	1
7426	1
7428	4
7430	1
7431	1
7432	3
7434	1
7436	4
7438	2
7440	25
7442	2
7444	3
7445	1
7446	1
7447	1
7448	7
7450	5
7452	3
7453	1
7454	2
7456	4
7457	1
7460	9
7461	1
7462	2
7463	2
7464	4
7468	2
7470	3
7474	1
7475	1
7476	7
7480	31
7482	2
7484	6
7485	1
7486	2
7487	1
7488	6
7492	3
7494	3
7500	12
7502	3
7504	2
7506	1
7508	6
7510	4
7512	4
7514	1
7515	2
7516	2
7518	1
7520	8
7522	1
7524	6
7528	2
7530	6
7531	1
7532	5
7534	1
7535	8
7536	6
7538	1
7540	6
7541	1
7543	1
7544	7
7547	1
7548	9
7552	2
7554	2
7556	4
7557	1
7558	1
7560	25
7561	1
7562	2
7564	3
7566	1
7568	6
7569	1
7570	3
7572	8
7574	2
7575	1
7576	3
7580	3
7582	1
7584	3
7586	1
7590	8
7592	2
7594	1
7596	7
7597	1
7598	1
7599	1
7600	7
7602	4
7605	1
7606	1
7608	8
7610	1
7612	1
7614	3
7615	1
7616	3
7618	2
7620	4
7621	2
7623	1
7624	4
7626	1
7628	6
7630	3
7632	7
7634	3
7636	1
7640	1
7641	2
7642	3
7643	1
7644	4
7645	3
7646	1
7647	1
7648	1
7650	2
7652	2
7653	1
7656	8
7658	2
7660	4
7662	2
7664	5
7666	4
7668	5
7670	1
7672	2
7674	2
7676	9
7678	2
7679	1
7680	22
7681	1
7682	1
7683	1
7684	2
7685	2
7686	2
7688	4
7692	4
7694	1
7696	1
7700	16
7701	2
7702	1
7704	5
7707	2
7708	2
7710	6
7711	1
7712	3
7714	2
7715	1
7716	4
7720	4
7724	1
7726	1
7728	8
7730	2
7731	1
7732	3
7735	1
7736	7
7739	1
7740	9
7744	1
7746	2
7747	1
7748	3
7749	1
7750	2
7752	7
7755	1
7756	3
7757	1
7758	1
7759	1
7760	6
7764	2
7766	1
7768	4
7770	5
7772	5
7774	2
7776	6
7777	1
7778	1
7780	3
7782	2
7784	5
7788	7
7789	1
7790	2
7791	1
7792	6
7794	1
7796	1
7798	1
7800	9
7802	2
7804	4
7806	3
7808	3
7810	8
7812	2
7814	1
7816	4
7818	3
7819	1
7820	3
7824	9
7826	1
7827	1
7828	3
7830	1
7831	1
7832	4
7834	2
7836	2
7838	2
7840	5
7842	2
7844	3
7845	1
7848	11
7850	1
7851	1
7852	2
7854	2
7856	3
7860	3
7862	2
7865	2
7866	2
7868	4
7869	1
7872	8
7876	6
7878	1
7880	1
7881	1
7882	2
7884	6
7886	1
7888	2
7890	1
7892	2
7894	1
7896	11
7898	1
7900	3
7901	1
7902	2
7903	1
7904	3
7908	1
7910	3
7911	1
7912	3
7913	1
7914	1
7916	2
7917	1
7918	1
7919	2
7920	357
7922	2
7924	2
7925	2
7926	2
7928	3
7929	1
7930	16
7931	1
7932	5
7934	3
7935	6
7936	5
7938	2
7940	13
7942	16
7944	5
7945	1
7946	3
7948	3
7949	1
7950	5
7951	1
7952	2
7955	1
7956	5
7958	1
7959	1
7960	5
7961	1
7962	2
7964	8
7965	3
7968	6
7970	3
7972	2
7974	1
7975	37
7976	3
7978	3
7980	10
7983	1
7984	4
7985	4
7986	1
7988	4
7989	2
7990	1
7992	5
7995	2
7996	1
7998	2
8000	7
8002	2
8004	3
8006	2
8008	9
8010	2
8012	1
8014	2
8016	4
8019	2
8020	6
8022	4
8023	1
8024	6
8026	2
8028	2
8030	38
8031	1
8032	1
8034	1
8036	1
8038	2
8040	13
8041	1
8042	1
8044	3
8048	3
8050	1
8052	8
8054	1
8055	1
8056	2
8057	2
8058	2
8060	3
8061	1
8064	7
8066	2
8067	1
8068	1
8069	1
8070	1
8072	4
8074	1
8076	4
8078	1
8080	2
8082	1
8084	2
8085	18
8086	1
8088	3
8092	2
8094	1
8096	14
8098	2
8100	8
8103	1
8104	2
8105	1
8106	2
8108	4
8112	3
8116	1
8118	3
8120	6
8124	4
8128	5
8129	1
8130	1
8132	2
8134	3
8136	10
8140	50
8142	2
8144	1
8145	2
8146	1
8148	4
8150	2
8152	1
8154	2
8156	4
8157	1
8160	14
8161	1
8162	4
8165	1
8166	2
8168	2
8170	1
8172	6
8175	1
8176	7
8178	1
8180	2
8182	1
8184	9
8187	1
8188	1
8190	2
8191	2
8192	5
8194	1
8195	8
8196	2
8198	1
8200	3
8202	4
8204	2
8206	1
8208	2
8212	3
8214	1
8215	2
8216	1
8217	1
8218	2
8220	1
8222	1
8224	2
8227	1
8228	3
8230	2
8232	5
8236	2
8238	2
8239	1
8241	1
8242	1
8243	1
8244	2
8246	1
8247	1
8248	1
8250	20
8252	1
8256	3
8260	3
8262	3
8268	5
8269	1
8270	2
8272	3
8274	2
8276	2
8280	7
8282	1
8284	1
8285	1
8286	3
8287	1
8288	1
8290	1
8292	2
8294	2
8295	1
8296	5
8297	1
8298	3
8300	2
8302	2
8304	5
8305	2
8306	2
8308	1
8309	1
8310	2
8312	1
8316	6
8318	1
8319	1
8320	3
8324	1
8325	1
8326	3
8328	5
8332	2
8333	1
8334	5
8336	2
8338	1
8340	1
8342	1
8344	4
8345	1
8346	1
8348	1
8349	1
8350	1
8352	3
8354	2
8356	2
8358	1
8360	33
8361	2
8362	1
8364	2
8365	1
8370	1
8372	1
8374	1
8376	5
8378	1
8380	3
8381	1
8382	2
8384	5
8388	3
8390	1
8391	1
8393	1
8394	1
8395	1
8396	5
8397	1
8398	3
8400	8
8402	1
8404	6
8406	2
8408	1
8410	1
8412	6
8415	9
8416	2
8418	1
8420	1
8424	4
8426	4
8428	3
8430	2
8432	2
8434	2
8436	2
8440	3
8442	1
8444	2
8445	1
8448	4
8450	2
8452	1
8455	1
8458	2
8459	2
8460	1
8462	1
8463	1
8464	2
8468	3
8470	8
8471	1
8472	3
8474	2
8476	2
8479	1
8484	3
8488	1
8489	1
8490	2
8492	3
8496	3
8498	2
8499	1
8500	1
8504	3
8505	1
8508	2
8510	2
8514	1
8515	1
8516	4
8518	1
8520	7
8522	1
8525	1
8530	1
8532	3
8534	1
8536	4
8538	1
8540	2
8544	5
8548	1
8550	1
8552	3
8554	2
8556	5
8557	1
8558	2
8560	3
8562	1
8563	1
8566	2
8568	2
8569	1
8570	1
8573	1
8574	2
8576	3
8578	1
8579	1
8580	25
8582	1
8584	1
8586	1
8588	1
8589	1
8590	1
8592	4
8593	1
8594	1
8596	1
8600	2
8602	1
8604	5
8608	2
8610	1
8611	1
8612	2
8614	1
8616	5
8618	1
8622	1
8624	3
8628	1
8631	1
8634	1
8636	2
8638	1
8640	69
8644	3
8646	1
8648	3
8650	1
8652	2
8655	1
8656	3
8657	2
8659	1
8660	5
8662	3
8664	5
8666	1
8667	2
8668	6
8670	2
8674	2
8676	3
8680	5
8682	2
8684	4
8686	1
8688	10
8690	6
8692	2
8694	2
8695	1
8696	2
8700	5
8702	1
8704	3
8706	3
8708	1
8710	1
8712	6
8714	2
8715	1
8716	6
8718	1
8720	4
8724	12
8726	1
8728	3
8730	1
8732	5
8733	1
8734	1
8735	2
8736	2
8740	2
8742	1
8744	1
8746	1
8747	1
8748	8
8750	4
8751	1
8752	5
8756	3
8760	13
8761	1
8762	1
8764	6
8766	1
8768	1
8772	3
8776	2
8778	3
8780	2
8784	7
8788	2
8790	3
8791	1
8792	2
8794	3
8796	4
8800	698
8802	2
8804	5
8805	3
8806	1
8808	5
8810	22
8811	2
8812	2
8814	1
8815	3
8816	7
8818	1
8820	22
8822	16
8824	2
8825	2
8828	4
8830	4
8832	12
8836	2
8838	4
8840	11
8841	2
8842	2
8843	1
8844	17
8845	2
8846	1
8848	4
8852	1
8854	4
8855	41
8856	3
8858	3
8859	1
8860	8
8862	2
8864	3
8865	1
8866	4
8868	3
8870	2
8871	1
8872	1
8874	1
8875	1
8876	2
8877	2
8880	13
8882	1
8884	2
8885	1
8886	1
8888	10
8889	1
8890	2
8892	5
8893	3
8894	1
8895	2
8896	1
8898	1
8899	2
8900	2
8902	1
8903	1
8904	7
8906	1
8908	3
8909	1
8910	92
8912	3
8915	4
8918	1
8920	8
8921	1
8924	3
8925	2
8926	3
8928	4
8930	3
8932	5
8934	1
8935	1
8937	3
8938	1
8939	1
8940	2
8941	1
8943	4
8944	6
8948	4
8950	1
8952	2
8954	6
8960	5
8964	3
8965	30
8966	1
8967	2
8968	2
8972	1
8976	3
8978	1
8980	2
8981	1
8983	1
8984	2
8988	4
8992	3
8993	1
8996	3
8998	2
9000	8
9002	1
9004	4
9005	1
9006	1
9008	4
9010	1
9014	3
9016	4
9018	1
9019	1
9020	93
9022	1
9024	7
9026	1
9028	1
9030	6
9032	4
9033	1
9036	5
9038	1
9040	6
9042	8
9044	1
9046	1
9048	2
9050	2
9052	1
9053	1
9054	2
9055	1
9056	1
9058	1
9062	2
9064	7
9065	1
9066	1
9068	2
9070	1
9072	6
9074	1
9075	12
9076	2
9078	1
9079	1
9080	7
9082	1
9084	2
9085	2
9086	2
9088	3
9090	1
9091	1
9092	1
9096	3
9097	1
9100	2
9101	1
9102	3
9108	5
9110	1
9112	3
9114	1
9116	1
9117	1
9118	1
9120	13
9124	2
9126	1
9128	2
9129	1
9130	43
9132	1
9134	1
9136	1
9140	1
9142	1
9144	3
9148	1
9150	3
9151	1
9152	1
9153	1
9156	1
9160	2
9162	2
9163	1
9165	1
9167	1
9168	2
9170	1
9171	1
9172	2
9174	2
9180	2
9184	1
9185	10
9188	1
9192	2
9196	1
9198	1
9200	1
9204	7
9208	2
9210	3
9212	1
9216	3
9218	2
9222	2
9224	1
9226	1
9228	2
9230	3
9234	1
9238	1
9240	65
9242	1
9244	2
9247	1
9248	3
9255	2
9256	2
9258	2
9262	4
9264	2
9268	1
9272	1
9273	1
9274	1
9276	1
9280	1
9282	2
9284	2
9286	1
9288	5
9292	2
9294	1
9295	5
9296	2
9300	1
9302	1
9304	2
9310	2
9311	1
9312	3
9317	1
9320	2
9324	3
9327	2
9328	2
9335	1
9336	3
9338	1
9339	1
9342	1
9344	3
9348	1
9350	22
9352	1
9355	1
9356	1
9358	1
9360	13
9361	1
9363	1
9366	1
9368	4
9372	2
9374	1
9376	2
9378	2
9379	1
9380	1
9382	1
9383	2
9384	2
9385	1
9387	1
9388	2
9392	1
9398	1
9400	1
9402	1
9404	1
9405	3
9408	7
9410	1
9412	2
9416	4
9417	1
9418	1
9420	2
9424	1
9425	1
9427	1
9429	1
9430	2
9431	1
9432	4
9436	1
9438	1
9439	1
9440	3
9442	3
9444	4
9448	1
9452	1
9456	5
9458	1
9460	34
9462	2
9464	3
9466	1
9470	1
9472	1
9476	2
9478	1
9480	5
9482	3
9484	2
9486	1
9488	1
9490	2
9492	3
9496	2
9498	1
9500	1
9504	5
9508	2
9510	1
9512	1
9514	4
9515	4
9516	1
9520	7
9521	1
9524	1
9526	1
9528	5
9532	2
9536	2
9540	4
9544	1
9546	1
9548	1
9552	4
9556	3
9558	1
9559	1
9560	2
9561	1
9564	2
9567	1
9568	5
9570	13
9572	2
9575	1
9576	5
9580	5
9582	1
9584	1
9588	2
9592	5
9594	2
9600	453
9602	4
9604	7
9605	7
9606	6
9607	1
9608	15
9609	1
9610	58
9612	5
9613	3
9614	2
9615	14
9616	6
9618	6
9619	1
9620	67
9623	1
9624	11
9625	3
9626	1
9628	3
9630	32
9632	5
9633	1
9634	3
9635	1
9636	4
9638	1
9639	1
9640	51
9641	1
9642	3
9643	2
9644	1
9645	2
9648	18
9650	4
9654	2
9655	2
9656	3
9657	1
9660	40
9662	2
9664	6
9666	1
9668	6
9669	1
9670	5
9672	5
9674	2
9675	1
9676	2
9678	3
9679	1
9680	48
9682	1
9684	6
9685	1
9688	9
9690	8
9692	4
9696	8
9698	1
9700	9
9701	1
9702	1
9704	1
9710	1
9712	4
9715	1
9716	1
9718	1
9720	39
9724	2
9725	1
9728	1
9730	4
9732	2
9733	1
9735	2
9736	2
9737	1
9738	1
9740	6
9743	1
9744	6
9746	1
9749	1
9750	1
9752	2
9756	2
9760	6
9762	1
9764	5
9766	1
9768	5
9770	1
9772	1
9776	1
9780	9
9784	2
9785	1
9786	2
9788	1
9789	1
9790	8
9792	6
9795	2
9796	1
9799	1
9800	9
9801	1
9804	2
9808	3
9810	2
9815	2
9816	8
9820	9
9824	3
9826	1
9828	1
9830	4
9832	2
9834	1
9838	1
9840	20
9845	2
9846	2
9848	1
9850	2
9852	1
9853	2
9854	1
9856	1
9858	2
9860	2
9862	1
9864	3
9866	1
9868	2
9869	1
9870	1
9872	1
9873	1
9875	1
9876	2
9884	1
9886	2
9888	3
9890	1
9892	1
9894	1
9899	1
9900	58
9901	1
9902	1
9904	3
9906	1
9912	3
9914	1
9916	1
9918	1
9920	6
9922	1
9924	2
9926	1
9927	1
9928	1
9929	1
9930	3
9932	2
9934	1
9936	3
9937	1
9938	1
9939	1
9940	5
9942	1
9944	2
9946	1
9948	2
9952	2
9954	1
9955	3
9960	6
9962	1
9964	2
9966	3
9968	1
9972	1
9974	1
9975	1
9976	1
9978	3
9981	1
9984	3
9988	1
9992	1
9996	2
9999	1
10000	1
10002	1
10006	1
10008	6
10010	3
10012	2
10014	1
10020	3
10023	1
10024	1
10028	1
10030	1
10032	4
10034	2
10036	1
10040	3
10042	1
10044	1
10048	2
10052	3
10054	1
10060	1
10065	3
10066	2
10074	1
10075	1
10080	24
10081	1
10084	1
10088	1
10089	1
10090	1
10096	4
10100	1
10101	1
10102	2
10104	1
10108	1
10109	1
10110	1
10112	1
10114	1
10116	2
10120	24
10124	1
10128	4
10132	2
10135	1
10136	3
10140	3
10142	2
10147	1
10148	1
10150	1
10152	3
10157	1
10158	2
10160	2
10164	1
10167	1
10168	4
10170	1
10174	1
10175	4
10178	1
10180	3
10182	1
10186	2
10187	1
10188	3
10190	1
10191	1
10192	2
10194	1
10196	1
10200	5
10204	1
10212	2
10216	3
10218	1
10224	6
10230	7
10232	1
10236	1
10240	1
10242	1
10244	2
10248	1
10250	2
10252	1
10254	1
10255	2
10258	1
10260	4
10261	1
10262	1
10264	1
10266	1
10268	1
10270	2
10272	3
10276	3
10280	1
10284	1
10285	2
10287	1
10288	2
10290	1
10296	1
10298	1
10300	1
10302	2
10303	1
10308	4
10316	1
10320	4
10322	1
10325	1
10328	2
10330	2
10332	1
10335	1
10340	10
10343	1
10344	1
10350	2
10351	1
10353	1
10356	1
10360	1
10362	1
10364	2
10368	6
10374	1
10380	1
10382	1
10384	3
10392	2
10394	1
10400	7
10404	2
10406	2
10407	1
10408	1
10409	1
10410	2
10416	2
10418	3
10420	1
10424	1
10426	2
10428	1
10432	1
10440	3
10444	1
10446	1
10448	3
10450	2
10452	3
10454	1
10456	1
10457	1
10460	1
10466	1
10470	1
10472	1
10474	1
10478	1
10480	3
10484	1
10488	1
10490	1
10492	1
10496	2
10500	3
10504	1
10505	1
10508	1
10512	3
10513	1
10514	1
10516	1
10517	1
10520	5
10524	4
10528	1
10536	2
10542	1
10546	1
10548	2
10552	1
10556	2
10557	1
10558	1
10560	203
10568	1
10569	1
10570	4
10575	1
10576	4
10578	1
10580	5
10582	9
10585	1
10590	6
10592	2
10595	1
10598	1
10600	2
10604	6
10608	5
10609	1
10614	1
10615	6
10616	1
10620	4
10621	1
10628	1
10630	1
10632	2
10634	3
10636	1
10637	1
10638	1
10639	1
10640	1
10648	7
10650	1
10654	1
10655	1
10658	2
10660	3
10664	2
10668	1
10670	16
10672	1
10676	1
10680	4
10688	1
10692	5
10693	1
10696	1
10698	1
10699	1
10702	1
10708	2
10710	1
10712	3
10725	9
10727	1
10730	1
10732	1
10735	1
10736	2
10740	1
10744	2
10750	1
10751	2
10752	3
10758	1
10760	1
10761	1
10774	1
10780	31
10782	1
10784	1
10786	2
10788	1
10790	1
10792	2
10800	39
10805	1
10808	1
10810	3
10812	3
10813	1
10815	3
10816	1
10820	4
10824	7
10825	1
10826	1
10828	1
10829	1
10830	3
10831	1
10834	1
10835	3
10836	2
10838	1
10840	7
10843	1
10844	2
10845	2
10847	1
10848	1
10852	1
10854	1
10856	1
10860	4
10864	1
10869	1
10870	2
10872	1
10873	1
10876	3
10878	1
10880	1
10882	1
10884	2
10886	1
10887	1
10888	1
10890	16
10892	3
10896	2
10904	1
10907	1
10908	1
10912	3
10914	1
10920	7
10924	2
10932	2
10944	1
10952	1
10956	1
10958	1
10960	2
10962	1
10964	1
10966	1
10967	1
10968	1
10972	1
10976	1
10980	2
10982	1
10986	1
10988	1
10992	1
10995	1
11000	24
11005	1
11006	1
11008	1
11010	1
11012	1
11016	2
11019	1
11020	1
11022	2
11028	2
11033	1
11035	1
11040	6
11044	2
11046	1
11048	2
11049	1
11050	1
11052	1
11055	3
11060	2
11062	1
11065	1
11066	2
11070	2
11075	1
11080	2
11081	1
11088	2
11090	1
11092	1
11098	1
11100	2
11102	1
11110	3
11112	2
11116	1
11119	1
11120	1
11124	1
11136	1
11142	1
11144	2
11148	2
11154	1
11160	2
11164	2
11165	1
11168	1
11172	2
11188	3
11198	1
11200	1
11208	1
11220	10
11222	2
11228	1
11232	4
11234	2
11240	1
11242	1
11244	1
11249	1
11251	1
11253	1
11256	1
11260	1
11268	2
11275	1
11280	3
11284	2
11285	1
11288	2
11292	1
11296	1
11298	2
11306	1
11312	1
11313	1
11316	1
11318	2
11326	1
11328	1
11330	3
11332	1
11334	1
11336	4
11340	1
11344	1
11345	1
11352	1
11354	1
11358	1
11360	1
11370	1
11380	1
11382	2
11384	1
11396	1
11400	2
11406	1
11409	1
11412	2
11416	1
11417	1
11420	1
11422	1
11424	1
11426	3
11432	2
11439	1
11440	13
11457	1
11463	1
11464	1
11466	1
11477	1
11480	1
11484	2
11495	2
11496	2
11498	1
11500	2
11511	1
11512	1
11516	1
11518	1
11520	26
11528	1
11532	1
11535	1
11536	4
11540	1
11544	1
11546	1
11550	2
11552	1
11554	2
11556	1
11560	2
11562	1
11564	1
11568	2
11572	1
11575	1
11576	1
11580	6
11584	1
11588	1
11590	1
11592	1
11595	1
11596	1
11598	1
11604	3
11606	1
11608	1
11616	3
11618	1
11624	2
11626	1
11636	1
11640	5
11646	2
11654	1
11656	1
11660	2
11663	1
11664	2
11668	2
11674	1
11679	1
11688	3
11700	1
11707	1
11708	1
11712	3
11718	1
11744	1
11746	1
11747	1
11748	1
11750	1
11752	1
11760	7
11768	1
11770	3
11784	2
11785	1
11790	1
11795	1
11802	1
11804	1
11806	1
11808	1
11820	2
11826	2
11828	1
11830	1
11838	1
11840	1
11844	1
11848	1
11852	2
11856	2
11880	30
11882	1
11884	1
11885	1
11888	2
11890	1
11895	1
11900	5
11904	2
11915	1
11916	1
11920	1
11924	3
11928	1
11930	1
11934	1
11935	7
11938	1
11940	4
11942	1
11952	2
11956	1
11958	1
11960	3
11964	1
11968	2
11969	1
11980	2
11982	1
11984	1
11985	1
11990	8
12000	1
12010	1
12012	3
12021	1
12022	1
12026	1
12027	1
12030	1
12032	2
12036	1
12045	2
12048	3
12051	1
12052	1
12056	1
12058	1
12060	2
12074	1
12078	1
12086	1
12096	1
12100	9
12104	1
12111	1
12112	1
12120	1
12124	1
12126	1
12132	1
12144	2
12147	1
12155	1
12156	1
12160	1
12173	1
12180	2
12188	1
12204	1
12208	1
12210	3
12214	1
12218	1
12236	1
12240	2
12242	1
12248	1
12252	2
12256	1
12272	1
12276	1
12288	2
12290	1
12292	1
12300	1
12304	3
12312	1
12320	7
12324	1
12328	1
12346	1
12360	1
12363	1
12364	1
12368	1
12374	1
12375	2
12380	2
12382	1
12384	1
12390	1
12392	3
12420	1
12426	1
12430	1
12434	1
12448	1
12451	1
12452	1
12458	1
12479	1
12480	2
12485	1
12487	1
12500	1
12506	1
12512	1
12520	1
12528	3
12530	1
12534	1
12540	5
12542	1
12544	1
12550	1
12552	1
12558	2
12570	1
12572	2
12584	1
12595	1
12600	5
12601	1
12606	1
12612	1
12618	1
12626	1
12627	1
12632	2
12636	1
12640	1
12642	1
12650	2
12666	2
12668	1
12672	2
12674	1
12680	1
12684	1
12688	1
12708	1
12712	1
12720	4
12732	1
12738	1
12740	1
12744	1
12746	1
12756	1
12760	4
12768	2
12782	1
12784	2
12792	2
12800	30
12804	1
12810	4
12811	1
12815	2
12816	1
12820	2
12830	4
12836	1
12840	2
12845	1
12846	1
12852	2
12856	1
12860	1
12870	3
12872	1
12876	2
12880	1
12904	1
12909	1
12910	1
12920	2
12934	1
12935	1
12936	1
12948	1
12952	1
12960	18
12968	1
12970	1
12972	1
12975	1
12976	2
12984	4
12990	1
12996	2
13000	1
13008	1
13020	3
13030	1
13036	1
13039	1
13047	1
13052	1
13054	1
13080	1
13084	1
13090	2
13104	2
13105	1
13106	1
13108	1
13114	1
13120	1
13128	1
13141	1
13144	1
13148	1
13152	2
13156	1
13160	2
13164	1
13166	1
13168	1
13170	1
13176	1
13178	1
13200	242
13202	1
13204	2
13205	1
13207	2
13208	1
13209	1
13210	5
13215	3
13220	7
13222	7
13224	3
13226	1
13227	1
13230	2
13232	1
13235	1
13240	4
13242	1
13244	8
13245	2
13248	2
13254	3
13255	19
13260	3
13263	1
13265	1
13266	2
13270	1
13272	2
13275	1
13276	2
13280	2
13282	1
13288	3
13290	2
13296	3
13300	2
13310	29
13315	1
13320	3
13321	1
13324	2
13330	2
13332	1
13336	1
13338	2
13340	1
13343	1
13350	2
13354	1
13360	1
13363	1
13365	4
13368	1
13376	2
13387	1
13390	2
13392	1
13398	1
13400	2
13401	1
13416	1
13420	27
13428	1
13435	1
13438	1
13440	3
13442	1
13450	1
13456	1
13457	1
13460	1
13461	1
13464	2
13468	1
13472	1
13474	1
13475	3
13476	1
13480	3
13484	1
13486	1
13488	3
13492	1
13500	1
13506	1
13512	1
13518	1
13520	1
13524	1
13528	1
13530	9
13532	1
13537	1
13540	1
13542	1
13544	1
13548	1
13560	1
13562	1
13568	1
13570	1
13572	1
13576	1
13580	1
13585	3
13591	2
13600	1
13605	1
13608	1
13618	1
13620	1
13628	1
13638	1
13640	13
13651	1
13660	1
13680	2
13681	1
13684	3
13695	1
13722	1
13728	1
13734	2
13738	1
13750	5
13752	1
13761	1
13771	1
13775	1
13778	1
13784	1
13790	1
13792	1
13805	2
13816	1
13840	1
13857	1
13860	10
13896	2
13900	1
13904	1
13908	1
13911	1
13915	1
13921	1
13934	1
13937	1
13958	1
13965	1
13968	1
13970	2
13972	1
13976	1
13988	1
13992	1
14000	2
14004	1
14025	1
14030	1
14040	3
14043	1
14048	1
14060	1
14064	1
14076	1
14080	13
14091	1
14107	1
14113	2
14120	1
14135	1
14141	1
14146	2
14156	1
14160	1
14190	6
14212	1
14220	1
14232	2
14234	2
14238	1
14246	1
14250	1
14256	1
14268	1
14279	1
14280	2
14284	1
14298	1
14300	6
14304	1
14316	1
14320	2
14328	2
14334	1
14335	1
14340	1
14355	1
14376	1
14394	1
14400	92
14404	1
14405	1
14406	1
14408	5
14410	14
14412	2
14414	1
14415	1
14416	2
14420	7
14422	1
14424	3
14426	2
14428	1
14430	4
14436	1
14440	7
14442	1
14445	1
14448	3
14449	1
14450	3
14452	1
14456	1
14458	1
14460	12
14465	2
14468	2
14470	3
14471	1
14475	1
14480	3
14481	1
14484	1
14490	3
14494	1
14495	1
14496	2
14502	2
14510	1
14514	1
14516	2
14520	11
14522	1
14524	3
14528	1
14535	1
14536	1
14542	1
14544	4
14552	1
14556	4
14560	1
14564	1
14567	1
14568	2
14570	1
14576	1
14580	2
14586	2
14600	4
14604	1
14606	1
14608	1
14620	2
14624	1
14632	1
14636	1
14640	10
14656	1
14664	3
14670	2
14674	1
14675	1
14688	3
14700	2
14704	1
14712	2
14720	1
14730	1
14740	2
14752	1
14760	2
14772	1
14776	1
14784	1
14787	1
14795	1
14796	1
14800	2
14814	1
14824	1
14832	2
14850	3
14860	1
14870	1
14872	1
14877	1
14880	3
14890	1
14892	1
14904	1
14933	1
14940	1
14944	1
14960	3
14962	1
14988	1
14991	1
15000	1
15008	1
15015	2
15017	1
15018	1
15024	1
15026	1
15030	1
15032	1
15042	1
15048	1
15049	1
15052	1
15060	1
15070	3
15080	1
15120	1
15128	1
15156	1
15180	4
15189	1
15192	1
15204	1
15216	1
15230	1
15240	1
15252	2
15265	1
15280	2
15290	2
15292	1
15304	1
15336	1
15348	1
15352	1
15356	1
15360	1
15362	1
15384	2
15390	1
15396	2
15400	1
15428	1
15440	1
15442	1
15444	1
15455	1
15468	1
15471	1
15488	1
15504	1
15506	1
15510	2
15522	1
15534	1
15542	1
15550	1
15552	1
15564	1
15568	2
15570	2
15572	1
15576	2
15584	1
15600	3
15608	1
15609	1
15615	1
15638	1
15657	1
15678	2
15696	1
15698	1
15704	1
15720	1
15742	1
15743	1
15756	1
15792	1
15794	1
15819	1
15820	1
15824	1
15840	75
15844	2
15850	5
15855	3
15860	5
15862	3
15865	2
15870	4
15882	1
15884	1
15892	1
15895	5
15900	1
15904	1
15919	2
15920	1
15925	2
15928	2
15930	1
15932	1
15950	8
15964	1
15965	1
15976	1
15978	1
15994	1
15996	1
16005	3
16008	1
16010	1
16016	2
16020	4
16027	1
16038	1
16060	7
16068	1
16082	1
16090	1
16115	2
16126	1
16136	1
16156	2
16165	1
16170	3
16176	2
16192	2
16200	1
16212	1
16216	1
16248	1
16250	1
16254	1
16272	1
16280	9
16282	1
16284	1
16300	1
16315	1
16335	1
16348	1
16364	1
16390	2
16408	1
16420	1
16452	1
16467	1
16470	2
16480	1
16488	2
16492	1
16500	3
16504	1
16520	1
16524	1
16528	1
16530	2
16560	1
16568	2
16620	1
16652	1
16674	1
16704	1
16716	1
16720	2
16728	1
16730	1
16734	1
16736	1
16754	1
16761	1
16800	4
16808	1
16818	1
16830	4
16864	1
16876	1
16888	1
16940	2
16944	2
16980	1
17000	1
17004	1
17010	1
17065	1
17088	1
17092	1
17105	1
17160	4
17164	1
17171	1
17198	1
17215	2
17269	1
17280	9
17289	1
17300	1
17304	1
17310	1
17326	1
17328	1
17334	1
17352	1
17376	1
17382	1
17406	1
17432	1
17440	1
17449	1
17460	1
17510	1
17532	1
17544	2
17556	1
17600	232
17605	4
17608	2
17610	15
17615	2
17620	6
17622	4
17624	1
17630	2
17637	1
17640	5
17644	3
17646	1
17648	1
17649	1
17652	1
17655	16
17660	2
17664	1
17670	2
17674	2
17675	1
17688	3
17690	3
17695	1
17696	1
17698	1
17710	29
17720	1
17730	1
17731	1
17732	1
17734	1
17735	1
17740	1
17743	1
17744	1
17750	1
17753	1
17754	1
17760	2
17765	4
17766	1
17775	2
17776	4
17784	1
17802	1
17806	1
17809	2
17820	38
17824	1
17841	1
17842	2
17848	1
17850	2
17856	1
17868	1
17870	1
17896	1
17904	2
17920	1
17930	14
17951	1
17952	1
17956	1
17964	1
17978	1
17985	1
18000	1
18004	1
18035	1
18037	1
18040	15
18060	2
18080	1
18084	2
18098	1
18120	1
18150	4
18152	1
18194	1
18200	1
18205	1
18240	1
18248	1
18249	1
18258	1
18260	10
18264	1
18286	1
18298	1
18315	1
18328	2
18330	1
18334	1
18348	1
18370	2
18384	1
18425	2
18460	1
18480	4
18485	1
18500	1
18512	1
18513	1
18524	2
18535	2
18572	1
18584	1
18590	5
18598	1
18612	1
18634	2
18645	2
18666	2
18700	5
18720	1
18755	1
18772	1
18780	1
18804	1
18810	1
18816	1
18840	1
18848	1
18850	1
18856	1
18864	1
18876	1
18879	1
18920	3
18940	1
18975	2
18984	1
19000	1
19008	1
19030	1
19041	1
19048	1
19062	1
19068	1
19074	1
19128	1
19134	1
19140	3
19200	56
19204	1
19208	1
19210	2
19214	1
19215	2
19220	2
19224	1
19226	1
19230	1
19240	1
19242	1
19248	2
19250	2
19260	3
19264	2
19268	1
19270	1
19276	1
19280	1
19287	1
19288	2
19300	2
19304	1
19320	5
19324	1
19328	1
19335	2
19338	1
19340	1
19344	2
19360	3
19376	1
19380	1
19400	1
19420	1
19440	6
19470	1
19503	1
19512	1
19520	1
19530	2
19548	1
19560	3
19580	2
19624	1
19680	1
19684	1
19704	1
19732	1
19740	1
19779	1
19800	21
19808	1
19820	3
19830	1
19855	4
19880	2
19910	1
19920	2
19980	1
20010	2
20020	5
20028	1
20030	1
20032	1
20056	1
20076	1
20091	1
20100	1
20130	3
20160	3
20240	4
20242	1
20244	1
20262	1
20280	2
20295	1
20302	1
20350	1
20372	1
20405	1
20442	1
20460	2
20516	1
20540	1
20570	1
20592	1
20600	1
20608	1
20628	1
20640	1
20667	1
20680	1
20688	1
20700	1
20760	1
20800	6
20818	1
20896	1
21104	1
21120	16
21131	1
21162	1
21164	2
21175	2
21200	1
21208	1
21230	1
21240	1
21252	1
21258	1
21312	1
21340	2
21450	1
21452	1
21474	1
21476	1
21548	1
21560	3
21582	1
21600	19
21606	1
21615	1
21616	1
21620	1
21640	1
21650	1
21656	1
21660	1
21664	1
21670	1
21671	1
21684	1
21692	1
21694	1
21720	1
21758	1
21760	1
21782	1
21802	1
21810	1
21835	1
21840	1
21892	1
21945	1
21950	1
22000	5
22044	1
22050	1
22068	1
22118	1
22128	1
22176	1
22220	1
22248	1
22272	1
22284	1
22348	1
22380	1
22440	2
22488	1
22564	1
22620	1
22660	1
22718	1
22740	1
22770	1
22776	1
22968	2
23010	1
23040	1
23080	1
23100	1
23146	1
23280	2
23294	1
23315	1
23320	1
23381	1
23445	1
23452	1
23457	1
23486	1
23564	1
23610	1
23616	1
23634	1
23760	16
23770	1
23775	1
23782	1
23800	2
23815	1
23880	1
23904	1
23914	2
23923	1
23960	1
23980	2
23988	1
24000	1
24024	1
24040	1
24060	2
24090	1
24101	1
24120	1
24200	1
24332	2
24340	1
24408	1
24420	1
24458	1
24564	1
24750	1
24804	1
24834	1
24860	1
24894	1
24960	1
24970	1
25066	1
25080	3
25085	1
25200	2
25236	1
25400	1
25456	1
25600	2
25615	1
25616	1
25728	1
25920	3
26259	1
26298	1
26400	103
26404	1
26405	1
26410	3
26420	2
26422	1
26424	2
26434	1
26440	2
26442	1
26444	3
26445	1
26455	5
26460	1
26461	1
26471	1
26488	1
26496	1
26510	14
26515	1
26516	1
26520	1
26530	2
26532	1
26535	1
26565	1
26575	1
26582	1
26589	1
26620	10
26640	1
26664	1
26675	3
26719	1
26730	10
26752	1
26785	1
26790	1
26840	6
26850	1
26895	2
26904	1
27005	1
27030	1
27048	1
27060	5
27126	1
27170	2
27174	1
27210	1
27245	1
27280	1
27360	1
27390	3
27445	1
27500	1
27610	2
27645	2
27720	4
27742	1
27765	1
27775	2
27830	1
27885	1
27940	2
28164	1
28325	1
28380	2
28545	1
28600	2
28800	28
28810	2
28815	1
28820	1
28824	2
28844	1
28860	2
28890	1
28928	1
28956	1
28960	1
28968	1
29000	1
29020	1
29040	3
29058	1
29064	1
29100	1
29108	1
29144	1
29160	4
29250	1
29260	1
29280	1
29348	1
29418	1
29436	1
29680	1
29790	1
29810	1
29900	1
29940	1
30072	1
30085	1
30160	1
30180	1
30240	2
30324	1
30560	1
30588	1
30618	1
30690	1
30800	1
31098	1
31200	1
31275	1
31680	8
31718	1
31727	1
31776	1
31944	1
32058	1
32400	1
32936	1
33185	1
33192	1
33600	2
34200	1
34377	1
34560	1
34620	2
35200	33
35210	2
35222	1
35240	1
35244	3
35255	3
35265	1
35274	1
35288	1
35290	1
35299	1
35310	5
35315	1
35328	1
35365	6
35420	6
35428	1
35530	5
35640	1
35680	1
35695	1
35805	1
35816	1
35860	7
35884	1
35915	1
35920	1
35924	1
36088	1
36190	3
36204	1
36410	1
36480	1
36520	1
36546	1
36685	1
37257	1
37748	1
38400	4
38420	1
38424	2
38448	1
38506	1
38510	1
38520	2
38640	2
38760	1
38820	1
38845	1
39420	1
39480	1
39600	12
39610	1
39615	1
39655	1
39688	1
39710	2
39720	1
39765	1
39820	1
39860	1
39908	1
40040	1
40060	1
40095	1
40150	1
40320	1
40480	2
40920	1
41624	1
42172	1
42240	1
43200	3
43320	1
43420	1
43724	1
45210	1
46420	1
47520	2
47575	1
47580	1
49720	1
50400	1
50544	1
51840	1
51844	1
52800	32
52810	2
52820	1
52830	1
52844	1
52855	4
52898	1
52907	1
52910	2
52920	1
53020	1
53130	3
53174	1
53240	1
53460	2
53764	1
53779	1
54010	1
54120	1
54180	1
54538	1
55220	1
55440	1
57600	3
57613	1
57696	1
58080	1
58320	1
58920	1
59400	2
63910	1
66000	2
67315	1
70425	1
70430	1
70510	1
70528	1
70620	1
70730	2
79200	3
79210	1
79420	2
79488	1
79695	1
86400	1
86408	1
86520	1
87104	1
105600	2
105655	1
105843	1
108220	1
118800	1
172848	1
211224	1
