RTP and Standard Deviation Breakdown
Name	RTP	StDev
Initial	0.142177	27.63
Tumbles	0.18686	46.13
Base Total	0.329037	56.88
Free Spins	0.280857	191.9
Total	0.609895	200.4
----------------------------------------
Iterations	1000000000
Total Pay	8.426e+09
Feature Hits
Feature	Hits	Hit Rate
Base	222122264	4.5020251
Base Win	217888973	4.5894934
FS Tease	44603822	22.419603
Free Spins	6252450	159.9373
FS Trigger 3	5786492	172.81628
FS Trigger 4	442243	2261.2003
FS Trigger 5	22916	43637.633
FS Trigger 6	799	1251564.5
----------------------------------------
Base Hits
Symbol	1	2	3	4	5	6
WL	0	0	0	0	0	0
R1	0	0	1609073	268131	55278	45469
R2	0	0	3915041	982322	152389	167340
R3	0	0	4477380	1734276	252631	288340
R4	0	0	44908975	21557854	13074322	3827878
R5	0	0	41956881	23265743	17312480	3704044
R6	0	0	66528159	34471702	27275374	9772736
S1	0	0	77675844	49375175	16538247	11593528
S2	0	0	129192451	68621841	17635506	14155342
S3	0	0	64245691	33492201	20722793	13624280
S4	0	0	93417037	49753437	25389394	15314235
F1	0	0	0	0	0	0
F2	0	0	0	0	0	0
F3	0	0	0	0	0	0
----------------------------------------
Free Hits
Symbol	1	2	3	4	5	6
WL	0	0	0	0	0	0
R1	0	0	41666	5604	701	118
R2	0	0	129665	26634	4666	1461
R3	0	0	194055	46258	9983	3637
R4	0	0	404151	122754	34517	18698
R5	0	0	570680	206082	63096	43834
R6	0	0	965483	312406	102035	77047
S1	0	0	13003712	8764049	3451362	2747284
S2	0	0	19413818	11050488	3380779	2954145
S3	0	0	10299283	6465721	4217974	3535151
S4	0	0	14127900	8369180	4527223	3551142
F1	0	0	0	0	0	0
F2	0	0	0	0	0	0
F3	0	0	0	0	0	0
----------------------------------------
Average Free Spins: 	10.392224
----------------------------------------
Average Tumbles Base: 	1.710677
----------------------------------------
Average Tumbles Free: 	1.9437538
----------------------------------------
Tumble Frequencies Base
Number Tumble	Frequency
1	130499450
2	46472692
3	23954854
4	10784785
5	3836325
6	1538343
7	588278
8	174856
9	33915
10	4916
11	495
12	49
13	11
14	2
15	1
17	1
----------------------------------------
Multiplier Hit Rate: 	15.403807
Average Final Multiplier: 	1.1678161
Final Multiplier Frequencies
Multiplier	Frequency
1	935080983
2	36968364
3	12232770
4	5323835
5	2335405
6	987670
7	400710
8	155810
9	57860
10	19733
11	3163279
12	1577549
13	827122
14	407243
15	183337
16	77492
17	31677
18	12034
19	4408
20	1538
21	53405
22	44056
23	27219
24	13611
25	5999
26	2612
27	1059
28	420
29	148
30	54
31	804
32	791
33	553
34	217
35	115
36	52
37	21
38	9
39	3
40	2
41	10
42	10
43	7
44	2
45	1
46	1
----------------------------------------
Average Final Multiplier Free Spins: 	20.466073
Final Multiplier Frequencies Free Spins
Multiplier	Frequency
1	122925
2	93438
3	188762
4	156057
5	208528
6	183001
7	208614
8	187954
9	200284
10	182261
11	186872
12	186236
13	183316
14	189414
15	182238
16	189276
17	180780
18	186552
19	176893
20	175070
21	166149
22	160421
23	152030
24	144857
25	138172
26	130970
27	125106
28	118411
29	113646
30	106511
31	100927
32	94554
33	88624
34	82742
35	77191
36	72236
37	66900
38	62346
39	58044
40	53735
41	49109
42	45960
43	42140
44	38996
45	35801
46	32889
47	30081
48	27502
49	25260
50	23193
51	21160
52	19094
53	17340
54	15964
55	14365
56	13133
57	11806
58	10734
59	9716
60	8802
61	7949
62	7121
63	6647
64	5929
65	5296
66	4652
67	4159
68	3888
69	3476
70	3058
71	2645
72	2423
73	2222
74	1913
75	1742
76	1589
77	1412
78	1267
79	1145
80	1046
81	855
82	763
83	725
84	602
85	564
86	490
87	424
88	422
89	339
90	319
91	274
92	253
93	200
94	174
95	168
96	138
97	116
98	105
99	104
100	82
101	84
102	64
103	60
104	55
105	44
106	43
107	45
108	28
109	23
110	25
111	24
112	21
113	17
114	16
115	18
116	11
117	8
118	7
119	9
120	6
121	5
122	5
123	7
124	4
125	5
126	1
127	5
128	6
129	2
130	5
131	3
132	1
134	3
135	2
137	1
138	1
142	1
146	1
----------------------------------------
Boost Statistics (Free Games)
Standard Boosts (+1):	76358547	(Total Mult: 76358547)
Superboosts (+10):	4535210	(Total Mult: 45352100)
Superboost %:	5.606%
Avg Mult per Boost:	1.505

Boost Level Frequencies (Free Games)
Boost Level	Frequency
1	76358547
2	4535210
----------------------------------------
Wins with Superboosts
Base Game Wins:	217888973
Base Game Wins with Superboost:	6428128	(2.95%)
Free Game Wins:	21560976
Free Game Wins with Superboost:	4031209	(18.7%)
----------------------------------------
Final Multiplier Frequencies Free Spins (split by initial multiplier)
Init Multiplier: 1
Average Final Multiplier (init 1):	20.47
Final Mult	Frequency
1	122925
2	93438
3	188762
4	156057
5	208528
6	183001
7	208614
8	187954
9	200284
10	182261
11	186872
12	186236
13	183316
14	189414
15	182238
16	189276
17	180780
18	186552
19	176893
20	175070
21	166149
22	160421
23	152030
24	144857
25	138172
26	130970
27	125106
28	118411
29	113646
30	106511
31	100927
32	94554
33	88624
34	82742
35	77191
36	72236
37	66900
38	62346
39	58044
40	53735
41	49109
42	45960
43	42140
44	38996
45	35801
46	32889
47	30081
48	27502
49	25260
50	23193
51	21160
52	19094
53	17340
54	15964
55	14365
56	13133
57	11806
58	10734
59	9716
60	8802
61	7949
62	7121
63	6647
64	5929
65	5296
66	4652
67	4159
68	3888
69	3476
70	3058
71	2645
72	2423
73	2222
74	1913
75	1742
76	1589
77	1412
78	1267
79	1145
80	1046
81	855
82	763
83	725
84	602
85	564
86	490
87	424
88	422
89	339
90	319
91	274
92	253
93	200
94	174
95	168
96	138
97	116
98	105
99	104
100	82
101	84
102	64
103	60
104	55
105	44
106	43
107	45
108	28
109	23
110	25
111	24
112	21
113	17
114	16
115	18
116	11
117	8
118	7
119	9
120	6
121	5
122	5
123	7
124	4
125	5
126	1
127	5
128	6
129	2
130	5
131	3
132	1
134	3
135	2
137	1
138	1
142	1
146	1
----------------------------------------
Elapsed time: 670.8 seconds
