Pay	Frequency
0	912610477
2	3012610
4	6999490
5	2617154
6	1345382
7	201438
8	6803400
9	203572
10	4048077
11	61267
12	3309436
13	188193
14	1267620
15	752217
16	4633937
17	61161
18	1228124
19	122191
20	3625384
21	194434
22	778399
23	129584
24	3359860
25	187966
26	605660
27	72480
28	1700789
29	108130
30	1458960
31	66742
32	2318578
33	104124
34	549990
35	102867
36	1562702
37	65807
38	457467
39	67991
40	2046304
41	40521
42	558865
43	37104
44	1131672
45	192593
46	355115
47	34714
48	1899163
49	47504
50	394067
51	32905
52	779109
53	72228
54	383507
55	64609
56	926181
57	46181
58	280391
59	23573
60	1277330
61	29932
62	238193
63	43994
64	926608
65	55242
66	344338
67	16403
68	568669
69	53046
70	237764
71	15563
72	912874
73	27288
74	194696
75	32451
76	453794
77	37238
78	230895
79	19176
80	803640
81	24695
82	155017
83	17004
84	474086
85	35493
86	133494
87	23186
88	640808
89	16360
90	316643
91	13548
92	331329
93	26993
94	133232
95	23927
96	728152
97	12917
98	136456
99	20465
100	318423
101	19143
102	145186
103	11979
104	363459
105	18692
106	120745
107	9830
108	307271
109	12026
110	178297
111	16538
112	313621
113	9720
114	130814
115	9219
116	207999
117	16712
118	92739
119	8025
120	555526
121	12112
122	90984
123	9580
124	201141
125	21358
126	104854
127	7366
128	276855
129	11650
130	98572
131	7108
132	287458
133	10063
134	72615
135	19043
136	224726
137	6146
138	90897
139	7186
140	169593
141	10981
142	59202
143	12783
144	346116
145	6958
146	63370
147	8302
148	142301
149	9994
150	78544
151	6090
152	174318
153	7248
154	101289
155	5890
156	154659
157	5533
158	56075
159	8950
160	250272
161	4566
162	66562
163	4957
164	108510
165	26538
166	48215
167	5259
168	190201
169	6129
170	55275
171	5493
172	93793
173	6140
174	52954
175	6462
176	211865
177	4947
178	44922
179	5051
180	188582
181	4789
182	48340
183	5449
184	128445
185	7647
186	47378
187	5816
188	89252
189	6285
190	43359
191	4055
192	204597
193	3850
194	36765
195	8077
196	86096
197	4637
198	70153
199	3919
200	112759
201	4518
202	36462
203	3663
204	87052
205	3931
206	32653
207	4326
208	104927
209	5959
210	40543
211	2938
212	66589
213	4653
214	30847
215	3255
216	120255
217	2814
218	27663
219	3207
220	116204
221	3711
222	35156
223	2625
224	82991
225	3735
226	26875
227	2753
228	73822
229	2507
230	24592
231	6308
232	68511
233	2268
234	33553
235	2616
236	54502
237	3531
238	21763
239	2477
240	167694
241	2004
242	39253
243	2737
244	56698
245	5855
246	27024
247	3070
248	67664
249	2959
250	28514
251	1978
252	60730
253	5416
254	20739
255	3792
256	64080
257	2102
258	25106
259	2085
260	52101
261	3307
262	17630
263	1938
264	110939
265	2254
266	19691
267	2208
268	42735
269	2287
270	30825
271	1727
272	55403
273	2635
274	17446
275	4902
276	45485
277	1802
278	16787
279	2129
280	51231
281	1614
282	19342
283	2019
284	31497
285	2673
286	30710
287	1539
288	90231
289	1462
290	16897
291	1828
292	32377
293	2105
294	21572
295	1424
296	42518
297	2720
298	16385
299	2433
300	38431
301	1408
302	15219
303	1939
304	41872
305	1458
306	16547
307	1471
308	49349
309	1935
310	14503
311	1321
312	55377
313	1370
314	12737
315	1664
316	27851
317	1118
318	15353
319	2774
320	62942
321	1503
322	11930
323	1299
324	32908
325	3167
326	11265
327	1405
328	31683
329	1361
330	35932
331	1098
332	24268
333	1749
334	11715
335	1694
336	50127
337	1091
338	14233
339	1427
340	24981
341	2355
342	12479
343	1107
344	26945
345	1546
346	10695
347	1048
348	24430
349	1103
350	10273
351	1410
352	47468
353	1042
354	11884
355	1086
356	20913
357	1406
358	9552
359	903
360	60359
361	785
362	9209
363	1861
364	24985
365	2190
366	10327
367	979
368	28685
369	1243
370	10245
371	1002
372	22107
373	1092
374	16334
375	1335
376	25478
377	1135
378	11452
379	1003
380	19178
381	1228
382	8468
383	855
384	42375
385	2162
386	8027
387	947
388	17684
389	1040
390	12907
391	789
392	23075
393	974
394	7552
395	759
396	31159
397	796
398	7894
399	891
400	25957
401	684
402	8718
403	1105
404	15890
405	1419
406	7450
407	1457
408	26987
409	704
410	7140
411	819
412	14283
413	884
414	7842
415	801
416	22041
417	926
418	11930
419	681
420	17808
421	733
422	6240
423	798
424	16938
425	659
426	7661
427	660
428	12711
429	1946
430	5771
431	637
432	30106
433	710
434	6100
435	677
436	12175
437	794
438	6929
439	582
440	32450
441	769
442	7282
443	634
444	15182
445	790
446	5324
447	759
448	17432
449	533
450	7002
451	1008
452	11446
453	746
454	5072
455	758
456	20695
457	510
458	4883
459	668
460	10849
461	531
462	10363
463	483
464	14162
465	669
466	4722
467	531
468	14530
469	529
470	5060
471	539
472	12728
473	906
474	5415
475	635
476	9566
477	684
478	4481
479	476
480	37911
481	619
482	4569
483	569
484	16414
485	1299
486	5425
487	470
488	14019
489	706
490	5980
491	400
492	11369
493	588
494	5956
495	2931
496	12757
497	435
498	5121
499	525
500	9683
501	718
502	3863
503	513
504	16537
505	534
506	7128
507	611
508	8599
509	495
510	5283
511	433
512	11442
513	527
514	4144
515	421
516	9467
517	951
518	3678
519	483
520	12602
521	403
522	4595
523	389
524	7203
525	665
526	3380
527	367
528	25962
529	381
530	3906
531	393
532	8027
533	525
534	4094
535	326
536	9652
537	430
538	3532
539	859
540	11974
541	359
542	3258
543	402
544	9448
545	468
546	4937
547	364
548	6912
549	468
550	6542
551	313
552	11629
553	346
554	3426
555	418
556	6886
557	371
558	3846
559	372
560	9330
561	726
562	3099
563	340
564	7903
565	315
566	2972
567	353
568	7530
569	294
570	3492
571	296
572	10770
573	365
574	2816
575	282
576	16546
577	253
578	2949
579	348
580	6508
581	326
582	3285
583	1006
584	7392
585	509
586	2880
587	313
588	7853
589	251
590	2583
591	411
592	7570
593	284
594	5174
595	276
596	5710
597	314
598	3482
599	260
600	10709
601	252
602	2810
603	294
604	5454
605	729
606	2967
607	242
608	7129
609	400
610	2572
611	362
612	6006
613	255
614	2352
615	297
616	10335
617	231
618	2842
619	248
620	5514
621	344
622	2334
623	235
624	11260
625	254
626	2210
627	504
628	5104
629	260
630	2858
631	224
632	5981
633	281
634	2112
635	243
636	5570
637	288
638	3828
639	230
640	11329
641	207
642	2633
643	212
644	4784
645	498
646	2024
647	197
648	8026
649	475
650	3155
651	315
652	4315
653	286
654	2335
655	278
656	5497
657	261
658	2047
659	224
660	14979
661	237
662	2168
663	322
664	5706
665	272
666	2408
667	291
668	4352
669	239
670	2194
671	440
672	9132
673	226
674	1921
675	283
676	4978
677	196
678	2161
679	170
680	5125
681	228
682	3430
683	226
684	4354
685	167
686	1853
687	181
688	4758
689	312
690	2163
691	200
692	3318
693	529
694	1746
695	182
696	5837
697	181
698	1611
699	180
700	3483
701	169
702	2161
703	194
704	8252
705	238
706	1666
707	153
708	4084
709	185
710	1552
711	172
712	4262
713	152
714	1953
715	798
716	3165
717	185
718	1427
719	158
720	13250
721	158
722	1565
723	209
724	3438
725	360
726	2859
727	158
728	5497
729	243
730	2116
731	164
732	4021
733	194
734	1550
735	295
736	4642
737	310
738	1987
739	163
740	3188
741	267
742	1564
743	168
744	5321
745	167
746	1368
747	198
748	5663
749	177
750	1921
751	148
752	4204
753	188
754	1703
755	209
756	4050
757	144
758	1346
759	449
760	3961
761	127
762	1620
763	165
764	3045
765	219
766	1268
767	189
768	6688
769	123
770	2484
771	187
772	2895
773	155
774	1552
775	162
776	3503
777	216
778	1371
779	152
780	4092
781	257
782	1276
783	184
784	3747
785	143
786	1539
787	132
788	2500
789	180
790	1227
791	109
792	8564
793	177
794	1281
795	163
796	2708
797	135
798	1506
799	146
800	4496
801	175
802	1265
803	341
804	2974
805	217
806	1449
807	137
808	3260
809	130
810	1549
811	129
812	2456
813	147
814	2091
815	138
816	4755
817	118
818	1163
819	194
820	2349
821	107
822	1371
823	111
824	2803
825	358
826	1104
827	161
828	2519
829	113
830	1183
831	102
832	3338
833	104
834	1267
835	129
836	3774
837	153
838	1032
839	121
840	4037
841	106
842	1044
843	110
844	2132
845	126
846	1164
847	312
848	2512
849	111
850	990
851	116
852	2340
853	91
854	947
855	106
856	2236
857	128
858	2075
859	127
860	1830
861	121
862	928
863	85
864	5488
865	114
866	978
867	108
868	2158
869	252
870	1103
871	154
872	2363
873	122
874	1000
875	90
876	2292
877	90
878	885
879	108
880	6781
881	95
882	1272
883	95
884	2390
885	108
886	969
887	89
888	3598
889	97
890	925
891	186
892	1864
893	86
894	957
895	93
896	2615
897	129
898	805
899	98
900	2116
901	87
902	1413
903	117
904	2076
905	83
906	977
907	105
908	1708
909	107
910	975
911	76
912	3586
913	186
914	843
915	101
916	1518
917	74
918	918
919	79
920	1975
921	119
922	695
923	106
924	3359
925	70
926	727
927	72
928	2108
929	84
930	930
931	64
932	1530
933	110
934	703
935	321
936	3216
937	78
938	658
939	79
940	1465
941	76
942	836
943	80
944	1820
945	112
946	1023
947	78
948	1687
949	77
950	689
951	90
952	1918
953	67
954	834
955	92
956	1316
957	185
958	582
959	68
960	6781
961	61
962	988
963	98
964	1623
965	170
966	875
967	68
968	3334
969	114
970	933
971	89
972	1856
973	113
974	708
975	144
976	2126
977	68
978	789
979	183
980	1643
981	87
982	561
983	97
984	2322
985	91
986	620
987	97
988	1780
989	79
990	2797
991	72
992	1710
993	80
994	668
995	99
996	1574
997	68
998	635
999	86
1000	1745
1001	121
1002	734
1003	92
1004	1226
1005	103
1006	571
1007	56
1008	2678
1009	72
1010	641
1011	88
1012	2148
1013	73
1014	831
1015	70
1016	1497
1017	80
1018	576
1019	67
1020	1596
1021	55
1022	565
1023	173
1024	1547
1025	68
1026	646
1027	110
1028	1113
1029	68
1030	530
1031	60
1032	1927
1033	82
1034	955
1035	83
1036	1016
1037	60
1038	595
1039	73
1040	1855
1041	80
1042	507
1043	65
1044	1287
1045	257
1046	498
1047	56
1048	1285
1049	58
1050	674
1051	47
1052	983
1053	81
1054	438
1055	42
1056	4246
1057	57
1058	530
1059	69
1060	1061
1061	76
1062	559
1063	51
1064	1379
1065	66
1066	561
1067	146
1068	1158
1069	39
1070	449
1071	65
1072	1244
1073	41
1074	518
1075	45
1076	877
1077	58
1078	950
1079	65
1080	2765
1081	72
1082	448
1083	50
1084	929
1085	92
1086	599
1087	46
1088	1260
1089	117
1090	497
1091	47
1092	1411
1093	39
1094	475
1095	80
1096	1175
1097	55
1098	547
1099	79
1100	1868
1101	55
1102	435
1103	38
1104	1881
1105	64
1106	468
1107	47
1108	1014
1109	41
1110	544
1111	181
1112	1180
1113	75
1114	431
1115	39
1116	1119
1117	54
1118	448
1119	46
1120	1262
1121	53
1122	811
1123	44
1124	841
1125	60
1126	382
1127	51
1128	1629
1129	48
1130	429
1131	59
1132	832
1133	114
1134	462
1135	47
1136	1122
1137	60
1138	411
1139	47
1140	1013
1141	48
1142	380
1143	49
1144	1798
1145	38
1146	468
1147	49
1148	839
1149	61
1150	358
1151	35
1152	2161
1153	40
1154	427
1155	146
1156	801
1157	42
1158	423
1159	41
1160	1048
1161	43
1162	403
1163	58
1164	944
1165	51
1166	692
1167	54
1168	1029
1169	40
1170	625
1171	53
1172	791
1173	55
1174	363
1175	41
1176	1685
1177	70
1178	362
1179	48
1180	815
1181	40
1182	441
1183	50
1184	969
1185	42
1186	343
1187	34
1188	1555
1189	34
1190	367
1191	44
1192	894
1193	41
1194	397
1195	41
1196	918
1197	65
1198	356
1199	82
1200	1903
1201	25
1202	327
1203	44
1204	753
1205	53
1206	400
1207	34
1208	841
1209	62
1210	646
1211	40
1212	852
1213	34
1214	325
1215	51
1216	918
1217	33
1218	458
1219	29
1220	666
1221	130
1222	441
1223	41
1224	1162
1225	43
1226	333
1227	37
1228	594
1229	39
1230	365
1231	39
1232	1355
1233	42
1234	314
1235	39
1236	859
1237	27
1238	278
1239	42
1240	854
1241	31
1242	341
1243	99
1244	531
1245	48
1246	263
1247	35
1248	1467
1249	30
1250	298
1251	51
1252	586
1253	27
1254	565
1255	31
1256	837
1257	31
1258	290
1259	37
1260	874
1261	35
1262	299
1263	41
1264	786
1265	70
1266	339
1267	25
1268	521
1269	31
1270	260
1271	24
1272	971
1273	25
1274	396
1275	30
1276	918
1277	23
1278	339
1279	31
1280	1497
1281	43
1282	277
1283	29
1284	706
1285	38
1286	266
1287	85
1288	782
1289	26
1290	342
1291	31
1292	571
1293	33
1294	246
1295	31
1296	1207
1297	32
1298	385
1299	35
1300	661
1301	29
1302	321
1303	27
1304	667
1305	38
1306	265
1307	35
1308	654
1309	62
1310	268
1311	26
1312	607
1313	34
1314	322
1315	29
1316	570
1317	31
1318	256
1319	30
1320	3857
1321	31
1322	316
1323	28
1324	597
1325	65
1326	384
1327	26
1328	842
1329	36
1330	290
1331	58
1332	664
1333	31
1334	253
1335	36
1336	627
1337	21
1338	322
1339	38
1340	485
1341	25
1342	483
1343	29
1344	1143
1345	22
1346	263
1347	33
1348	495
1349	22
1350	293
1351	27
1352	742
1353	47
1354	239
1355	24
1356	521
1357	20
1358	225
1359	17
1360	600
1361	19
1362	245
1363	32
1364	945
1365	33
1366	229
1367	31
1368	801
1369	31
1370	213
1371	20
1372	510
1373	21
1374	259
1375	206
1376	545
1377	21
1378	226
1379	24
1380	532
1381	27
1382	208
1383	31
1384	486
1385	27
1386	514
1387	30
1388	432
1389	34
1390	210
1391	34
1392	771
1393	27
1394	213
1395	29
1396	391
1397	37
1398	241
1399	25
1400	558
1401	31
1402	180
1403	27
1404	551
1405	26
1406	178
1407	29
1408	1145
1409	20
1410	250
1411	25
1412	413
1413	24
1414	189
1415	17
1416	654
1417	24
1418	181
1419	62
1420	365
1421	24
1422	213
1423	25
1424	467
1425	30
1426	192
1427	20
1428	485
1429	18
1430	534
1431	17
1432	442
1433	15
1434	220
1435	20
1436	341
1437	13
1438	180
1439	16
1440	2345
1441	54
1442	188
1443	22
1444	440
1445	55
1446	211
1447	18
1448	607
1449	23
1450	256
1451	23
1452	755
1453	20
1454	195
1455	40
1456	668
1457	30
1458	223
1459	25
1460	439
1461	26
1462	227
1463	88
1464	756
1465	20
1466	187
1467	30
1468	405
1469	33
1470	267
1471	26
1472	543
1473	13
1474	338
1475	21
1476	472
1477	19
1478	176
1479	19
1480	517
1481	19
1482	266
1483	23
1484	442
1485	197
1486	180
1487	25
1488	874
1489	28
1490	168
1491	20
1492	402
1493	21
1494	218
1495	22
1496	829
1497	34
1498	190
1499	22
1500	489
1501	18
1502	180
1503	26
1504	517
1505	18
1506	251
1507	45
1508	367
1509	9
1510	161
1511	18
1512	725
1513	15
1514	181
1515	17
1516	373
1517	24
1518	326
1519	15
1520	423
1521	22
1522	183
1523	15
1524	367
1525	15
1526	178
1527	19
1528	476
1529	39
1530	168
1531	15
1532	301
1533	27
1534	200
1535	16
1536	812
1537	20
1538	135
1539	10
1540	591
1541	19
1542	169
1543	17
1544	403
1545	17
1546	143
1547	16
1548	396
1549	15
1550	168
1551	56
1552	376
1553	19
1554	200
1555	15
1556	302
1557	23
1558	151
1559	16
1560	774
1561	6
1562	233
1563	13
1564	296
1565	12
1566	145
1567	14
1568	399
1569	11
1570	147
1571	13
1572	353
1573	37
1574	155
1575	21
1576	337
1577	20
1578	170
1579	18
1580	250
1581	16
1582	138
1583	25
1584	1520
1585	15
1586	174
1587	9
1588	289
1589	17
1590	145
1591	12
1592	368
1593	22
1594	184
1595	38
1596	377
1597	14
1598	124
1599	22
1600	544
1601	10
1602	172
1603	22
1604	292
1605	22
1606	267
1607	14
1608	521
1609	20
1610	143
1611	5
1612	317
1613	10
1614	120
1615	13
1616	378
1617	44
1618	115
1619	11
1620	385
1621	9
1622	146
1623	12
1624	342
1625	21
1626	167
1627	18
1628	472
1629	15
1630	138
1631	15
1632	539
1633	14
1634	125
1635	16
1636	285
1637	10
1638	204
1639	56
1640	297
1641	20
1642	100
1643	16
1644	357
1645	11
1646	118
1647	20
1648	343
1649	14
1650	311
1651	23
1652	231
1653	8
1654	118
1655	12
1656	458
1657	11
1658	115
1659	19
1660	252
1661	43
1662	138
1663	18
1664	401
1665	12
1666	111
1667	9
1668	282
1669	8
1670	98
1671	12
1672	538
1673	6
1674	143
1675	16
1676	259
1677	16
1678	76
1679	16
1680	553
1681	11
1682	125
1683	30
1684	208
1685	12
1686	142
1687	13
1688	262
1689	14
1690	115
1691	14
1692	267
1693	12
1694	263
1695	12
1696	285
1697	6
1698	136
1699	11
1700	228
1701	16
1702	88
1703	8
1704	410
1705	31
1706	101
1707	12
1708	184
1709	9
1710	111
1711	8
1712	274
1713	15
1714	112
1715	14
1716	441
1717	14
1718	101
1719	9
1720	225
1721	14
1722	105
1723	13
1724	197
1725	17
1726	113
1727	19
1728	776
1729	11
1730	98
1731	17
1732	197
1733	15
1734	113
1735	13
1736	243
1737	18
1738	171
1739	16
1740	242
1741	12
1742	120
1743	18
1744	283
1745	10
1746	123
1747	11
1748	215
1749	57
1750	95
1751	10
1752	435
1753	11
1754	98
1755	20
1756	207
1757	9
1758	116
1759	9
1760	1369
1761	13
1762	99
1763	12
1764	289
1765	23
1766	77
1767	14
1768	357
1769	15
1770	125
1771	27
1772	217
1773	14
1774	89
1775	11
1776	540
1777	10
1778	84
1779	11
1780	223
1781	8
1782	177
1783	17
1784	250
1785	13
1786	97
1787	12
1788	236
1789	12
1790	101
1791	9
1792	280
1793	12
1794	155
1795	15
1796	175
1797	9
1798	86
1799	5
1800	385
1801	12
1802	96
1803	18
1804	369
1805	17
1806	123
1807	14
1808	224
1809	5
1810	75
1811	10
1812	223
1813	6
1814	83
1815	93
1816	235
1817	4
1818	96
1819	10
1820	216
1821	15
1822	65
1823	11
1824	424
1825	14
1826	124
1827	15
1828	169
1829	6
1830	93
1831	11
1832	216
1833	17
1834	71
1835	10
1836	212
1837	20
1838	81
1839	7
1840	217
1841	13
1842	97
1843	10
1844	141
1845	11
1846	82
1847	9
1848	516
1849	9
1850	93
1851	6
1852	160
1853	10
1854	81
1855	15
1856	218
1857	13
1858	80
1859	44
1860	221
1861	3
1862	73
1863	11
1864	189
1865	7
1866	81
1867	10
1868	159
1869	10
1870	190
1871	15
1872	447
1873	9
1874	75
1875	9
1876	181
1877	9
1878	93
1879	3
1880	207
1881	17
1882	71
1883	13
1884	187
1885	8
1886	68
1887	9
1888	211
1889	15
1890	114
1891	4
1892	199
1893	9
1894	64
1895	9
1896	252
1897	9
1898	101
1899	14
1900	139
1901	8
1902	84
1903	32
1904	219
1905	11
1906	69
1907	6
1908	191
1909	4
1910	77
1911	11
1912	168
1913	6
1914	130
1915	19
1916	135
1917	10
1918	61
1919	16
1920	890
1921	3
1922	76
1923	12
1924	231
1925	42
1926	82
1927	9
1928	239
1929	21
1930	83
1931	7
1932	204
1933	11
1934	75
1935	17
1936	335
1937	14
1938	92
1939	7
1940	162
1941	17
1942	56
1943	7
1944	288
1945	7
1946	73
1947	20
1948	152
1949	8
1950	98
1951	15
1952	204
1953	9
1954	55
1955	9
1956	165
1957	3
1958	105
1959	10
1960	201
1961	7
1962	75
1963	23
1964	142
1965	8
1966	44
1967	5
1968	287
1969	16
1970	77
1971	9
1972	119
1973	7
1974	67
1975	8
1976	211
1977	7
1978	75
1979	12
1980	994
1981	8
1982	65
1983	6
1984	175
1985	22
1986	87
1987	6
1988	136
1989	12
1990	69
1991	24
1992	257
1993	9
1994	82
1995	14
1996	140
1997	6
1998	81
1999	8
2000	154
2001	13
2002	121
2003	12
2004	139
2005	6
2006	50
2007	9
2008	159
2009	11
2010	78
2011	10
2012	109
2013	16
2014	58
2015	8
2016	332
2017	7
2018	60
2019	12
2020	114
2021	8
2022	70
2023	9
2024	333
2025	14
2026	51
2027	6
2028	176
2029	9
2030	52
2031	12
2032	109
2033	3
2034	68
2035	63
2036	101
2037	6
2038	53
2039	6
2040	210
2041	10
2042	62
2043	6
2044	117
2045	6
2046	103
2047	11
2048	135
2049	9
2050	38
2051	6
2052	128
2053	4
2054	58
2055	5
2056	125
2057	11
2058	71
2059	7
2060	95
2061	9
2062	44
2063	5
2064	212
2065	5
2066	49
2067	6
2068	232
2069	5
2070	56
2071	9
2072	151
2073	7
2074	68
2075	3
2076	108
2077	7
2078	42
2079	31
2080	182
2081	3
2082	62
2083	6
2084	89
2085	8
2086	40
2087	5
2088	180
2089	8
2090	134
2091	10
2092	83
2093	3
2094	55
2095	11
2096	131
2097	10
2098	45
2099	7
2100	130
2101	13
2102	48
2103	6
2104	105
2105	4
2106	69
2107	7
2108	76
2109	4
2110	28
2111	8
2112	470
2113	5
2114	54
2115	5
2116	120
2117	4
2118	48
2119	10
2120	140
2121	13
2122	48
2123	12
2124	103
2125	6
2126	38
2127	6
2128	127
2129	11
2130	39
2131	6
2132	96
2133	7
2134	83
2135	6
2136	177
2137	6
2138	39
2139	9
2140	87
2141	11
2142	62
2143	6
2144	93
2145	33
2146	49
2147	3
2148	110
2149	5
2150	38
2151	1
2152	104
2153	3
2154	65
2155	10
2156	149
2157	4
2158	47
2159	6
2160	452
2161	1
2162	43
2163	9
2164	114
2165	10
2166	53
2167	33
2168	92
2169	4
2170	59
2171	11
2172	135
2173	1
2174	43
2175	11
2176	130
2177	5
2178	91
2179	6
2180	84
2181	7
2182	36
2183	5
2184	206
2185	2
2186	54
2187	7
2188	112
2189	17
2190	59
2191	6
2192	138
2193	6
2194	47
2195	6
2196	91
2197	9
2198	38
2199	5
2200	331
2201	4
2202	65
2203	10
2204	119
2205	12
2206	47
2207	7
2208	201
2209	5
2210	56
2211	19
2212	79
2213	3
2214	45
2215	7
2216	137
2217	12
2218	37
2219	6
2220	104
2221	5
2222	96
2223	4
2224	119
2225	3
2226	69
2227	4
2228	84
2229	5
2230	24
2231	6
2232	156
2233	12
2234	49
2235	10
2236	84
2237	6
2238	44
2239	2
2240	126
2241	9
2242	45
2243	7
2244	179
2245	7
2246	29
2247	4
2248	132
2249	8
2250	56
2251	4
2252	94
2253	4
2254	41
2255	27
2256	193
2257	5
2258	46
2259	10
2260	70
2261	5
2262	57
2263	3
2264	111
2265	11
2266	62
2267	7
2268	104
2269	4
2270	40
2271	6
2272	88
2273	7
2274	55
2275	4
2276	80
2277	12
2278	40
2279	3
2280	155
2281	2
2282	36
2283	7
2284	70
2285	6
2286	34
2287	6
2288	187
2289	9
2290	35
2291	3
2292	97
2293	6
2294	37
2295	7
2296	92
2297	6
2298	41
2299	15
2300	61
2301	3
2302	30
2303	7
2304	209
2305	3
2306	46
2307	7
2308	84
2309	6
2310	88
2311	4
2312	74
2313	2
2314	49
2315	4
2316	89
2317	3
2318	34
2319	4
2320	98
2321	14
2322	32
2323	5
2324	71
2325	5
2326	32
2327	7
2328	128
2329	6
2330	29
2331	6
2332	121
2333	4
2334	41
2335	4
2336	102
2337	9
2338	38
2339	4
2340	139
2341	3
2342	18
2343	8
2344	95
2345	4
2346	34
2347	8
2348	64
2349	6
2350	29
2351	2
2352	177
2353	9
2354	60
2355	9
2356	82
2357	3
2358	52
2360	103
2361	8
2362	23
2363	3
2364	87
2365	6
2366	41
2367	3
2368	110
2369	5
2370	52
2371	9
2372	47
2373	5
2374	26
2375	2
2376	292
2377	2
2378	31
2379	4
2380	64
2381	4
2382	48
2383	3
2384	90
2385	1
2386	30
2387	10
2388	71
2389	1
2390	25
2391	5
2392	86
2393	3
2394	41
2395	5
2396	67
2397	4
2398	60
2399	2
2400	247
2401	5
2402	27
2403	2
2404	65
2405	5
2406	42
2407	6
2408	81
2409	12
2410	32
2411	3
2412	82
2413	3
2414	32
2415	8
2416	71
2417	2
2418	40
2419	4
2420	126
2421	4
2422	28
2423	1
2424	120
2425	1
2426	26
2427	7
2428	87
2429	4
2430	36
2431	17
2432	76
2433	5
2434	31
2435	6
2436	118
2437	5
2438	30
2439	6
2440	89
2441	5
2442	64
2443	3
2444	88
2445	5
2446	26
2447	5
2448	126
2449	2
2450	41
2451	5
2452	76
2453	6
2454	25
2455	4
2456	67
2457	10
2458	26
2460	80
2461	7
2462	23
2463	2
2464	127
2465	3
2466	23
2467	5
2468	65
2469	4
2470	35
2471	2
2472	95
2473	4
2474	22
2475	10
2476	50
2477	3
2478	39
2479	2
2480	78
2481	4
2482	24
2483	3
2484	77
2485	6
2486	52
2487	4
2488	52
2489	4
2490	34
2491	6
2492	63
2493	2
2494	35
2495	2
2496	112
2497	2
2498	26
2499	4
2500	45
2501	3
2502	33
2503	5
2504	71
2505	5
2506	27
2507	2
2508	112
2509	5
2510	22
2511	6
2512	75
2513	5
2514	31
2515	3
2516	56
2518	29
2519	12
2520	108
2521	3
2522	34
2523	2
2524	54
2525	5
2526	25
2527	5
2528	63
2529	5
2530	33
2531	1
2532	91
2533	3
2534	26
2535	2
2536	66
2537	3
2538	34
2539	5
2540	39
2541	13
2542	27
2543	1
2544	104
2545	5
2546	22
2547	4
2548	68
2549	2
2550	23
2552	98
2553	6
2554	13
2555	2
2556	69
2557	4
2558	25
2559	5
2560	125
2561	2
2562	37
2563	7
2564	49
2565	4
2566	26
2567	6
2568	92
2569	1
2570	18
2571	3
2572	55
2573	2
2574	47
2575	3
2576	64
2577	3
2578	28
2580	68
2581	1
2582	22
2583	5
2584	53
2585	3
2586	21
2587	1
2588	49
2589	5
2590	17
2591	4
2592	129
2593	2
2594	22
2595	2
2596	61
2597	2
2598	26
2599	1
2600	65
2601	1
2602	14
2603	4
2604	87
2605	1
2606	22
2607	12
2608	67
2609	4
2610	22
2611	3
2612	45
2613	5
2614	17
2615	4
2616	89
2617	3
2618	40
2619	2
2620	36
2621	3
2622	30
2623	2
2624	64
2625	5
2626	17
2627	4
2628	70
2629	7
2630	18
2631	3
2632	70
2633	4
2634	26
2635	1
2636	42
2638	19
2640	826
2641	2
2642	23
2644	74
2645	17
2646	38
2647	3
2648	84
2649	13
2650	34
2651	5
2652	58
2653	3
2654	30
2655	2
2656	64
2657	3
2658	19
2659	4
2660	49
2661	2
2662	52
2663	2
2664	68
2665	3
2666	22
2667	4
2668	48
2669	1
2670	26
2671	1
2672	55
2673	4
2674	25
2675	1
2676	56
2677	4
2678	21
2679	3
2680	60
2681	4
2682	19
2683	2
2684	118
2685	4
2686	17
2687	2
2688	122
2689	4
2690	14
2691	1
2692	39
2693	3
2694	22
2695	37
2696	51
2698	15
2699	2
2700	63
2701	2
2702	22
2703	3
2704	53
2705	3
2706	47
2707	6
2708	32
2709	6
2710	28
2711	1
2712	79
2713	3
2714	24
2715	5
2716	38
2717	5
2718	28
2719	7
2720	50
2721	3
2722	24
2723	2
2724	50
2725	4
2726	23
2728	142
2729	3
2730	26
2731	1
2732	50
2733	4
2734	14
2736	75
2737	1
2738	15
2739	16
2740	47
2741	2
2742	17
2743	1
2744	50
2746	23
2747	4
2748	60
2749	1
2750	95
2751	2
2752	42
2753	2
2754	26
2755	4
2756	42
2757	2
2758	17
2759	1
2760	69
2761	5
2762	16
2763	3
2764	31
2765	5
2766	14
2767	5
2768	35
2769	3
2770	17
2771	3
2772	124
2773	2
2774	15
2775	2
2776	41
2777	2
2778	19
2779	2
2780	29
2781	1
2782	13
2783	16
2784	85
2785	2
2786	11
2787	5
2788	33
2789	1
2790	18
2791	1
2792	45
2793	2
2794	37
2795	2
2796	36
2797	3
2798	11
2799	5
2800	47
2801	1
2802	23
2803	3
2804	29
2805	14
2806	17
2807	1
2808	69
2809	2
2810	14
2812	30
2813	2
2814	24
2815	4
2816	104
2817	2
2818	13
2819	2
2820	63
2821	1
2822	23
2823	2
2824	45
2825	1
2826	15
2827	6
2828	35
2829	3
2830	15
2831	2
2832	85
2833	1
2834	17
2835	1
2836	22
2837	1
2838	26
2839	2
2840	33
2841	4
2842	13
2843	4
2844	49
2845	3
2846	9
2847	2
2848	32
2849	4
2850	18
2851	3
2852	38
2854	11
2855	1
2856	70
2857	2
2858	9
2859	3
2860	99
2861	3
2862	8
2863	2
2864	43
2865	3
2866	13
2867	2
2868	37
2869	2
2870	15
2871	6
2872	32
2873	2
2874	19
2875	1
2876	37
2877	2
2878	10
2880	326
2881	1
2882	33
2884	50
2885	4
2886	23
2887	3
2888	60
2889	4
2890	14
2891	2
2892	46
2893	5
2894	15
2895	9
2896	68
2897	3
2898	25
2899	2
2900	39
2901	3
2902	18
2903	4
2904	122
2905	2
2906	18
2907	2
2908	37
2909	5
2910	32
2911	1
2912	67
2914	14
2915	6
2916	51
2917	4
2918	16
2919	6
2920	52
2921	4
2922	19
2923	4
2924	37
2925	3
2926	34
2927	4
2928	83
2929	4
2930	13
2931	7
2932	35
2933	1
2934	17
2935	3
2936	41
2937	6
2938	13
2939	3
2940	44
2941	2
2942	18
2943	2
2944	47
2945	1
2946	23
2948	49
2949	4
2950	16
2951	4
2952	69
2953	2
2954	13
2955	4
2956	36
2957	4
2958	17
2959	10
2960	53
2961	2
2962	11
2963	3
2964	35
2966	22
2967	1
2968	60
2969	3
2970	121
2971	1
2972	28
2973	4
2974	11
2975	2
2976	66
2977	2
2978	9
2979	2
2980	27
2981	3
2982	11
2983	3
2984	24
2985	3
2986	16
2987	1
2988	37
2989	2
2990	26
2991	2
2992	48
2993	3
2994	17
2995	1
2996	37
2998	16
2999	1
3000	68
3001	2
3002	10
3003	4
3004	21
3005	1
3006	17
3007	3
3008	33
3010	12
3011	1
3012	42
3014	28
3015	1
3016	31
3017	2
3018	23
3019	2
3020	22
3021	3
3022	5
3023	2
3024	71
3025	10
3026	7
3027	2
3028	22
3029	2
3030	14
3031	1
3032	27
3033	3
3034	14
3035	2
3036	45
3038	17
3039	5
3040	38
3041	1
3042	12
3043	3
3044	31
3045	4
3046	5
3047	2
3048	44
3049	3
3050	15
3051	1
3052	18
3053	1
3054	13
3055	2
3056	48
3057	4
3058	22
3059	2
3060	34
3061	1
3062	16
3063	3
3064	32
3065	2
3066	14
3067	2
3068	31
3069	6
3070	9
3071	1
3072	60
3074	10
3076	25
3077	1
3078	16
3079	5
3080	71
3081	3
3082	8
3083	1
3084	30
3085	1
3086	15
3088	30
3089	2
3090	11
3091	2
3092	25
3093	2
3094	9
3096	45
3097	1
3098	7
3100	24
3101	1
3102	27
3103	1
3104	31
3105	3
3106	13
3107	2
3108	43
3110	9
3111	1
3112	42
3113	5
3114	7
3115	2
3116	25
3117	3
3118	11
3120	72
3121	1
3122	12
3123	1
3124	34
3126	13
3128	31
3129	2
3130	8
3132	30
3133	2
3134	16
3135	8
3136	29
3137	1
3138	10
3139	1
3140	16
3141	3
3142	11
3144	48
3145	3
3146	20
3147	1
3148	23
3150	17
3151	1
3152	25
3153	2
3154	6
3155	2
3156	17
3157	4
3158	12
3159	1
3160	28
3161	1
3162	10
3163	3
3164	25
3165	1
3166	11
3167	1
3168	195
3169	1
3170	7
3171	1
3172	26
3173	2
3174	13
3175	2
3176	31
3177	1
3178	19
3180	16
3181	1
3182	6
3183	2
3184	23
3186	9
3187	6
3188	27
3189	3
3190	23
3192	60
3193	1
3194	5
3195	1
3196	15
3198	9
3199	1
3200	37
3201	1
3202	8
3204	28
3206	9
3208	38
3209	1
3210	14
3211	3
3212	48
3213	1
3214	6
3215	1
3216	44
3217	1
3218	14
3219	2
3220	24
3221	1
3222	7
3223	7
3224	35
3225	1
3226	10
3227	2
3228	26
3229	1
3230	15
3231	1
3232	29
3233	1
3234	20
3235	1
3236	20
3238	10
3239	1
3240	63
3241	1
3242	14
3243	1
3244	26
3245	4
3246	8
3247	2
3248	20
3249	4
3250	15
3251	1
3252	23
3253	1
3254	8
3255	2
3256	42
3257	2
3258	11
3259	1
3260	17
3261	2
3262	13
3263	3
3264	50
3266	9
3267	1
3268	18
3270	8
3271	1
3272	35
3273	2
3274	8
3275	1
3276	38
3277	1
3278	19
3279	2
3280	20
3281	1
3282	11
3283	1
3284	28
3286	6
3287	4
3288	38
3289	3
3290	13
3291	2
3292	16
3294	6
3295	1
3296	31
3298	10
3300	66
3301	2
3302	19
3303	6
3304	24
3305	2
3306	12
3308	21
3310	12
3311	3
3312	36
3313	1
3314	7
3316	18
3317	1
3318	13
3319	3
3320	27
3322	17
3323	1
3324	20
3326	6
3328	36
3330	11
3331	1
3332	31
3333	5
3334	16
3336	36
3338	7
3339	2
3340	14
3341	2
3342	10
3344	38
3345	2
3346	9
3347	3
3348	24
3350	8
3351	4
3352	27
3354	10
3355	3
3356	12
3358	13
3359	1
3360	46
3361	2
3362	7
3363	1
3364	18
3365	3
3366	20
3367	1
3368	19
3369	3
3370	10
3371	2
3372	20
3374	6
3375	1
3376	22
3377	3
3378	15
3380	27
3381	2
3382	11
3383	2
3384	34
3386	8
3387	2
3388	35
3389	1
3390	10
3391	2
3392	20
3393	2
3394	11
3395	4
3396	18
3398	10
3399	1
3400	29
3401	3
3402	11
3403	3
3404	21
3406	8
3408	34
3409	1
3410	18
3411	2
3412	16
3413	1
3414	14
3415	1
3416	26
3417	1
3418	6
3419	1
3420	18
3421	2
3422	8
3424	25
3425	1
3426	13
3427	2
3428	18
3430	2
3431	4
3432	48
3434	9
3436	15
3438	10
3439	1
3440	18
3442	7
3443	4
3444	21
3445	1
3446	7
3448	17
3449	2
3450	16
3451	5
3452	19
3453	2
3454	17
3455	1
3456	68
3457	1
3458	7
3459	2
3460	8
3462	7
3463	1
3464	24
3465	3
3466	9
3467	2
3468	24
3469	1
3470	7
3472	19
3473	1
3474	11
3476	22
3477	1
3478	10
3479	1
3480	27
3481	1
3482	5
3484	16
3486	9
3488	23
3490	5
3491	1
3492	13
3494	8
3495	4
3496	18
3498	16
3500	12
3501	1
3502	12
3504	33
3506	12
3507	1
3508	17
3509	2
3510	10
3512	15
3513	1
3514	7
3516	22
3517	2
3518	7
3520	266
3521	1
3522	9
3524	15
3525	5
3526	5
3527	1
3528	35
3530	10
3531	2
3532	10
3534	6
3535	5
3536	20
3537	2
3538	5
3539	1
3540	23
3541	1
3542	25
3543	1
3544	32
3545	1
3546	9
3547	1
3548	15
3550	8
3551	1
3552	43
3553	2
3554	8
3555	1
3556	20
3557	2
3558	13
3560	23
3561	3
3562	5
3563	2
3564	60
3565	1
3566	12
3567	1
3568	15
3569	1
3570	7
3572	13
3573	1
3574	9
3575	24
3576	27
3578	7
3579	5
3580	18
3581	1
3582	11
3583	2
3584	15
3585	1
3586	7
3588	23
3590	9
3592	21
3594	5
3595	2
3596	12
3597	1
3598	3
3599	1
3600	44
3602	4
3604	18
3605	1
3606	14
3607	1
3608	35
3610	5
3611	1
3612	14
3613	2
3614	12
3615	3
3616	15
3618	6
3619	2
3620	9
3621	3
3622	7
3624	17
3625	2
3626	3
3627	2
3628	9
3629	2
3630	45
3632	14
3633	2
3634	8
3636	22
3637	2
3638	4
3639	2
3640	28
3641	2
3642	11
3643	2
3644	13
3645	1
3646	8
3647	2
3648	27
3649	3
3650	7
3652	17
3653	1
3654	16
3656	23
3658	5
3660	10
3662	5
3663	6
3664	20
3665	1
3666	7
3668	9
3669	1
3670	7
3671	1
3672	23
3673	1
3674	10
3675	2
3676	12
3677	2
3678	9
3680	14
3682	5
3683	2
3684	16
3685	8
3686	5
3687	1
3688	24
3690	14
3692	9
3693	2
3694	1
3696	54
3698	7
3700	14
3701	1
3702	8
3703	2
3704	15
3705	1
3706	4
3707	1
3708	8
3709	1
3710	8
3712	9
3713	2
3714	9
3715	2
3716	13
3717	1
3718	14
3720	24
3722	6
3723	2
3724	8
3725	2
3726	4
3728	11
3729	1
3730	7
3731	1
3732	4
3734	1
3736	9
3738	9
3739	1
3740	25
3741	1
3742	7
3743	2
3744	31
3746	5
3747	1
3748	14
3750	7
3751	2
3752	8
3753	1
3754	2
3756	10
3757	1
3758	4
3759	1
3760	20
3762	10
3763	1
3764	12
3765	1
3766	7
3767	1
3768	25
3769	1
3770	7
3771	2
3772	6
3773	4
3774	8
3776	10
3777	4
3778	7
3780	18
3781	1
3782	11
3784	30
3785	2
3786	10
3787	1
3788	7
3790	3
3791	1
3792	16
3793	1
3794	1
3795	4
3796	14
3798	5
3799	2
3800	8
3801	1
3802	4
3803	1
3804	12
3806	13
3807	1
3808	19
3810	6
3812	5
3813	1
3814	4
3816	21
3817	4
3818	4
3819	1
3820	8
3821	1
3822	16
3824	10
3826	3
3828	19
3830	5
3831	2
3832	15
3834	10
3836	12
3838	8
3839	5
3840	82
3842	3
3844	8
3845	1
3846	7
3848	22
3849	1
3850	16
3852	18
3853	2
3854	7
3856	14
3858	3
3859	1
3860	12
3861	5
3862	3
3863	1
3864	24
3865	1
3866	4
3867	1
3868	10
3870	4
3872	14
3873	2
3874	3
3876	13
3878	2
3880	16
3882	7
3883	3
3884	5
3886	4
3887	2
3888	27
3890	2
3891	1
3892	12
3893	1
3894	7
3895	1
3896	12
3897	1
3898	6
3899	1
3900	26
3901	2
3902	6
3903	1
3904	13
3905	4
3906	3
3907	1
3908	11
3910	7
3912	20
3914	8
3915	1
3916	8
3917	3
3918	3
3919	1
3920	9
3921	1
3922	7
3924	17
3926	5
3927	1
3928	10
3929	1
3930	5
3932	13
3933	1
3934	3
3936	18
3938	4
3940	6
3941	1
3942	4
3944	14
3946	4
3947	2
3948	9
3950	2
3952	21
3954	5
3956	9
3957	2
3958	4
3959	2
3960	196
3961	1
3962	4
3963	2
3964	15
3965	6
3966	10
3968	19
3969	1
3970	13
3971	1
3972	15
3974	5
3975	1
3976	11
3978	5
3979	1
3980	9
3981	1
3982	7
3983	1
3984	28
3985	2
3987	1
3988	13
3989	1
3990	11
3991	1
3992	8
3994	5
3996	12
3997	1
3998	4
3999	1
4000	12
4002	5
4003	2
4004	31
4005	2
4006	4
4008	12
4010	3
4012	11
4013	2
4014	3
4015	16
4016	12
4018	1
4020	18
4021	1
4022	3
4024	4
4025	1
4026	9
4027	2
4028	7
4029	1
4030	3
4032	30
4033	1
4034	5
4035	1
4036	7
4038	5
4040	7
4042	4
4043	1
4044	12
4045	1
4046	4
4048	33
4050	2
4052	9
4054	2
4056	26
4058	3
4059	3
4060	9
4061	1
4062	13
4064	11
4066	3
4068	9
4069	1
4070	21
4071	1
4072	6
4074	4
4076	5
4078	2
4080	15
4082	5
4084	5
4086	7
4087	1
4088	11
4090	5
4091	1
4092	21
4094	4
4095	1
4096	10
4098	3
4099	3
4100	6
4101	1
4102	4
4103	5
4104	9
4106	2
4107	1
4108	4
4110	6
4112	12
4113	1
4114	8
4116	16
4117	1
4118	4
4120	6
4122	7
4123	1
4124	1
4125	3
4126	4
4127	1
4128	18
4129	3
4130	4
4132	7
4133	2
4134	7
4135	2
4136	26
4137	1
4139	1
4140	8
4141	1
4142	3
4144	10
4146	6
4147	3
4148	7
4149	1
4150	6
4152	5
4153	1
4154	5
4156	5
4157	2
4158	9
4160	12
4161	1
4162	4
4164	5
4166	2
4168	6
4169	2
4170	2
4172	8
4174	5
4176	12
4177	1
4178	1
4179	1
4180	21
4181	1
4182	3
4184	5
4186	5
4187	1
4188	3
4190	1
4191	2
4192	9
4194	1
4195	1
4196	4
4198	3
4200	25
4202	5
4203	1
4204	7
4206	5
4208	9
4209	1
4210	2
4212	8
4213	3
4214	6
4215	1
4216	8
4218	1
4220	4
4224	46
4226	4
4228	2
4230	3
4232	12
4234	3
4236	4
4238	2
4240	7
4242	7
4244	8
4246	5
4247	1
4248	12
4250	3
4251	2
4252	9
4254	3
4256	11
4257	1
4258	2
4260	6
4262	1
4264	4
4266	5
4267	1
4268	9
4269	1
4270	1
4271	1
4272	12
4274	4
4275	1
4276	2
4277	1
4278	1
4279	6
4280	7
4281	1
4282	4
4283	1
4284	7
4286	4
4287	2
4288	4
4289	1
4290	15
4292	5
4293	1
4294	3
4296	7
4298	2
4299	1
4300	6
4301	1
4302	3
4303	1
4304	7
4306	2
4308	3
4310	2
4311	1
4312	17
4313	1
4314	2
4316	7
4318	4
4319	1
4320	56
4322	3
4323	1
4324	7
4325	3
4326	4
4328	8
4330	7
4332	11
4334	5
4335	1
4336	9
4338	4
4339	1
4340	5
4342	1
4344	12
4346	5
4348	8
4350	7
4352	8
4354	3
4355	1
4356	16
4358	5
4359	1
4360	12
4362	4
4364	2
4365	1
4366	4
4367	2
4368	14
4369	1
4370	2
4371	2
4372	8
4374	4
4376	5
4378	5
4379	1
4380	13
4382	4
4383	1
4384	10
4385	1
4386	4
4387	2
4388	6
4389	1
4390	3
4391	1
4392	5
4393	1
4394	3
4395	1
4396	7
4397	1
4398	4
4400	60
4402	4
4404	9
4405	2
4406	3
4408	17
4410	9
4411	2
4412	3
4414	5
4415	2
4416	20
4418	5
4419	1
4420	11
4422	7
4424	6
4426	4
4428	7
4430	1
4431	1
4432	7
4433	2
4434	3
4435	1
4436	2
4437	1
4438	1
4440	12
4442	2
4444	5
4445	1
4446	5
4448	2
4449	1
4450	5
4451	1
4452	13
4455	8
4456	3
4458	4
4459	2
4460	7
4462	2
4464	20
4466	4
4467	1
4468	4
4470	2
4472	9
4473	2
4474	6
4475	1
4476	10
4478	1
4480	4
4481	1
4482	2
4483	1
4484	3
4485	1
4486	1
4488	22
4490	1
4492	5
4494	5
4496	4
4498	4
4499	2
4500	14
4502	3
4504	8
4506	1
4508	5
4509	1
4510	8
4511	2
4512	20
4513	1
4516	6
4518	1
4520	6
4521	1
4522	9
4523	1
4524	2
4526	2
4527	1
4528	6
4529	1
4530	8
4532	4
4534	2
4536	14
4540	4
4542	3
4543	1
4544	6
4545	2
4546	1
4548	5
4549	2
4550	7
4552	3
4554	8
4556	2
4558	2
4560	8
4562	3
4564	6
4566	1
4568	11
4570	3
4571	1
4572	6
4574	1
4576	7
4578	4
4580	1
4582	2
4583	1
4584	11
4586	4
4588	1
4590	1
4592	8
4596	4
4598	5
4600	6
4603	1
4604	7
4606	1
4607	1
4608	7
4609	1
4610	3
4612	6
4613	1
4614	1
4616	7
4618	5
4619	1
4620	14
4621	1
4622	1
4624	6
4626	2
4628	1
4630	2
4631	2
4632	4
4636	9
4637	2
4638	2
4640	6
4641	1
4642	1
4644	5
4646	2
4648	7
4650	1
4652	3
4653	1
4654	1
4656	11
4659	1
4660	5
4662	4
4664	8
4666	5
4668	4
4670	3
4672	8
4674	4
4675	2
4676	3
4678	1
4680	12
4684	1
4686	4
4688	8
4690	3
4692	9
4694	1
4696	3
4698	3
4699	1
4700	6
4702	2
4704	10
4706	1
4708	4
4710	2
4712	6
4714	4
4716	8
4718	3
4720	4
4722	1
4724	3
4725	2
4726	4
4728	6
4729	1
4730	6
4731	1
4732	6
4734	2
4736	1
4738	2
4740	4
4742	2
4744	2
4748	4
4750	1
4752	39
4754	1
4755	1
4756	7
4757	1
4758	6
4760	4
4761	1
4762	6
4763	1
4764	4
4766	1
4768	9
4770	5
4772	6
4773	1
4774	4
4776	9
4778	1
4780	2
4781	1
4782	4
4783	1
4784	1
4785	1
4786	3
4788	8
4790	1
4792	4
4795	1
4796	3
4800	20
4801	2
4804	2
4806	5
4807	4
4808	6
4810	3
4812	13
4815	1
4816	5
4818	3
4819	1
4820	3
4824	8
4826	1
4827	1
4828	6
4830	6
4832	1
4834	4
4835	2
4836	9
4837	2
4838	2
4840	11
4842	5
4844	1
4845	1
4846	2
4847	1
4848	4
4850	2
4852	3
4854	4
4855	1
4856	9
4860	6
4862	6
4864	2
4866	6
4868	3
4870	1
4872	9
4874	1
4876	7
4878	2
4880	6
4882	1
4884	9
4886	4
4888	9
4890	3
4892	2
4895	3
4896	6
4900	3
4902	3
4904	5
4906	1
4908	3
4910	2
4912	3
4914	5
4915	1
4916	2
4918	1
4920	5
4922	1
4924	1
4928	4
4930	3
4932	2
4934	1
4936	5
4938	2
4940	8
4943	1
4944	7
4946	1
4948	3
4949	1
4950	2
4951	1
4952	2
4956	3
4958	3
4960	3
4962	1
4964	3
4965	1
4966	2
4968	4
4972	8
4974	2
4976	3
4977	1
4978	2
4979	1
4980	6
4982	1
4984	4
4986	1
4988	4
4990	2
4992	7
4995	1
4996	3
4998	2
5000	2
5004	9
5005	1
5006	1
5008	4
5010	2
5012	1
5014	1
5015	1
5016	6
5020	4
5022	1
5024	4
5028	2
5032	2
5036	2
5040	14
5042	2
5044	2
5045	1
5046	4
5048	2
5050	2
5052	5
5054	2
5056	2
5058	5
5060	8
5062	1
5064	6
5066	3
5068	1
5070	2
5071	1
5072	5
5074	1
5076	3
5078	2
5080	1
5082	2
5084	2
5085	1
5088	3
5090	2
5092	4
5094	1
5095	1
5096	8
5097	1
5098	2
5102	2
5104	6
5105	1
5106	1
5107	2
5108	6
5110	2
5112	3
5116	1
5118	3
5120	3
5121	1
5122	1
5124	2
5126	4
5127	1
5128	2
5130	1
5132	3
5133	1
5136	5
5138	2
5140	1
5142	1
5144	4
5148	3
5152	1
5156	1
5160	4
5162	3
5164	5
5165	1
5166	1
5168	7
5170	4
5172	1
5174	3
5175	1
5176	3
5178	2
5180	3
5181	1
5184	8
5186	1
5188	2
5190	3
5191	1
5192	5
5196	6
5199	1
5200	6
5202	1
5204	1
5206	2
5208	6
5210	1
5212	4
5214	3
5216	5
5218	1
5220	2
5221	1
5222	3
5224	4
5226	2
5227	1
5228	3
5230	2
5231	2
5232	3
5236	3
5238	3
5240	3
5244	2
5247	1
5248	3
5250	2
5252	7
5254	3
5255	1
5256	9
5258	1
5260	3
5263	1
5264	2
5265	1
5266	1
5268	2
5270	1
5272	3
5274	4
5276	1
5277	1
5280	170
5281	1
5282	2
5284	4
5285	3
5286	2
5287	1
5288	10
5290	6
5292	6
5293	1
5294	7
5296	3
5298	1
5299	1
5300	3
5302	4
5304	8
5305	1
5308	1
5310	4
5312	5
5315	1
5316	3
5317	1
5318	3
5320	3
5322	1
5324	17
5326	4
5328	8
5329	1
5332	4
5333	1
5335	9
5336	2
5338	2
5340	3
5343	1
5345	1
5346	3
5347	1
5348	4
5350	2
5352	6
5354	2
5356	2
5360	5
5362	2
5364	6
5368	19
5374	2
5376	8
5377	1
5378	4
5379	1
5380	3
5382	1
5384	4
5386	1
5388	5
5390	12
5392	1
5396	1
5397	1
5400	8
5401	1
5404	4
5406	1
5408	1
5410	2
5412	12
5413	1
5414	3
5416	7
5420	4
5421	1
5422	4
5423	2
5424	3
5426	2
5428	3
5430	1
5432	4
5434	3
5435	1
5436	7
5438	1
5440	2
5444	1
5445	4
5446	2
5448	2
5449	1
5452	1
5454	4
5456	8
5457	1
5458	1
5460	7
5462	1
5464	3
5465	1
5468	1
5469	1
5470	1
5472	5
5476	2
5478	7
5480	2
5481	1
5482	1
5484	2
5486	1
5488	5
5492	3
5496	3
5497	1
5498	2
5499	1
5500	9
5502	1
5504	3
5506	2
5508	3
5510	1
5512	4
5514	4
5516	3
5518	3
5520	6
5522	3
5526	1
5527	1
5528	4
5532	1
5533	1
5534	3
5538	1
5540	2
5543	1
5544	8
5545	2
5546	1
5548	2
5550	1
5552	2
5554	2
5556	3
5558	2
5560	3
5566	1
5568	6
5572	2
5574	1
5576	2
5578	2
5580	1
5587	1
5588	4
5592	1
5594	1
5596	1
5600	3
5604	2
5608	1
5610	6
5612	1
5614	3
5616	3
5618	1
5620	1
5622	1
5624	1
5626	1
5628	2
5632	10
5636	2
5640	4
5643	2
5644	2
5646	2
5648	2
5649	2
5652	3
5654	3
5656	2
5660	2
5661	2
5664	2
5666	2
5668	3
5670	1
5672	2
5674	2
5676	3
5682	3
5683	1
5684	1
5686	1
5688	4
5692	1
5694	1
5696	5
5700	3
5704	1
5706	2
5708	1
5709	1
5711	1
5712	1
5714	4
5716	4
5720	10
5728	2
5732	1
5733	1
5734	1
5736	3
5738	1
5742	1
5744	2
5746	2
5747	1
5748	2
5750	1
5752	3
5754	1
5756	1
5758	1
5760	40
5763	1
5764	9
5766	1
5768	3
5769	1
5770	4
5772	6
5774	1
5775	1
5776	4
5780	4
5781	1
5782	2
5784	4
5785	1
5786	2
5788	3
5790	1
5792	1
5796	2
5798	1
5800	2
5804	2
5806	2
5808	13
5812	1
5814	3
5816	2
5818	1
5820	3
5821	1
5824	2
5826	1
5828	1
5829	1
5830	2
5832	6
5834	2
5836	2
5838	2
5840	5
5844	3
5848	2
5850	1
5852	4
5856	5
5858	2
5859	1
5862	1
5864	3
5868	1
5870	2
5872	3
5874	1
5876	3
5877	1
5878	1
5880	6
5882	1
5884	2
5886	1
5888	2
5890	2
5892	2
5893	1
5894	1
5896	3
5900	3
5902	1
5904	4
5906	1
5910	1
5912	2
5914	1
5916	5
5917	1
5918	3
5920	2
5924	2
5926	1
5928	5
5936	1
5938	3
5940	32
5944	2
5945	2
5946	1
5948	1
5950	1
5952	6
5954	1
5956	2
5958	2
5964	2
5966	3
5967	1
5968	3
5970	1
5972	1
5976	1
5978	1
5979	1
5981	1
5982	1
5984	6
5985	2
5988	5
5992	1
5996	1
5998	1
6000	3
6002	2
6004	1
6006	3
6008	2
6010	1
6012	4
6016	3
6018	2
6022	1
6024	3
6028	2
6030	1
6032	1
6033	1
6034	2
6036	3
6038	1
6040	3
6042	3
6048	3
6050	6
6052	1
6053	2
6054	1
6058	2
6062	1
6064	3
6066	1
6070	1
6072	6
6076	2
6080	1
6084	1
6088	4
6090	1
6094	2
6096	8
6102	1
6104	2
6110	1
6112	2
6114	2
6116	4
6120	1
6121	1
6124	1
6130	1
6132	2
6133	1
6136	2
6138	2
6141	2
6144	5
6147	1
6149	1
6152	1
6160	7
6162	1
6163	1
6164	1
6168	2
6174	1
6176	1
6180	2
6182	2
6183	1
6184	2
6192	4
6196	1
6198	1
6200	2
6204	4
6206	1
6210	1
6212	2
6214	1
6216	2
6224	2
6226	3
6228	1
6230	1
6232	2
6236	2
6240	1
6244	1
6248	4
6256	1
6258	1
6259	1
6260	1
6264	1
6268	1
6270	3
6272	1
6273	1
6276	1
6277	1
6284	2
6286	1
6288	1
6292	2
6296	1
6304	1
6306	1
6312	2
6320	2
6322	1
6324	1
6329	1
6332	1
6336	15
6337	1
6340	1
6344	2
6347	1
6348	3
6356	3
6360	1
6361	1
6362	1
6363	1
6364	1
6372	1
6376	3
6380	4
6384	4
6386	1
6388	1
6392	4
6394	1
6396	1
6397	1
6399	1
6400	3
6402	3
6404	3
6409	1
6412	1
6415	1
6416	2
6420	2
6424	3
6426	1
6428	2
6430	1
6432	2
6436	1
6438	1
6440	1
6446	1
6448	1
6450	1
6456	3
6462	2
6468	3
6471	1
6472	2
6474	2
6480	10
6482	1
6484	1
6486	1
6488	2
6494	1
6496	1
6500	1
6501	1
6502	2
6504	2
6508	1
6510	1
6512	5
6516	5
6517	1
6520	1
6524	1
6528	3
6538	1
6540	1
6542	1
6550	1
6552	1
6556	4
6567	1
6568	2
6570	1
6572	2
6573	1
6576	2
6578	2
6582	1
6584	1
6592	2
6594	1
6600	19
6604	1
6606	1
6608	1
6610	1
6612	4
6616	1
6619	1
6620	1
6622	1
6624	3
6626	1
6628	1
6629	1
6630	1
6632	1
6634	1
6638	1
6640	2
6642	2
6643	1
6644	4
6645	1
6648	2
6654	2
6655	1
6656	1
6660	1
6664	1
6669	1
6672	1
6673	1
6676	1
6678	2
6679	1
6680	1
6686	1
6688	1
6692	1
6696	2
6704	1
6714	1
6720	2
6721	1
6732	1
6733	1
6734	2
6736	1
6738	1
6744	1
6746	1
6750	1
6754	1
6756	1
6766	2
6768	1
6772	2
6774	1
6776	2
6780	2
6782	1
6788	2
6794	1
6798	1
6800	2
6804	1
6810	1
6816	2
6818	1
6820	3
6824	1
6828	1
6831	1
6832	2
6835	1
6836	4
6838	1
6840	2
6842	1
6845	1
6846	1
6852	1
6856	1
6862	1
6864	5
6866	1
6876	2
6882	1
6884	1
6887	1
6888	1
6896	3
6900	2
6910	1
6912	2
6914	1
6916	1
6920	1
6926	1
6930	1
6944	1
6946	2
6952	2
6954	1
6956	1
6960	3
6964	1
6965	1
6966	1
6972	2
6979	1
6992	2
6998	1
7000	2
7004	1
7008	2
7014	1
7016	4
7020	2
7024	2
7026	1
7032	2
7036	1
7040	37
7044	1
7046	1
7050	1
7052	1
7056	1
7057	1
7058	1
7060	2
7064	2
7066	1
7068	1
7070	1
7072	4
7076	1
7080	2
7082	1
7083	1
7084	2
7088	1
7089	1
7090	1
7092	1
7095	2
7102	1
7108	1
7114	1
7116	2
7118	1
7120	2
7122	1
7124	2
7128	11
7132	3
7136	1
7138	1
7143	1
7146	2
7150	6
7152	3
7158	1
7164	1
7168	1
7172	4
7176	1
7178	1
7179	1
7180	1
7182	1
7184	1
7188	1
7192	1
7194	1
7200	4
7206	1
7208	2
7210	1
7216	2
7220	1
7228	2
7232	1
7238	2
7239	1
7242	1
7251	1
7256	1
7260	6
7262	1
7264	1
7273	1
7278	1
7282	1
7290	1
7292	1
7294	1
7296	2
7298	1
7300	1
7304	6
7313	1
7316	1
7318	1
7320	1
7323	1
7326	1
7336	2
7344	1
7348	1
7349	1
7350	1
7352	1
7359	1
7360	2
7364	1
7370	2
7376	3
7380	1
7384	1
7388	1
7390	1
7392	7
7394	1
7398	1
7402	1
7412	1
7420	1
7423	1
7432	2
7436	1
7440	1
7444	1
7452	2
7458	1
7466	1
7469	1
7472	1
7476	1
7478	1
7480	2
7492	1
7496	2
7498	1
7510	1
7515	1
7521	1
7525	1
7544	1
7560	2
7568	4
7576	1
7580	1
7582	1
7584	1
7586	1
7592	1
7599	1
7604	2
7615	1
7618	1
7623	1
7630	1
7640	1
7644	1
7648	1
7654	1
7664	2
7665	1
7678	1
7680	9
7686	1
7692	2
7694	1
7712	1
7714	1
7716	1
7722	1
7730	1
7732	2
7734	1
7740	4
7749	1
7752	2
7755	1
7756	1
7768	1
7774	2
7776	4
7784	1
7788	3
7792	1
7794	1
7796	1
7800	4
7808	1
7812	2
7820	1
7822	1
7824	1
7828	1
7836	2
7846	1
7848	1
7852	2
7868	1
7871	1
7876	2
7880	1
7892	1
7908	1
7912	1
7920	38
7924	3
7925	1
7944	1
7950	1
7964	9
7968	2
7974	1
7975	3
7976	1
7986	1
7992	1
7994	2
7996	1
8008	3
8028	1
8030	3
8040	2
8043	1
8044	1
8063	1
8068	1
8074	1
8084	1
8085	1
8088	2
8092	3
8096	1
8100	1
8104	1
8112	1
8114	1
8118	1
8120	2
8122	1
8124	1
8126	1
8132	1
8133	1
8140	3
8144	3
8148	1
8150	1
8160	1
8164	1
8166	1
8168	2
8172	1
8173	1
8176	1
8178	1
8184	3
8188	1
8190	1
8192	1
8202	1
8204	1
8210	1
8214	1
8216	1
8220	1
8228	2
8253	1
8264	1
8270	1
8272	1
8275	1
8280	1
8283	1
8284	1
8288	1
8294	1
8298	1
8330	1
8332	1
8342	1
8346	1
8352	1
8360	3
8376	1
8382	1
8392	1
8394	2
8400	3
8412	1
8416	1
8418	1
8420	1
8421	1
8424	1
8431	1
8448	1
8452	1
8460	1
8464	1
8467	1
8472	1
8492	2
8504	1
8511	1
8515	1
8520	1
8530	1
8534	1
8536	1
8544	1
8581	1
8584	1
8590	1
8615	1
8619	1
8620	1
8624	1
8626	1
8628	1
8640	9
8647	1
8650	1
8655	1
8657	1
8664	1
8666	1
8668	1
8680	1
8682	1
8683	1
8688	3
8700	1
8708	2
8712	1
8720	1
8728	2
8736	2
8740	2
8744	3
8760	1
8762	2
8764	2
8770	1
8774	1
8776	1
8783	1
8789	1
8799	1
8800	14
8804	1
8810	1
8814	1
8816	1
8820	1
8838	1
8840	1
8844	2
8849	1
8852	1
8860	1
8866	1
8892	1
8898	1
8910	5
8944	1
8946	1
8950	2
8962	2
8965	1
8974	1
8976	1
8982	1
8988	1
8990	1
8998	1
9009	1
9012	1
9020	2
9032	1
9042	2
9072	1
9078	1
9080	1
9096	2
9120	1
9123	1
9130	1
9134	1
9138	1
9160	2
9168	1
9180	1
9190	1
9212	1
9216	1
9266	1
9272	2
9294	2
9308	1
9312	1
9328	1
9336	1
9368	1
9372	1
9408	1
9425	1
9444	1
9449	1
9484	1
9499	1
9504	1
9552	1
9600	5
9604	2
9608	1
9630	1
9640	1
9642	2
9648	1
9650	1
9665	1
9680	1
9692	1
9720	4
9735	1
9768	2
9774	1
9776	1
9790	1
9840	1
9852	1
9888	1
9900	1
9918	1
9926	1
9932	1
9960	1
9967	1
9980	1
9990	1
9992	1
10000	1
10004	1
10076	1
10138	1
10168	1
10232	1
10238	1
10301	1
10304	1
10306	1
10308	1
10315	1
10324	1
10450	1
10456	1
10464	1
10496	1
10500	1
10536	1
10554	1
10560	27
10570	2
10576	1
10582	1
10584	2
10586	1
10596	2
10604	1
10608	2
10620	1
10622	1
10638	1
10648	4
10656	2
10659	1
10678	1
10692	3
10698	1
10703	1
10713	1
10716	1
10726	1
10736	2
10750	1
10756	1
10758	1
10760	1
10780	2
10784	1
10807	1
10814	1
10835	1
10846	1
10853	1
10879	1
10901	1
10904	1
10912	2
10996	1
11034	1
11044	1
11056	1
11064	1
11156	1
11289	1
11308	1
11328	1
11330	1
11340	1
11352	1
11376	1
11406	1
11460	1
11464	1
11495	1
11508	1
11520	3
11528	1
11544	2
11550	1
11564	1
11580	1
11609	1
11616	1
11646	1
11648	1
11682	1
11792	1
11880	5
11890	1
11904	1
11928	1
11946	1
11960	1
12000	1
12036	1
12048	1
12050	1
12055	1
12056	2
12066	1
12089	1
12100	1
12144	1
12212	1
12214	1
12216	1
12240	1
12280	1
12324	1
12334	1
12360	1
12364	1
12374	1
12480	1
12539	1
12548	1
12552	1
12578	1
12636	1
12761	1
12892	1
12944	1
12962	1
13018	1
13048	1
13050	1
13056	1
13064	1
13090	1
13112	1
13178	1
13191	1
13200	3
13216	1
13220	1
13248	1
13340	1
13344	1
13370	1
13420	1
13440	1
13462	1
13482	1
13498	1
13608	2
13650	1
13940	1
13981	1
14014	1
14036	1
14040	1
14080	4
14152	1
14190	1
14234	1
14311	1
14328	1
14400	3
14496	1
14700	1
14730	1
14820	1
15172	1
15256	1
15360	1
15444	1
15552	1
15643	1
15652	1
15812	1
15840	5
15845	2
15850	1
15888	1
15928	1
15998	1
16050	1
16060	1
16104	1
16109	1
16115	2
16654	1
16867	1
16944	1
16960	1
17280	1
17388	1
17576	1
17600	2
18100	1
18198	1
18480	1
18824	1
18980	1
19200	1
19206	1
19272	1
19808	1
21108	1
21120	4
21296	1
21323	1
21370	1
21384	1
21468	1
22080	1
23040	1
23328	1
25915	1
26400	1
27467	1
28380	1
29448	1
31704	1
44658	1
57600	1
