Pay	Frequency
0	782111027
2	22777659
4	40700071
5	11224783
6	7612421
7	1464531
8	31103482
9	583259
10	18040361
11	212435
12	8582767
13	354807
14	2847943
15	2549797
16	14074296
17	128422
18	1339464
19	132129
20	11779520
21	301531
22	748486
23	89333
24	6012359
25	164530
26	345352
27	36095
28	1499893
29	86198
30	3681737
31	29082
32	4072278
33	30768
34	293027
35	60733
36	1248506
37	44424
38	167725
39	22419
40	4267880
41	10878
42	296550
43	3198
44	901644
45	327295
46	78183
47	11056
48	2791682
49	12799
50	129858
51	7854
52	164036
53	48343
54	94456
55	51433
56	343220
57	12064
58	53051
59	560
60	2430073
61	2457
62	45873
63	12231
64	856485
65	28077
66	246447
67	1076
68	130847
69	14853
70	38176
71	307
72	811310
73	504
74	31927
75	6211
76	78525
77	71476
78	30892
79	1517
80	1325922
81	2272
82	21911
83	133
84	136610
85	17303
86	4981
87	3507
88	554460
89	287
90	402929
91	73
92	26535
93	2824
94	15965
95	6339
96	962024
97	244
98	16362
99	12779
100	66457
101	10290
102	16119
103	255
104	36136
105	1923
106	16186
107	48
108	71380
109	70
110	169551
111	2312
112	40585
113	850
114	11162
115	85
116	11528
117	1078
118	1106
119	19
120	1025541
121	12254
122	8346
123	318
124	32288
125	10356
126	12113
127	172
128	122875
129	951
130	14772
131	22
132	199876
133	454
134	1217
135	19011
136	18807
137	149
138	4477
139	492
140	10037
141	767
142	249
143	7006
144	395709
145	187
146	4019
147	1410
148	15295
149	4220
150	7810
151	190
152	18022
153	265
154	84167
155	120
156	15035
157	12
158	1084
159	882
160	408303
161	4
162	5066
163	1
164	11788
165	39221
166	344
167	37
168	46499
169	288
170	6560
171	198
172	2376
173	42
174	1562
175	547
176	169327
177	132
178	143
179	6
180	236815
181	14
182	2762
183	114
184	8451
185	2070
186	2383
187	3557
188	5497
189	428
190	3173
191	3
192	213301
193	27
194	802
195	716
196	5321
197	1185
198	40316
199	11
200	38431
201	332
202	2537
203	6
204	5327
205	301
206	209
207	173
208	5215
209	4899
210	2609
211	4
212	2017
213	61
214	28
215	50
216	57798
217	4
218	230
219	15
220	95910
221	808
222	2217
223	6
224	3122
225	130
226	552
228	5612
229	5
230	85
231	5476
232	1027
234	2302
235	8
236	335
237	286
238	15
240	321274
241	3
242	15518
243	26
244	6257
245	3133
246	813
247	292
248	6685
249	65
250	3664
251	2
252	6941
253	3251
254	194
255	333
256	10176
257	9
258	461
259	4
260	4090
261	51
262	22
263	3
264	77279
265	10
266	114
267	23
268	183
269	1
270	20981
272	1216
273	236
274	443
275	2647
276	2153
277	1
278	304
279	30
280	1318
282	533
283	1
284	38
285	73
286	11042
287	1
288	104982
290	466
291	78
292	2165
293	684
294	1671
295	8
296	2410
297	770
298	1015
299	202
300	6655
301	2
302	148
303	80
304	1340
305	39
306	221
308	25263
309	40
310	110
312	5226
314	3
315	281
316	150
318	195
319	1447
320	110226
321	8
322	756
324	4518
325	1180
326	35
327	10
328	1958
329	60
330	42009
332	251
333	13
334	51
335	90
336	10759
337	2
338	447
339	12
340	958
341	1083
342	93
343	2
344	302
345	9
346	12
348	604
349	3
350	185
351	89
352	33521
354	41
355	1
356	24
357	55
358	9
359	1
360	86946
362	315
363	188
364	2126
365	660
366	347
367	1
368	1585
369	13
370	781
372	1131
373	4
374	7779
375	93
376	633
377	69
378	763
379	1
380	559
381	40
382	2
384	27903
385	926
386	37
387	9
388	271
389	72
390	487
392	468
393	1
394	260
395	7
396	19002
398	6
399	86
400	20629
402	181
403	88
404	434
405	785
406	21
407	765
408	2857
409	14
410	195
411	7
412	45
413	11
414	52
415	22
416	755
417	15
418	4548
420	1241
421	1
422	2
423	2
424	96
425	2
426	9
428	5
429	428
430	34
432	22700
434	67
435	3
436	112
437	131
438	325
439	1
440	32751
441	52
442	465
444	747
445	6
447	34
448	209
450	283
451	163
452	104
453	38
454	6
455	48
456	2010
457	2
458	3
459	3
460	37
462	4662
464	33
465	3
468	612
470	2
472	23
473	239
474	26
476	16
477	6
480	80464
481	57
482	308
483	67
484	5362
485	681
486	121
487	2
488	1155
489	9
490	904
492	284
493	4
494	272
495	4456
496	510
497	1
498	32
500	553
501	8
502	3
504	2260
506	1463
507	29
508	20
509	1
510	133
512	587
513	1
514	2
515	3
516	188
517	403
518	4
519	1
520	543
522	12
524	2
525	39
526	2
527	2
528	27090
529	3
530	1
532	17
533	13
534	7
536	9
537	1
538	1
539	420
540	10699
542	33
543	1
544	188
545	56
546	328
548	123
549	4
550	2933
552	641
553	2
554	2
555	14
556	49
557	1
558	23
559	33
560	128
561	101
562	1
564	206
567	16
568	4
570	34
572	3089
576	16674
578	16
580	216
581	37
582	44
583	714
584	162
585	6
586	135
588	566
589	2
590	2
591	11
592	84
594	942
596	84
597	1
598	80
600	5975
602	50
604	67
605	341
606	34
608	79
609	17
610	51
611	9
612	69
614	1
615	7
616	3280
618	3
620	32
621	5
622	1
624	1230
626	1
627	66
630	244
632	11
635	1
636	128
637	21
638	823
640	21271
642	107
644	341
645	107
646	1
648	2219
649	38
650	336
651	17
652	34
653	20
654	19
655	10
656	153
658	20
660	22885
662	1
663	18
664	42
666	10
668	13
669	1
670	27
671	67
672	1304
674	1
675	1
676	148
678	6
679	1
680	69
682	1366
684	43
685	2
688	32
689	16
690	2
692	2
693	141
696	213
700	31
702	69
704	6399
705	1
708	23
710	1
712	6
713	5
714	121
715	386
716	1
718	1
720	23227
722	51
723	1
724	279
725	174
726	621
728	400
729	1
730	181
732	125
733	1
734	1
735	24
736	121
737	82
738	11
740	109
741	8
744	481
746	1
747	1
748	1486
750	36
752	28
754	23
755	2
756	295
759	103
760	52
762	3
765	2
767	8
768	2640
770	567
772	5
774	1
776	13
777	14
778	14
780	119
781	18
782	2
784	17
788	6
790	1
792	10245
793	4
798	91
800	6351
802	42
803	13
804	166
805	20
806	58
807	1
808	104
809	2
810	633
812	16
813	1
814	1089
815	7
816	491
818	5
819	15
820	39
822	5
824	5
825	70
826	7
828	34
830	9
832	97
834	5
836	1475
840	339
845	3
846	2
847	157
848	8
850	1
851	2
852	13
854	1
855	1
856	1
858	397
860	9
861	1
864	5013
866	7
868	25
869	80
870	30
871	10
872	9
874	24
876	45
879	4
880	10000
882	57
884	78
885	1
888	401
891	11
894	3
896	11
897	4
900	291
902	538
903	4
904	7
905	2
906	4
908	1
910	12
912	559
913	7
916	2
920	6
923	1
924	1224
928	1
930	4
935	222
936	218
938	3
944	2
945	13
946	152
948	53
952	6
954	2
957	39
960	15704
962	93
964	192
965	71
966	50
968	751
970	133
972	83
975	10
976	91
978	3
979	8
980	90
982	1
984	138
987	8
988	88
990	4512
992	30
994	1
996	10
1000	31
1001	5
1005	1
1008	476
1012	331
1014	25
1020	32
1023	9
1024	23
1027	12
1028	1
1029	7
1032	74
1034	317
1036	4
1040	51
1044	12
1045	123
1050	43
1054	2
1056	6927
1064	3
1066	15
1067	25
1068	3
1071	4
1078	402
1079	1
1080	3365
1082	7
1084	25
1085	16
1086	8
1088	31
1089	3
1090	29
1092	96
1095	3
1096	13
1098	1
1100	794
1104	112
1107	1
1110	5
1111	153
1112	3
1113	4
1116	8
1118	11
1120	8
1122	129
1128	97
1131	1
1133	15
1134	20
1140	14
1143	1
1144	236
1150	1
1152	1719
1155	33
1156	13
1157	1
1158	3
1160	10
1162	7
1164	17
1166	177
1168	5
1170	5
1172	7
1176	194
1177	2
1178	2
1188	577
1196	14
1197	2
1199	5
1200	2430
1202	17
1204	27
1205	17
1206	3
1208	34
1210	164
1212	25
1214	1
1215	16
1216	12
1218	8
1220	15
1221	17
1222	7
1224	45
1230	1
1232	256
1235	2
1236	10
1239	3
1240	10
1243	15
1245	1
1248	86
1254	45
1260	94
1261	3
1272	37
1274	17
1276	88
1280	2367
1282	7
1284	23
1285	7
1287	3
1288	41
1290	27
1292	2
1294	1
1296	563
1298	13
1300	27
1301	2
1302	18
1304	4
1306	5
1308	3
1310	1
1312	5
1313	1
1314	1
1320	8427
1323	1
1324	1
1326	12
1328	2
1331	2
1339	1
1340	1
1342	287
1344	123
1350	11
1352	10
1353	4
1356	2
1364	472
1365	1
1368	17
1375	156
1378	4
1380	1
1386	121
1392	15
1397	15
1400	3
1404	4
1407	4
1408	806
1416	6
1426	2
1428	28
1430	156
1440	4679
1442	14
1443	1
1444	53
1445	14
1446	16
1448	35
1449	4
1450	30
1452	90
1455	1
1456	23
1458	2
1460	22
1463	9
1464	68
1469	1
1470	9
1472	8
1474	13
1480	7
1482	6
1484	2
1485	261
1488	104
1491	1
1496	87
1500	9
1507	8
1512	124
1518	14
1519	1
1520	1
1524	6
1529	7
1536	197
1540	89
1548	2
1550	2
1551	2
1554	15
1560	24
1562	2
1564	3
1572	1
1573	3
1575	1
1584	3342
1586	4
1595	3
1596	22
1600	1162
1602	4
1604	19
1605	2
1606	177
1608	25
1610	10
1612	14
1614	1
1616	4
1617	2
1620	269
1624	3
1625	1
1626	4
1628	195
1630	1
1632	20
1638	19
1639	67
1640	1
1644	3
1648	1
1650	100
1651	1
1652	1
1656	4
1659	4
1661	11
1664	10
1668	2
1670	1
1672	106
1680	49
1683	1
1690	2
1694	47
1704	1
1705	5
1716	33
1722	7
1728	710
1732	2
1733	1
1736	1
1738	13
1740	1
1743	1
1744	1
1748	4
1749	5
1752	53
1755	1
1758	1
1760	3007
1764	13
1768	3
1770	1
1776	83
1782	95
1785	1
1788	4
1800	212
1802	2
1804	162
1806	8
1808	3
1810	1
1812	9
1815	72
1816	1
1818	1
1820	3
1824	35
1826	8
1836	2
1837	1
1840	1
1848	152
1859	1
1860	4
1870	56
1872	12
1884	1
1890	12
1892	23
1896	5
1898	4
1903	2
1911	1
1914	4
1920	1995
1922	3
1924	33
1925	13
1926	4
1928	18
1930	15
1932	7
1933	1
1936	36
1940	8
1944	48
1950	2
1952	2
1958	1
1960	3
1963	2
1968	28
1974	5
1976	9
1978	1
1980	2304
1984	1
1992	5
1995	2
2000	1
2002	54
2004	1
2016	66
2024	100
2028	4
2035	33
2040	2
2046	8
2054	1
2057	2
2058	1
2064	4
2068	51
2070	1
2076	1
2079	2
2090	37
2100	3
2106	1
2108	2
2112	1188
2121	2
2123	1
2132	2
2134	16
2142	1
2145	1
2156	32
2158	1
2160	756
2162	1
2163	1
2164	5
2166	8
2167	21
2168	6
2170	1
2172	1
2175	1
2176	2
2178	2
2180	1
2184	23
2200	519
2208	12
2210	1
2212	1
2220	2
2222	28
2232	3
2244	24
2255	4
2256	8
2268	7
2277	1
2280	5
2288	14
2304	146
2310	11
2312	1
2328	9
2332	7
2352	6
2364	1
2366	1
2373	1
2376	412
2392	2
2394	3
2398	9
2400	595
2404	10
2406	2
2408	8
2412	4
2415	1
2416	4
2420	19
2424	7
2430	8
2431	12
2432	3
2436	2
2442	3
2444	1
2448	2
2464	15
2472	1
2480	1
2486	5
2496	2
2508	3
2520	25
2530	1
2552	2
2560	144
2562	7
2564	2
2568	5
2570	2
2574	1
2576	1
2592	99
2596	3
2600	2
2602	2
2604	3
2616	2
2640	2456
2646	1
2656	1
2662	54
2664	1
2666	1
2667	1
2668	1
2676	1
2684	76
2688	14
2695	34
2700	8
2706	6
2712	1
2728	34
2730	1
2750	38
2772	22
2794	2
2805	7
2816	51
2832	2
2838	1
2860	24
2871	1
2877	1
2880	692
2882	3
2884	5
2885	2
2886	5
2888	6
2890	3
2892	4
2894	1
2896	1
2898	1
2900	2
2904	11
2910	1
2916	3
2928	13
2940	3
2952	2
2960	1
2970	261
2976	7
2988	1
2992	6
3000	5
3014	4
3024	24
3025	5
3036	1
3058	5
3060	2
3066	1
3069	1
3072	11
3080	10
3108	2
3120	3
3129	2
3135	2
3146	1
3150	3
3168	711
3190	13
3192	4
3200	121
3204	1
3208	3
3210	1
3212	14
3223	9
3224	2
3234	3
3240	64
3244	1
3248	1
3252	1
3256	3
3258	1
3264	1
3266	1
3278	10
3288	1
3300	83
3315	1
3322	4
3344	3
3355	1
3360	7
3388	3
3402	2
3432	1
3443	1
3444	1
3456	49
3460	1
3466	1
3476	1
3480	4
3498	1
3504	6
3516	1
3520	744
3528	2
3540	1
3542	21
3552	2
3564	41
3570	1
3575	17
3576	1
3586	2
3597	1
3600	78
3604	1
3606	2
3608	10
3612	1
3618	1
3630	14
3648	1
3652	5
3696	9
3740	8
3780	8
3784	1
3796	1
3822	1
3840	142
3848	4
3850	1
3856	1
3864	5
3888	10
3894	1
3900	1
3936	4
3960	702
3982	8
4004	19
4015	8
4026	1
4032	8
4048	12
4070	9
4092	1
4125	1
4136	2
4158	1
4180	8
4224	129
4242	1
4246	2
4268	1
4279	1
4290	1
4312	1
4320	98
4326	2
4332	1
4334	1
4336	1
4342	1
4344	5
4356	3
4368	2
4380	1
4392	1
4400	247
4422	6
4428	1
4444	9
4455	17
4477	1
4488	3
4510	6
4532	1
4536	3
4565	1
4576	1
4608	9
4654	1
4664	3
4752	156
4758	1
4774	2
4800	99
4804	2
4807	3
4808	1
4810	1
4812	1
4836	1
4840	1
4848	2
4860	5
4862	2
4896	1
4928	1
4950	3
4980	1
5040	7
5060	2
5120	5
5184	15
5208	1
5244	2
5280	595
5302	12
5324	17
5335	9
5368	3
5376	1
5390	9
5400	4
5412	2
5445	1
5456	2
5478	1
5500	8
5544	1
5632	3
5670	1
5720	1
5760	79
5764	1
5768	1
5772	1
5784	4
5808	3
5832	1
5856	2
5880	2
5904	1
5940	96
5962	2
5984	1
6028	1
6048	1
6050	1
6132	1
6144	1
6300	1
6336	73
6400	5
6480	16
6490	1
6600	75
6655	1
6688	2
6710	1
6720	2
6732	2
6804	2
6820	1
6864	1
6912	7
6952	1
7040	139
7062	2
7084	4
7095	1
7128	12
7150	1
7172	1
7200	18
7212	1
7224	2
7248	1
7304	1
7436	1
7680	9
7704	2
7920	186
7942	1
7964	3
7975	1
8030	1
8064	1
8316	1
8360	1
8400	1
8448	6
8470	1
8640	23
8664	1
8700	1
8800	50
8822	2
8844	2
8888	1
8910	9
8965	1
9216	1
9504	22
9548	1
9592	1
9600	7
9614	1
9624	2
9696	1
9900	4
10080	3
10368	1
10452	1
10560	109
10604	2
10648	2
10670	2
10692	2
10736	1
11520	7
11568	1
11712	1
11880	32
11924	1
11968	1
11990	1
12600	1
12672	3
12960	2
13200	26
13332	1
13440	3
13524	1
13860	1
14080	10
14256	4
14400	4
15120	1
15360	1
15840	39
15884	1
17280	3
17600	8
17820	1
18144	1
19200	2
19224	1
19800	6
21120	12
21384	1
21600	1
23760	2
25920	1
26400	4
31680	1
35640	1
47520	1
