Pay	Frequency
0	782111027
2	14345445
4	24338792
5	8932641
6	4864028
7	991431
8	19253115
9	1121420
10	14932809
11	233246
12	7036339
13	1042398
14	4100372
15	2238138
16	10006899
17	358216
18	3394770
19	473417
20	10718309
21	645819
22	2155337
23	501429
24	6051745
25	483262
26	1984414
27	213344
28	3251741
29	433048
30	3683446
31	288523
32	4181482
33	251525
34	1682712
35	240179
36	2571336
37	273198
38	1325255
39	232304
40	4437638
41	177230
42	1207646
43	155815
44	2140800
45	374132
46	940479
47	151616
48	3176493
49	167943
50	888507
51	112872
52	1318661
53	272449
54	763120
55	131874
56	1305319
57	109534
58	784793
59	87753
60	2487689
61	99540
62	595083
63	129443
64	1558504
65	122464
66	623819
67	66097
68	1105856
69	119242
70	510405
71	56338
72	1296295
73	96859
74	483710
75	56387
76	765259
77	132072
78	460452
79	64403
80	1544292
81	56521
82	395903
83	58874
84	736029
85	84327
86	304766
87	55128
88	934310
89	51192
90	607503
91	36093
92	568479
93	57541
94	327428
95	53867
96	1112367
97	42744
98	318231
99	51201
100	514107
101	74295
102	271244
103	39700
104	461783
105	35471
106	304911
107	30388
108	436319
109	31309
110	340571
111	44697
112	398343
113	31011
114	222074
115	23839
116	357922
117	27615
118	191642
119	22301
120	984152
121	35852
122	186613
123	22083
124	349238
125	48917
126	189863
127	19962
128	431058
129	27049
130	184125
131	19702
132	388683
133	30709
134	153492
135	35014
136	325368
137	18745
138	167015
139	19201
140	256706
141	23717
142	126574
143	31929
144	490391
145	16665
146	134362
147	16640
148	225752
149	32915
150	127724
151	17647
152	227782
153	15743
154	204169
155	13274
156	203124
157	13836
158	116104
159	21383
160	473143
161	12865
162	117524
163	11989
164	197690
165	52165
166	94865
167	12842
168	217328
169	17549
170	112672
171	11234
172	143389
173	16624
174	94072
175	15810
176	267045
177	10709
178	88296
179	11282
180	311536
181	11643
182	82800
183	11730
184	183239
185	16120
186	82192
187	14441
188	145742
189	14221
190	81179
191	9902
192	270767
193	10821
194	74070
195	11118
196	128467
197	16263
198	115706
199	9698
200	164276
201	9113
202	82880
203	8520
204	119509
205	9762
206	66523
207	10971
208	113472
209	14845
210	64692
211	7230
212	105472
213	8682
214	56141
215	7129
216	136554
217	8365
218	52125
219	6715
220	175428
221	9163
222	58812
223	6052
224	102676
225	6856
226	53111
227	6139
228	94526
229	5856
230	46489
231	13550
232	89247
233	5521
234	47188
235	5894
236	76707
237	6191
238	40990
239	5568
240	287610
241	5069
242	70019
243	5059
244	90507
245	14344
246	46377
247	5027
248	94909
249	6576
250	56697
251	4528
252	74533
253	12261
254	40892
255	7707
256	84811
257	5531
258	42771
259	4973
260	69722
261	6670
262	34481
263	4999
264	132499
265	5373
266	38510
267	4341
268	62853
269	5607
270	52089
271	4411
272	69309
273	3991
274	36205
275	9081
276	58533
277	4220
278	32658
279	4876
280	64393
281	3608
282	30958
283	4290
284	47735
285	4420
286	48257
287	3575
288	123798
289	3203
290	31581
291	3841
292	48467
293	7444
294	32399
295	3296
296	51588
297	6116
298	34218
299	3137
300	51442
301	3279
302	28002
303	4799
304	47322
305	3549
306	25604
307	2951
308	72380
309	3371
310	25716
311	2733
312	50513
313	3836
314	23951
315	3154
316	40376
317	2894
318	26106
319	6616
320	119174
321	2422
322	23084
323	3065
324	46442
325	6348
326	19960
327	2789
328	45671
329	3040
330	61526
331	2248
332	35010
333	3737
334	22656
335	4097
336	45737
337	2522
338	23409
339	2571
340	36602
341	5580
342	20019
343	2685
344	34567
345	2944
346	20201
347	2144
348	30954
349	2781
350	19282
351	2512
352	60471
353	2196
354	19992
355	2225
356	29993
357	2502
358	18016
359	2110
360	90158
361	1962
362	17726
363	3849
364	32949
365	4544
366	16372
367	2083
368	38972
369	2488
370	18302
371	1962
372	27304
373	2936
374	29780
375	2604
376	31289
377	1994
378	19095
379	2028
380	27615
381	2192
382	15810
383	2045
384	47668
385	4108
386	15024
387	1834
388	24257
389	2856
390	15926
391	1744
392	26824
393	2005
394	15339
395	1664
396	43244
397	1833
398	14948
399	1923
400	46009
401	1682
402	14706
403	1577
404	25212
405	2658
406	12805
407	3792
408	27625
409	1742
410	13319
411	1632
412	20487
413	1858
414	12530
415	1702
416	21724
417	1479
418	21515
419	1395
420	21530
421	1447
422	12167
423	1591
424	21189
425	1320
426	12114
427	1213
428	17862
429	3402
430	10627
431	1336
432	34528
433	1420
434	10871
435	1262
436	16877
437	2350
438	10150
439	1235
440	48033
441	1253
442	12159
443	1124
444	18854
445	1659
446	10224
447	1522
448	20320
449	1139
450	11132
451	2439
452	16855
453	1284
454	9180
455	1279
456	19657
457	1250
458	8983
459	1216
460	14895
461	1217
462	18092
463	1097
464	16721
465	1070
466	9119
467	1138
468	14623
469	1031
470	9008
471	1053
472	15468
473	2195
474	8623
475	979
476	12570
477	1168
478	8109
479	885
480	68503
481	1029
482	8332
483	1020
484	26695
485	3467
486	8761
487	948
488	20219
489	1477
490	11628
491	901
492	14847
493	1468
494	8375
495	5613
496	16542
497	1213
498	8452
499	1253
500	15300
501	1206
502	7097
503	1354
504	16118
505	1296
506	12677
507	982
508	12248
509	1183
510	8845
511	1151
512	14358
513	930
514	7697
515	939
516	11998
517	2065
518	6723
519	1012
520	13771
521	914
522	7051
523	821
524	10229
525	1203
526	6319
527	919
528	34696
529	803
530	7177
531	746
532	11307
533	1273
534	6763
535	807
536	11926
537	770
538	7040
539	1843
540	17537
541	766
542	5833
543	1028
544	11785
545	979
546	5948
547	714
548	10565
549	907
550	11240
551	631
552	11545
553	860
554	5978
555	789
556	9349
557	791
558	6451
559	720
560	10863
561	1422
562	5478
563	729
564	9299
565	811
566	5413
567	726
568	9216
569	694
570	5480
571	639
572	14109
573	627
574	5138
575	608
576	21003
577	606
578	5218
579	575
580	9215
581	1002
582	5376
583	2545
584	9115
585	637
586	5947
587	650
588	8816
589	523
590	4901
591	815
592	8477
593	666
594	8099
595	462
596	8449
597	574
598	4891
599	553
600	14205
601	596
602	4895
603	558
604	7738
605	1482
606	4874
607	555
608	8228
609	584
610	4824
611	559
612	7212
613	628
614	4262
615	558
616	12702
617	500
618	4459
619	472
620	7548
621	587
622	4191
623	550
624	8969
625	500
626	4261
627	1150
628	6453
629	510
630	4320
631	522
632	7106
633	484
634	3856
635	479
636	6701
637	478
638	7400
639	446
640	21531
641	423
642	4360
643	437
644	7226
645	942
646	3850
647	405
648	9521
649	1026
650	4647
651	469
652	5879
653	785
654	3753
655	572
656	7111
657	485
658	3816
659	446
660	23580
661	538
662	3604
663	552
664	7717
665	690
666	3978
667	439
668	6822
669	553
670	3951
671	1076
672	7672
673	505
674	3455
675	541
676	6122
677	504
678	3608
679	458
680	6257
681	463
682	6151
683	412
684	5817
685	427
686	3594
687	465
688	6003
689	396
690	3453
691	337
692	5134
693	1302
694	2972
695	428
696	5733
697	462
698	3095
699	318
700	4861
701	411
702	2905
703	364
704	12220
705	380
706	2907
707	326
708	5319
709	430
710	2881
711	367
712	5346
713	342
714	2972
715	1081
716	4383
717	377
718	2799
719	419
720	20241
721	317
722	2723
723	385
724	5801
725	932
726	4818
727	341
728	6349
729	470
730	3706
731	348
732	4853
733	473
734	2959
735	487
736	5784
737	789
738	3145
739	378
740	4779
741	455
742	2649
743	414
744	5387
745	433
746	2566
747	362
748	8368
749	354
750	2838
751	333
752	5166
753	369
754	2622
755	342
756	4880
757	331
758	2560
759	1122
760	5046
761	303
762	2572
763	363
764	4109
765	370
766	2351
767	333
768	6482
769	319
770	4343
771	324
772	3877
773	324
774	2462
775	324
776	4174
777	293
778	2691
779	246
780	3989
781	603
782	2273
783	301
784	4037
785	328
786	2338
787	244
788	3525
789	331
790	2126
791	252
792	12265
793	308
794	2391
795	257
796	4083
797	388
798	2455
799	298
800	9857
801	269
802	2419
803	769
804	4065
805	387
806	2143
807	337
808	4173
809	274
810	2678
811	259
812	3437
813	268
814	4206
815	285
816	4314
817	247
818	2212
819	276
820	3396
821	282
822	2270
823	279
824	3355
825	553
826	2024
827	245
828	3041
829	260
830	1938
831	246
832	3103
833	275
834	1954
835	233
836	5757
837	248
838	1884
839	213
840	4034
841	260
842	1810
843	242
844	3040
845	265
846	1856
847	864
848	3299
849	236
850	1746
851	211
852	3060
853	187
854	1634
855	215
856	2962
857	222
858	3330
859	191
860	2594
861	195
862	1690
863	224
864	6353
865	211
866	1654
867	188
868	2737
869	703
870	1782
871	206
872	2779
873	219
874	1895
875	193
876	2548
877	225
878	1563
879	282
880	10993
881	197
882	1797
883	162
884	3188
885	311
886	1646
887	181
888	3614
889	226
890	1843
891	456
892	2560
893	209
894	1710
895	216
896	2981
897	176
898	1535
899	199
900	2951
901	170
902	3116
903	182
904	2763
905	179
906	1524
907	189
908	2370
909	190
910	1496
911	169
912	3150
913	464
914	1380
915	187
916	2237
917	197
918	1464
919	168
920	2425
921	147
922	1389
923	159
924	4905
925	140
926	1395
927	151
928	2570
929	191
930	1429
931	152
932	2238
933	182
934	1343
935	651
936	2501
937	168
938	1209
939	198
940	2204
941	160
942	1182
943	176
944	2149
945	166
946	2039
947	131
948	2105
949	154
950	1216
951	153
952	2182
953	167
954	1263
955	168
956	1957
957	429
958	1206
959	151
960	12613
961	145
962	1345
963	149
964	2721
965	518
966	1289
967	138
968	4978
969	214
970	1963
971	129
972	2362
973	287
974	1314
975	292
976	2884
977	196
978	1439
979	455
980	2498
981	236
982	1157
983	202
984	2656
985	204
986	1232
987	170
988	1910
989	225
990	5133
991	153
992	2257
993	164
994	1355
995	214
996	1951
997	184
998	1396
999	208
1000	2387
1001	275
1002	1197
1003	163
1004	1671
1005	179
1006	1151
1007	141
1008	2604
1009	141
1010	1095
1011	130
1012	3116
1013	185
1014	1174
1015	158
1016	1969
1017	150
1018	1054
1019	133
1020	1990
1021	115
1022	1137
1023	373
1024	1984
1025	144
1026	1025
1027	128
1028	1709
1029	149
1030	950
1031	129
1032	2015
1033	131
1034	1946
1035	114
1036	1529
1037	130
1038	1074
1039	161
1040	1869
1041	122
1042	976
1043	124
1044	1510
1045	437
1046	830
1047	127
1048	1592
1049	157
1050	1028
1051	116
1052	1417
1053	128
1054	918
1055	110
1056	7255
1057	137
1058	1002
1059	100
1060	1588
1061	190
1062	966
1063	116
1064	1581
1065	111
1066	1102
1067	277
1068	1458
1069	111
1070	830
1071	165
1072	1495
1073	89
1074	864
1075	98
1076	1484
1077	136
1078	1839
1079	88
1080	3705
1081	107
1082	888
1083	105
1084	1540
1085	202
1086	905
1087	107
1088	1630
1089	289
1090	929
1091	109
1092	1418
1093	130
1094	813
1095	130
1096	1463
1097	114
1098	817
1099	100
1100	2933
1101	129
1102	779
1103	110
1104	1796
1105	125
1106	808
1107	109
1108	1385
1109	126
1110	814
1111	625
1112	1376
1113	95
1114	835
1115	103
1116	1319
1117	109
1118	767
1119	118
1120	1428
1121	86
1122	1468
1123	77
1124	1215
1125	113
1126	734
1127	96
1128	1461
1129	86
1130	789
1131	107
1132	1169
1133	269
1134	767
1135	83
1136	1304
1137	103
1138	724
1139	99
1140	1248
1141	108
1142	647
1143	91
1144	2075
1145	87
1146	756
1147	79
1148	1159
1149	96
1150	708
1151	84
1152	2563
1153	80
1154	656
1155	247
1156	1202
1157	122
1158	708
1159	96
1160	1357
1161	77
1162	755
1163	94
1164	1183
1165	90
1166	1566
1167	77
1168	1148
1169	82
1170	704
1171	85
1172	1107
1173	98
1174	672
1175	83
1176	1477
1177	194
1178	661
1179	96
1180	1084
1181	93
1182	687
1183	74
1184	1146
1185	74
1186	646
1187	74
1188	2195
1189	72
1190	698
1191	103
1192	1175
1193	79
1194	655
1195	96
1196	1026
1197	78
1198	609
1199	193
1200	3216
1201	72
1202	634
1203	81
1204	1148
1205	119
1206	628
1207	82
1208	1222
1209	79
1210	1246
1211	76
1212	1032
1213	81
1214	580
1215	102
1216	1048
1217	69
1218	692
1219	92
1220	1034
1221	259
1222	566
1223	67
1224	1110
1225	72
1226	560
1227	68
1228	933
1229	68
1230	600
1231	72
1232	1646
1233	63
1234	574
1235	41
1236	951
1237	86
1238	604
1239	54
1240	1076
1241	66
1242	566
1243	202
1244	845
1245	76
1246	530
1247	87
1248	1082
1249	55
1250	501
1251	80
1252	745
1253	69
1254	933
1255	75
1256	914
1257	57
1258	521
1259	80
1260	891
1261	74
1262	572
1263	63
1264	941
1265	131
1266	515
1267	73
1268	809
1269	51
1270	491
1271	66
1272	869
1273	55
1274	479
1275	48
1276	1447
1277	66
1278	515
1279	61
1280	2470
1281	70
1282	489
1283	50
1284	965
1285	98
1286	508
1287	176
1288	971
1289	66
1290	543
1291	66
1292	779
1293	65
1294	403
1295	71
1296	1356
1297	69
1298	817
1299	80
1300	856
1301	90
1302	504
1303	51
1304	877
1305	68
1306	536
1307	62
1308	736
1309	135
1310	470
1311	61
1312	794
1313	59
1314	481
1315	60
1316	725
1317	68
1318	444
1319	57
1320	6827
1321	54
1322	514
1323	67
1324	884
1325	160
1326	534
1327	62
1328	1132
1329	71
1330	568
1331	177
1332	856
1333	90
1334	486
1335	87
1336	926
1337	73
1338	491
1339	59
1340	754
1341	66
1342	966
1343	56
1344	993
1345	60
1346	467
1347	58
1348	651
1349	60
1350	493
1351	60
1352	786
1353	114
1354	389
1355	46
1356	664
1357	45
1358	417
1359	66
1360	745
1361	42
1362	413
1363	38
1364	1615
1365	68
1366	393
1367	48
1368	856
1369	71
1370	425
1371	56
1372	676
1373	55
1374	414
1375	330
1376	713
1377	61
1378	338
1379	62
1380	670
1381	54
1382	355
1383	67
1384	603
1385	51
1386	829
1387	47
1388	588
1389	41
1390	401
1391	50
1392	716
1393	44
1394	361
1395	63
1396	534
1397	117
1398	385
1399	52
1400	586
1401	40
1402	345
1403	60
1404	564
1405	56
1406	338
1407	53
1408	1878
1409	44
1410	422
1411	40
1412	533
1413	73
1414	353
1415	44
1416	708
1417	42
1418	350
1419	144
1420	519
1421	45
1422	311
1423	63
1424	560
1425	41
1426	289
1427	44
1428	548
1429	35
1430	810
1431	33
1432	592
1433	34
1434	363
1435	52
1436	494
1437	42
1438	361
1439	47
1440	3569
1441	88
1442	377
1443	48
1444	752
1445	151
1446	374
1447	41
1448	886
1449	89
1450	498
1451	31
1452	1146
1453	80
1454	392
1455	75
1456	806
1457	64
1458	375
1459	42
1460	707
1461	62
1462	353
1463	190
1464	745
1465	66
1466	330
1467	46
1468	539
1469	55
1470	377
1471	53
1472	630
1473	54
1474	597
1475	46
1476	597
1477	44
1478	361
1479	49
1480	662
1481	42
1482	367
1483	37
1484	549
1485	342
1486	338
1487	54
1488	673
1489	52
1490	351
1491	49
1492	514
1493	75
1494	319
1495	46
1496	1108
1497	39
1498	340
1499	45
1500	620
1501	54
1502	353
1503	51
1504	556
1505	51
1506	339
1507	114
1508	494
1509	58
1510	294
1511	47
1512	666
1513	43
1514	311
1515	43
1516	469
1517	43
1518	616
1519	32
1520	574
1521	34
1522	303
1523	52
1524	495
1525	41
1526	299
1527	38
1528	510
1529	115
1530	314
1531	40
1532	424
1533	43
1534	273
1535	39
1536	677
1537	36
1538	281
1539	39
1540	895
1541	38
1542	288
1543	26
1544	516
1545	46
1546	277
1547	30
1548	454
1549	41
1550	293
1551	132
1552	467
1553	38
1554	300
1555	36
1556	422
1557	50
1558	241
1559	40
1560	527
1561	45
1562	458
1563	36
1564	418
1565	33
1566	276
1567	23
1568	441
1569	31
1570	261
1571	24
1572	459
1573	110
1574	230
1575	40
1576	442
1577	33
1578	257
1579	26
1580	365
1581	29
1582	229
1583	34
1584	2971
1585	34
1586	280
1587	27
1588	484
1589	62
1590	270
1591	32
1592	473
1593	41
1594	331
1595	81
1596	404
1597	35
1598	236
1599	53
1600	1419
1601	26
1602	316
1603	41
1604	542
1605	40
1606	491
1607	22
1608	531
1609	38
1610	300
1611	27
1612	371
1613	31
1614	258
1615	30
1616	457
1617	74
1618	230
1619	22
1620	564
1621	44
1622	233
1623	21
1624	415
1625	29
1626	250
1627	37
1628	813
1629	45
1630	257
1631	26
1632	520
1633	26
1634	235
1635	26
1636	394
1637	41
1638	272
1639	238
1640	405
1641	29
1642	202
1643	30
1644	385
1645	21
1646	205
1647	23
1648	404
1649	32
1650	447
1651	12
1652	327
1653	26
1654	240
1655	30
1656	413
1657	18
1658	213
1659	30
1660	368
1661	85
1662	230
1663	27
1664	341
1665	25
1666	206
1667	22
1668	353
1669	20
1670	194
1671	27
1672	664
1673	29
1674	203
1675	23
1676	349
1677	34
1678	210
1679	38
1680	497
1681	18
1682	218
1683	87
1684	331
1685	25
1686	167
1687	33
1688	331
1689	32
1690	217
1691	20
1692	327
1693	25
1694	524
1695	18
1696	309
1697	26
1698	213
1699	25
1700	302
1701	20
1702	182
1703	22
1704	436
1705	61
1706	169
1707	30
1708	273
1709	32
1710	189
1711	26
1712	279
1713	24
1714	175
1715	19
1716	572
1717	32
1718	201
1719	18
1720	339
1721	15
1722	197
1723	21
1724	262
1725	20
1726	161
1727	54
1728	806
1729	18
1730	176
1731	18
1732	321
1733	27
1734	189
1735	20
1736	304
1737	20
1738	331
1739	16
1740	336
1741	23
1742	159
1743	28
1744	323
1745	26
1746	156
1747	21
1748	292
1749	118
1750	171
1751	21
1752	361
1753	27
1754	164
1755	21
1756	278
1757	28
1758	197
1759	26
1760	2666
1761	17
1762	182
1763	26
1764	334
1765	47
1766	160
1767	18
1768	387
1769	19
1770	246
1771	58
1772	291
1773	33
1774	188
1775	42
1776	375
1777	23
1778	180
1779	24
1780	359
1781	26
1782	392
1783	20
1784	339
1785	36
1786	163
1787	22
1788	301
1789	18
1790	188
1791	28
1792	300
1793	66
1794	178
1795	18
1796	235
1797	8
1798	171
1799	21
1800	520
1801	14
1802	171
1803	18
1804	721
1805	20
1806	190
1807	17
1808	303
1809	33
1810	154
1811	16
1812	264
1813	18
1814	147
1815	178
1816	275
1817	17
1818	141
1819	23
1820	290
1821	19
1822	144
1823	24
1824	310
1825	25
1826	256
1827	19
1828	210
1829	10
1830	156
1831	25
1832	264
1833	15
1834	151
1835	28
1836	252
1837	57
1838	132
1839	24
1840	276
1841	14
1842	148
1843	15
1844	230
1845	20
1846	125
1847	14
1848	683
1849	25
1850	154
1851	18
1852	237
1853	30
1854	140
1855	25
1856	250
1857	12
1858	149
1859	78
1860	272
1861	22
1862	132
1863	27
1864	247
1865	20
1866	128
1867	18
1868	243
1869	21
1870	364
1871	19
1872	286
1873	22
1874	124
1875	26
1876	187
1877	17
1878	140
1879	25
1880	246
1881	37
1882	142
1883	14
1884	202
1885	24
1886	131
1887	17
1888	227
1889	23
1890	133
1891	25
1892	328
1893	28
1894	119
1895	16
1896	262
1897	22
1898	129
1899	16
1900	202
1901	13
1902	137
1903	74
1904	227
1905	12
1906	99
1907	19
1908	222
1909	16
1910	120
1911	14
1912	209
1913	23
1914	243
1915	16
1916	206
1917	15
1918	109
1919	10
1920	1553
1921	19
1922	139
1923	10
1924	340
1925	99
1926	136
1927	21
1928	367
1929	21
1930	164
1931	21
1932	224
1933	30
1934	140
1935	23
1936	463
1937	20
1938	157
1939	24
1940	256
1941	33
1942	124
1943	21
1944	332
1945	35
1946	140
1947	37
1948	196
1949	28
1950	133
1951	22
1952	251
1953	19
1954	119
1955	22
1956	218
1957	22
1958	188
1959	16
1960	285
1961	15
1962	126
1963	12
1964	188
1965	11
1966	116
1967	20
1968	305
1969	49
1970	116
1971	19
1972	179
1973	25
1974	134
1975	22
1976	191
1977	17
1978	122
1979	10
1980	1952
1981	13
1982	119
1983	20
1984	277
1985	39
1986	124
1987	15
1988	255
1989	39
1990	161
1991	29
1992	259
1993	18
1994	122
1995	18
1996	256
1997	29
1998	129
1999	15
2000	207
2001	17
2002	237
2003	20
2004	179
2005	21
2006	104
2007	16
2008	183
2009	18
2010	129
2011	12
2012	206
2013	44
2014	100
2015	10
2016	296
2017	6
2018	123
2019	11
2020	160
2021	22
2022	111
2023	17
2024	552
2025	13
2026	109
2027	20
2028	179
2029	28
2030	102
2031	20
2032	173
2033	8
2034	103
2035	94
2036	153
2037	16
2038	87
2039	25
2040	221
2041	17
2042	97
2043	23
2044	147
2045	24
2046	176
2047	14
2048	182
2049	18
2050	103
2051	17
2052	180
2053	16
2054	79
2055	13
2056	178
2057	34
2058	100
2059	17
2060	160
2061	12
2062	105
2063	18
2064	173
2065	15
2066	86
2067	17
2068	411
2069	21
2070	95
2071	7
2072	195
2073	17
2074	101
2075	15
2076	153
2077	11
2078	84
2079	68
2080	165
2081	18
2082	96
2083	15
2084	142
2085	16
2086	79
2087	10
2088	157
2089	13
2090	246
2091	11
2092	143
2093	17
2094	71
2095	21
2096	160
2097	11
2098	82
2099	11
2100	140
2101	32
2102	81
2103	13
2104	141
2105	18
2106	78
2107	12
2108	126
2109	14
2110	68
2111	7
2112	1138
2113	11
2114	84
2115	12
2116	134
2117	28
2118	81
2119	17
2120	161
2121	13
2122	115
2123	50
2124	144
2125	12
2126	64
2127	17
2128	135
2129	9
2130	71
2131	8
2132	145
2133	11
2134	182
2135	13
2136	147
2137	12
2138	76
2139	11
2140	143
2141	16
2142	94
2143	8
2144	138
2145	34
2146	72
2147	8
2148	112
2149	13
2150	87
2151	13
2152	126
2153	6
2154	75
2155	5
2156	314
2157	11
2158	50
2159	15
2160	659
2161	19
2162	94
2163	16
2164	164
2165	26
2166	75
2167	95
2168	196
2169	16
2170	107
2171	15
2172	145
2173	16
2174	72
2175	15
2176	167
2177	12
2178	168
2179	15
2180	127
2181	16
2182	92
2183	18
2184	183
2185	21
2186	94
2187	13
2188	122
2189	35
2190	84
2191	13
2192	150
2193	10
2194	88
2195	9
2196	131
2197	14
2198	67
2199	9
2200	755
2201	15
2202	76
2203	8
2204	152
2205	24
2206	85
2207	11
2208	192
2209	10
2210	90
2211	38
2212	126
2213	13
2214	72
2215	19
2216	110
2217	12
2218	68
2219	12
2220	158
2221	7
2222	215
2223	19
2224	111
2225	12
2226	89
2227	15
2228	107
2229	13
2230	86
2231	9
2232	162
2233	33
2234	60
2235	6
2236	108
2237	6
2238	78
2239	12
2240	122
2241	8
2242	71
2243	7
2244	283
2245	11
2246	63
2247	12
2248	126
2249	14
2250	63
2251	9
2252	111
2253	10
2254	61
2255	54
2256	154
2257	12
2258	62
2259	11
2260	134
2261	9
2262	72
2263	12
2264	119
2265	12
2266	133
2267	8
2268	125
2269	8
2270	78
2271	6
2272	119
2273	16
2274	48
2275	11
2276	104
2277	53
2278	66
2279	13
2280	139
2281	6
2282	46
2283	11
2284	95
2285	8
2286	53
2287	5
2288	200
2289	8
2290	63
2291	4
2292	106
2293	10
2294	61
2295	6
2296	136
2297	9
2298	70
2299	32
2300	92
2301	9
2302	57
2303	3
2304	232
2305	7
2306	67
2307	15
2308	113
2309	11
2310	122
2311	8
2312	109
2313	10
2314	84
2315	11
2316	100
2317	7
2318	63
2319	13
2320	109
2321	25
2322	59
2323	14
2324	99
2325	9
2326	57
2327	10
2328	113
2329	12
2330	56
2331	15
2332	212
2333	10
2334	64
2335	7
2336	107
2337	11
2338	60
2339	4
2340	107
2341	6
2342	65
2343	24
2344	78
2345	4
2346	72
2347	8
2348	114
2349	8
2350	56
2351	7
2352	127
2353	7
2354	109
2355	5
2356	100
2357	11
2358	65
2359	5
2360	113
2361	6
2362	75
2363	7
2364	116
2365	27
2366	54
2367	8
2368	109
2369	9
2370	67
2371	8
2372	83
2373	13
2374	61
2375	9
2376	482
2377	9
2378	48
2379	3
2380	101
2381	16
2382	60
2383	5
2384	112
2385	11
2386	62
2387	16
2388	77
2389	5
2390	46
2391	12
2392	83
2393	5
2394	58
2395	4
2396	104
2397	6
2398	97
2399	12
2400	621
2401	3
2402	81
2403	7
2404	124
2405	16
2406	63
2407	7
2408	114
2409	17
2410	55
2411	7
2412	90
2413	5
2414	53
2415	10
2416	119
2417	12
2418	61
2419	8
2420	183
2421	8
2422	63
2423	11
2424	144
2425	12
2426	52
2427	10
2428	88
2429	3
2430	70
2431	48
2432	87
2433	6
2434	52
2435	7
2436	83
2437	6
2438	56
2439	5
2440	89
2441	6
2442	108
2443	6
2444	85
2445	8
2446	65
2447	8
2448	103
2449	5
2450	46
2451	14
2452	82
2453	13
2454	53
2455	12
2456	94
2457	7
2458	48
2459	7
2460	99
2461	11
2462	56
2463	13
2464	152
2465	9
2466	45
2467	7
2468	74
2469	11
2470	48
2471	4
2472	100
2473	13
2474	51
2475	25
2476	77
2477	4
2478	48
2479	8
2480	79
2481	5
2482	24
2483	6
2484	69
2485	8
2486	110
2487	6
2488	57
2489	7
2490	47
2491	3
2492	58
2493	7
2494	42
2495	5
2496	80
2497	15
2498	45
2499	11
2500	77
2501	9
2502	48
2503	5
2504	60
2505	6
2506	50
2507	6
2508	160
2509	6
2510	43
2511	3
2512	71
2513	9
2514	43
2515	11
2516	61
2517	3
2518	37
2519	19
2520	95
2521	4
2522	43
2523	8
2524	79
2525	7
2526	48
2527	8
2528	74
2529	6
2530	70
2531	8
2532	75
2533	9
2534	39
2535	7
2536	71
2537	3
2538	50
2539	7
2540	69
2541	18
2542	34
2543	4
2544	81
2545	6
2546	41
2547	3
2548	63
2549	8
2550	42
2551	9
2552	128
2553	9
2554	43
2555	2
2556	69
2557	5
2558	34
2559	7
2560	158
2561	7
2562	64
2563	24
2564	72
2565	9
2566	26
2567	6
2568	84
2569	5
2570	41
2571	7
2572	70
2573	12
2574	79
2575	5
2576	70
2577	7
2578	43
2579	2
2580	95
2581	12
2582	38
2583	6
2584	74
2585	5
2586	45
2587	2
2588	58
2589	9
2590	32
2591	3
2592	137
2593	6
2594	38
2595	5
2596	92
2597	5
2598	41
2599	5
2600	63
2601	5
2602	42
2603	6
2604	59
2605	6
2606	39
2607	18
2608	88
2609	3
2610	36
2611	4
2612	86
2613	3
2614	34
2615	7
2616	87
2617	2
2618	55
2619	7
2620	69
2621	3
2622	33
2623	6
2624	62
2625	3
2626	35
2627	10
2628	72
2629	14
2630	29
2631	2
2632	73
2633	5
2634	25
2635	3
2636	51
2637	5
2638	27
2639	3
2640	1809
2641	3
2642	45
2644	108
2645	28
2646	53
2647	4
2648	136
2649	9
2650	98
2651	11
2652	94
2653	10
2654	45
2655	22
2656	97
2657	7
2658	47
2659	10
2660	104
2661	9
2662	152
2663	7
2664	99
2665	13
2666	44
2667	10
2668	55
2669	12
2670	45
2671	3
2672	66
2673	13
2674	38
2675	5
2676	65
2677	5
2678	43
2679	3
2680	69
2681	2
2682	41
2683	3
2684	270
2685	13
2686	36
2687	3
2688	113
2689	8
2690	27
2691	3
2692	54
2693	8
2694	29
2695	87
2696	57
2697	3
2698	28
2699	5
2700	73
2701	11
2702	27
2703	9
2704	83
2705	11
2706	68
2707	8
2708	52
2709	4
2710	38
2711	6
2712	81
2713	6
2714	30
2715	4
2716	49
2717	17
2718	37
2719	3
2720	58
2721	6
2722	35
2723	3
2724	55
2725	5
2726	28
2727	4
2728	218
2729	5
2730	37
2731	3
2732	61
2733	7
2734	21
2735	4
2736	84
2737	2
2738	31
2739	24
2740	47
2741	9
2742	31
2743	7
2744	55
2745	1
2746	33
2747	3
2748	58
2749	8
2750	165
2751	9
2752	45
2753	7
2754	39
2755	5
2756	49
2757	3
2758	35
2759	5
2760	59
2761	11
2762	27
2763	13
2764	54
2765	5
2766	30
2767	3
2768	47
2769	4
2770	33
2771	1
2772	139
2773	4
2774	41
2775	5
2776	66
2777	7
2778	23
2779	5
2780	54
2781	3
2782	24
2783	21
2784	70
2785	4
2786	26
2787	6
2788	50
2789	3
2790	26
2791	5
2792	46
2793	4
2794	64
2795	2
2796	41
2797	4
2798	29
2799	2
2800	58
2801	2
2802	29
2803	5
2804	59
2805	36
2806	32
2807	4
2808	67
2809	6
2810	28
2811	3
2812	49
2813	7
2814	37
2815	4
2816	177
2817	4
2818	22
2819	3
2820	45
2821	8
2822	26
2823	3
2824	54
2825	6
2826	27
2827	27
2828	45
2829	3
2830	32
2831	3
2832	57
2833	2
2834	33
2835	5
2836	52
2837	6
2838	57
2839	2
2840	47
2841	4
2842	28
2843	3
2844	54
2845	4
2846	32
2847	3
2848	45
2849	8
2850	21
2851	4
2852	38
2853	6
2854	15
2855	3
2856	48
2857	4
2858	30
2859	4
2860	161
2861	7
2862	21
2863	2
2864	60
2865	8
2866	23
2867	7
2868	54
2869	5
2870	26
2871	22
2872	41
2873	2
2874	22
2875	7
2876	37
2877	6
2878	20
2879	6
2880	493
2881	3
2882	58
2883	3
2884	58
2885	16
2886	33
2887	1
2888	94
2889	7
2890	62
2891	5
2892	66
2893	15
2894	39
2895	6
2896	94
2897	5
2898	37
2899	7
2900	64
2901	7
2902	27
2903	8
2904	173
2905	15
2906	25
2907	3
2908	57
2909	11
2910	34
2911	8
2912	56
2913	3
2914	28
2915	24
2916	61
2917	3
2918	35
2919	5
2920	64
2921	4
2922	28
2923	9
2924	61
2925	6
2926	64
2927	4
2928	75
2929	2
2930	28
2931	4
2932	45
2933	9
2934	28
2935	6
2936	54
2937	5
2938	23
2939	6
2940	65
2941	6
2942	22
2943	4
2944	40
2945	4
2946	35
2947	3
2948	73
2949	2
2950	22
2951	6
2952	57
2953	4
2954	31
2955	4
2956	38
2957	6
2958	19
2959	16
2960	44
2961	8
2962	34
2963	4
2964	46
2965	4
2966	8
2967	2
2968	51
2969	6
2970	245
2971	5
2972	42
2973	4
2974	27
2975	6
2976	54
2977	5
2978	35
2979	3
2980	45
2981	12
2982	22
2983	4
2984	39
2985	4
2986	25
2987	3
2988	58
2989	4
2990	36
2991	4
2992	90
2993	2
2994	29
2995	2
2996	42
2997	4
2998	21
2999	2
3000	64
3001	3
3002	19
3003	8
3004	36
3005	2
3006	15
3007	5
3008	44
3009	2
3010	20
3011	2
3012	50
3013	6
3014	69
3015	4
3016	37
3017	5
3018	18
3019	6
3020	32
3021	3
3022	30
3023	7
3024	57
3025	13
3026	23
3027	2
3028	26
3029	5
3030	25
3031	1
3032	38
3033	3
3034	28
3035	5
3036	68
3038	25
3039	2
3040	31
3041	3
3042	25
3043	5
3044	32
3045	2
3046	22
3047	6
3048	43
3050	11
3051	4
3052	34
3054	23
3055	4
3056	39
3057	3
3058	62
3059	2
3060	35
3061	3
3062	14
3063	3
3064	40
3065	4
3066	29
3068	35
3069	8
3070	25
3071	6
3072	47
3073	5
3074	26
3075	4
3076	37
3077	5
3078	19
3079	2
3080	102
3081	3
3082	16
3083	1
3084	33
3085	4
3086	18
3087	2
3088	35
3090	17
3091	11
3092	25
3093	4
3094	15
3095	2
3096	57
3097	2
3098	17
3099	6
3100	37
3101	4
3102	53
3103	1
3104	39
3105	1
3106	17
3107	4
3108	38
3109	2
3110	18
3111	6
3112	43
3113	6
3114	17
3115	4
3116	33
3117	3
3118	17
3119	5
3120	42
3121	2
3122	27
3123	4
3124	57
3125	3
3126	12
3127	2
3128	37
3129	4
3130	18
3131	1
3132	44
3133	3
3134	13
3135	19
3136	29
3138	20
3139	5
3140	33
3142	18
3143	3
3144	39
3145	3
3146	46
3147	1
3148	37
3149	1
3150	18
3152	30
3153	3
3154	14
3155	5
3156	36
3157	10
3158	15
3159	2
3160	33
3161	3
3162	19
3163	2
3164	35
3165	1
3166	20
3167	3
3168	555
3169	3
3170	26
3171	1
3172	36
3173	9
3174	18
3175	4
3176	30
3177	4
3178	28
3179	13
3180	34
3181	4
3182	18
3183	7
3184	28
3185	2
3186	15
3188	41
3189	2
3190	59
3191	1
3192	45
3193	8
3194	17
3195	2
3196	28
3197	2
3198	26
3199	3
3200	126
3201	8
3202	15
3203	4
3204	40
3205	6
3206	11
3208	46
3209	1
3210	23
3211	4
3212	64
3213	3
3214	13
3215	1
3216	45
3217	2
3218	23
3219	3
3220	36
3221	1
3222	22
3223	52
3224	16
3225	1
3226	11
3227	4
3228	35
3229	2
3230	17
3231	3
3232	48
3233	1
3234	41
3235	4
3236	25
3237	1
3238	16
3239	3
3240	66
3241	3
3242	20
3243	2
3244	27
3245	14
3246	20
3247	2
3248	37
3249	3
3250	17
3251	2
3252	39
3253	4
3254	17
3255	3
3256	63
3257	6
3258	16
3259	2
3260	16
3261	1
3262	16
3263	3
3264	41
3265	3
3266	15
3267	7
3268	28
3269	1
3270	17
3271	1
3272	28
3273	1
3274	12
3275	5
3276	28
3277	2
3278	75
3279	4
3280	38
3281	3
3282	12
3283	2
3284	20
3285	1
3286	14
3287	3
3288	48
3289	8
3290	16
3291	2
3292	18
3293	4
3294	20
3295	7
3296	30
3297	4
3298	12
3299	1
3300	135
3301	1
3302	10
3303	1
3304	40
3305	2
3306	19
3307	1
3308	27
3309	2
3310	12
3311	4
3312	36
3313	3
3314	6
3315	2
3316	22
3317	2
3318	11
3319	3
3320	33
3321	2
3322	44
3324	28
3325	4
3326	18
3327	3
3328	30
3329	4
3330	16
3331	1
3332	20
3333	15
3334	8
3335	3
3336	46
3337	2
3338	12
3339	5
3340	30
3341	5
3342	17
3343	2
3344	56
3345	1
3346	8
3347	3
3348	31
3349	1
3350	16
3351	2
3352	28
3353	3
3354	15
3355	15
3356	21
3357	2
3358	19
3359	2
3360	46
3361	2
3362	19
3363	4
3364	29
3366	21
3367	2
3368	29
3369	2
3370	13
3372	21
3373	3
3374	8
3375	1
3376	32
3377	8
3378	14
3380	21
3381	1
3382	10
3383	1
3384	24
3386	11
3387	1
3388	83
3389	1
3390	9
3391	2
3392	23
3393	6
3394	13
3395	2
3396	23
3397	1
3398	12
3399	6
3400	28
3401	2
3402	12
3403	2
3404	22
3405	1
3406	19
3407	5
3408	22
3409	3
3410	15
3411	4
3412	27
3413	1
3414	10
3416	24
3417	2
3418	16
3419	1
3420	23
3421	6
3422	13
3423	3
3424	21
3426	20
3427	4
3428	21
3429	2
3430	15
3431	1
3432	50
3433	1
3434	11
3435	4
3436	24
3437	2
3438	13
3439	2
3440	32
3441	2
3442	14
3443	8
3444	19
3445	1
3446	10
3447	1
3448	20
3449	2
3450	15
3452	36
3453	1
3454	17
3455	4
3456	56
3457	2
3458	14
3459	2
3460	25
3461	3
3462	13
3464	30
3465	5
3466	16
3467	1
3468	19
3469	3
3470	14
3471	5
3472	23
3473	5
3474	18
3476	29
3478	6
3480	30
3481	3
3482	12
3483	2
3484	16
3485	2
3486	11
3487	8
3488	27
3489	1
3490	11
3491	1
3492	22
3493	1
3494	11
3495	2
3496	19
3498	35
3499	1
3500	20
3501	1
3502	14
3503	2
3504	35
3505	2
3506	10
3508	17
3509	4
3510	11
3511	4
3512	20
3513	3
3514	11
3515	2
3516	28
3517	1
3518	11
3519	1
3520	579
3521	2
3522	12
3523	3
3524	36
3525	11
3526	9
3527	1
3528	35
3529	1
3530	23
3531	3
3532	19
3533	2
3534	14
3535	9
3536	33
3537	2
3538	6
3539	4
3540	34
3541	2
3542	44
3543	3
3544	20
3545	2
3546	14
3547	5
3548	23
3549	4
3550	17
3551	1
3552	30
3553	5
3554	16
3555	4
3556	17
3557	4
3558	8
3559	1
3560	25
3561	4
3562	11
3563	1
3564	101
3565	1
3566	27
3567	1
3568	34
3569	6
3570	13
3571	1
3572	17
3573	1
3574	15
3575	42
3576	27
3577	1
3578	16
3579	6
3580	20
3581	2
3582	13
3584	34
3585	1
3586	17
3587	2
3588	19
3589	2
3590	10
3591	3
3592	28
3593	2
3594	13
3596	18
3597	12
3598	9
3599	5
3600	89
3601	2
3602	8
3603	2
3604	21
3605	5
3606	15
3607	2
3608	82
3610	20
3611	2
3612	18
3613	5
3614	11
3615	4
3616	20
3617	4
3618	16
3619	15
3620	16
3622	15
3623	3
3624	21
3625	2
3626	14
3627	1
3628	12
3629	2
3630	51
3631	4
3632	18
3634	18
3635	3
3636	17
3637	4
3638	10
3639	4
3640	18
3641	3
3642	12
3643	2
3644	16
3645	3
3646	12
3647	1
3648	25
3649	2
3650	16
3651	4
3652	59
3653	4
3654	11
3655	1
3656	18
3657	1
3658	11
3659	3
3660	14
3661	1
3662	25
3663	12
3664	15
3665	1
3666	8
3667	1
3668	17
3670	13
3671	2
3672	11
3673	1
3674	25
3675	4
3676	11
3677	1
3678	14
3679	1
3680	13
3681	1
3682	15
3683	4
3684	24
3685	13
3686	7
3687	3
3688	20
3689	1
3690	6
3692	13
3694	12
3695	4
3696	65
3698	13
3699	1
3700	16
3701	6
3702	16
3703	1
3704	19
3705	2
3706	13
3707	4
3708	26
3709	1
3710	10
3711	2
3712	11
3714	12
3716	17
3717	1
3718	19
3719	3
3720	17
3721	2
3722	8
3723	1
3724	15
3725	1
3726	10
3728	18
3729	9
3730	9
3731	2
3732	13
3733	1
3734	8
3735	2
3736	10
3737	1
3738	8
3739	3
3740	49
3741	1
3742	7
3743	2
3744	9
3746	6
3747	1
3748	9
3749	2
3750	7
3751	4
3752	17
3753	1
3754	15
3755	3
3756	13
3758	7
3759	1
3760	17
3761	2
3762	12
3763	2
3764	13
3765	3
3766	10
3767	2
3768	21
3769	1
3770	12
3771	1
3772	12
3773	5
3774	13
3775	1
3776	16
3778	7
3779	2
3780	22
3781	2
3782	8
3783	2
3784	36
3785	4
3786	10
3788	15
3789	2
3790	8
3791	1
3792	19
3793	4
3794	7
3795	7
3796	11
3797	4
3798	8
3800	8
3802	8
3803	1
3804	14
3806	21
3807	3
3808	13
3809	3
3810	13
3811	1
3812	16
3813	1
3814	6
3815	2
3816	20
3817	2
3818	14
3819	3
3820	13
3821	1
3822	7
3823	2
3824	11
3825	3
3826	11
3827	2
3828	31
3829	1
3830	9
3831	1
3832	20
3833	3
3834	9
3835	1
3836	13
3837	1
3838	8
3839	2
3840	112
3841	1
3842	10
3843	2
3844	14
3845	1
3846	10
3848	24
3849	1
3850	36
3852	11
3853	3
3854	14
3855	1
3856	19
3858	6
3859	1
3860	15
3861	6
3862	16
3863	2
3864	23
3865	1
3866	9
3868	17
3869	1
3870	12
3871	1
3872	38
3873	3
3874	12
3875	3
3876	17
3877	2
3878	7
3880	18
3882	7
3883	5
3884	6
3885	1
3886	6
3887	1
3888	26
3889	1
3890	12
3891	1
3892	18
3893	1
3894	17
3895	3
3896	12
3897	2
3898	11
3899	3
3900	13
3901	1
3902	7
3903	2
3904	20
3905	7
3906	5
3908	9
3909	2
3910	9
3912	19
3913	2
3914	5
3915	2
3916	21
3917	3
3918	5
3919	3
3920	11
3921	1
3922	8
3924	17
3926	6
3927	5
3928	13
3929	1
3930	9
3932	11
3933	1
3934	7
3936	21
3937	1
3938	10
3939	2
3940	14
3941	1
3942	7
3943	3
3944	15
3945	1
3946	5
3947	2
3948	13
3949	2
3950	4
3952	11
3953	1
3954	6
3956	11
3957	2
3958	6
3959	1
3960	522
3962	12
3963	1
3964	18
3965	13
3966	9
3967	1
3968	43
3969	5
3970	19
3971	3
3972	24
3973	6
3974	9
3975	2
3976	28
3977	3
3978	9
3980	18
3981	2
3982	24
3983	1
3984	18
3985	2
3986	5
3987	2
3988	13
3989	2
3990	5
3991	3
3992	11
3993	4
3994	10
3995	3
3996	17
3997	1
3998	8
4000	11
4001	1
4002	5
4003	1
4004	75
4006	10
4007	2
4008	25
4009	1
4010	8
4011	1
4012	18
4013	1
4014	11
4015	18
4016	11
4017	2
4018	5
4019	1
4020	5
4021	1
4022	6
4023	3
4024	16
4025	2
4026	13
4028	9
4030	3
4031	2
4032	24
4034	4
4035	1
4036	13
4037	5
4038	8
4039	1
4040	12
4041	2
4042	3
4043	1
4044	11
4045	2
4046	2
4047	1
4048	63
4049	1
4050	7
4052	10
4053	6
4054	3
4055	3
4056	11
4057	2
4058	11
4059	6
4060	12
4061	1
4062	10
4063	1
4064	19
4065	1
4066	3
4067	1
4068	13
4069	1
4070	41
4072	15
4074	6
4075	3
4076	12
4078	10
4079	1
4080	13
4081	3
4082	7
4083	1
4084	9
4086	8
4088	8
4090	5
4091	2
4092	31
4093	2
4094	6
4096	10
4097	1
4098	6
4100	13
4101	1
4102	3
4103	6
4104	14
4105	1
4106	6
4107	4
4108	11
4109	3
4110	5
4111	1
4112	6
4113	1
4114	14
4116	5
4117	1
4118	1
4119	2
4120	14
4122	10
4124	7
4125	9
4126	7
4128	10
4130	4
4131	1
4132	10
4133	1
4134	6
4136	29
4137	1
4138	10
4139	1
4140	10
4141	3
4142	8
4143	1
4144	10
4146	7
4147	10
4148	6
4149	2
4150	4
4151	2
4152	11
4153	1
4154	7
4155	1
4156	8
4158	25
4159	1
4160	9
4162	10
4163	3
4164	5
4165	3
4166	7
4167	2
4168	7
4169	3
4170	9
4172	5
4173	3
4174	4
4175	1
4176	13
4177	1
4178	3
4180	43
4181	1
4182	6
4183	1
4184	4
4186	2
4187	1
4188	6
4190	4
4191	5
4192	6
4193	1
4194	6
4195	2
4196	6
4197	1
4198	2
4200	16
4201	1
4202	12
4203	1
4204	4
4206	9
4207	1
4208	19
4209	2
4210	8
4211	1
4212	8
4213	6
4214	3
4215	1
4216	7
4217	1
4218	5
4219	1
4220	9
4221	1
4222	8
4223	1
4224	132
4226	4
4228	6
4229	4
4230	3
4232	6
4233	2
4234	5
4235	3
4236	8
4238	6
4240	9
4242	6
4243	1
4244	10
4246	12
4248	13
4250	7
4251	1
4252	14
4254	6
4255	1
4256	11
4257	2
4258	6
4259	1
4260	10
4261	2
4262	2
4264	6
4266	1
4268	25
4270	7
4272	6
4274	4
4276	5
4277	2
4278	2
4279	9
4280	10
4282	5
4283	1
4284	10
4285	2
4286	2
4287	2
4288	9
4290	17
4292	10
4294	3
4295	2
4296	8
4298	7
4300	8
4301	4
4302	3
4303	1
4304	8
4305	2
4306	6
4308	5
4310	2
4312	18
4313	1
4314	4
4316	13
4317	2
4318	2
4319	1
4320	73
4322	9
4323	2
4324	10
4325	3
4326	14
4327	3
4328	16
4330	6
4332	7
4334	21
4336	21
4337	1
4338	7
4339	1
4340	4
4341	2
4342	7
4343	1
4344	15
4345	1
4346	7
4348	6
4349	1
4350	5
4352	10
4354	6
4355	1
4356	21
4357	1
4358	10
4359	2
4360	9
4362	4
4363	1
4364	8
4366	3
4367	2
4368	15
4369	1
4370	3
4371	1
4372	5
4373	1
4374	4
4375	1
4376	7
4378	9
4379	1
4380	10
4382	4
4383	3
4384	12
4386	7
4388	11
4389	2
4390	8
4391	2
4392	10
4394	8
4396	5
4398	4
4400	232
4401	1
4402	7
4404	14
4405	2
4406	7
4408	16
4410	8
4411	6
4412	6
4414	6
4415	1
4416	24
4417	1
4418	8
4419	1
4420	16
4422	20
4423	4
4424	10
4426	6
4428	9
4430	5
4431	1
4432	7
4433	4
4434	3
4436	11
4438	1
4439	1
4440	12
4441	3
4442	7
4443	3
4444	30
4445	2
4446	4
4448	7
4449	1
4450	3
4451	1
4452	6
4453	1
4454	4
4455	14
4456	9
4457	1
4458	8
4459	3
4460	8
4461	2
4462	1
4464	8
4465	4
4466	10
4467	1
4468	6
4470	4
4471	1
4472	3
4474	5
4475	2
4476	6
4477	2
4478	2
4479	3
4480	7
4482	5
4483	1
4484	4
4485	1
4486	5
4488	42
4489	2
4490	1
4491	1
4492	4
4494	3
4496	13
4497	1
4498	4
4499	3
4500	10
4501	1
4502	5
4504	6
4506	4
4507	1
4508	7
4509	1
4510	17
4511	2
4512	8
4514	9
4515	1
4516	13
4518	4
4519	1
4520	6
4521	2
4522	3
4523	2
4524	1
4526	8
4528	10
4530	5
4531	2
4532	13
4533	1
4534	6
4535	1
4536	3
4537	1
4538	3
4539	1
4540	5
4542	6
4543	8
4544	5
4545	1
4546	7
4547	1
4548	8
4549	2
4550	6
4552	11
4553	1
4554	14
4555	1
4556	4
4557	2
4558	4
4559	1
4560	4
4562	4
4563	1
4564	8
4565	5
4566	5
4568	10
4570	2
4572	3
4573	1
4574	4
4575	2
4576	15
4578	6
4579	1
4580	5
4581	1
4582	4
4584	8
4585	1
4586	4
4587	2
4588	8
4589	1
4590	5
4591	1
4592	5
4594	3
4595	1
4596	7
4598	9
4600	7
4602	4
4603	3
4604	1
4606	2
4607	1
4608	11
4609	2
4610	4
4612	4
4613	1
4614	5
4616	5
4618	6
4620	17
4622	11
4623	1
4624	3
4626	2
4628	5
4629	1
4630	3
4631	2
4632	10
4633	1
4634	3
4636	8
4637	1
4638	2
4639	1
4640	7
4642	4
4644	4
4646	2
4648	4
4649	1
4650	4
4652	5
4653	3
4654	2
4656	6
4657	1
4658	2
4660	4
4661	1
4662	4
4663	1
4664	22
4666	2
4668	11
4669	1
4670	6
4672	7
4673	1
4674	5
4675	2
4676	6
4677	1
4678	3
4679	1
4680	6
4681	1
4682	4
4683	1
4684	6
4686	4
4687	1
4688	4
4690	3
4691	1
4692	5
4694	5
4696	4
4697	3
4698	2
4699	1
4700	4
4702	1
4703	1
4704	4
4706	2
4708	20
4710	4
4712	3
4714	2
4715	1
4716	9
4717	1
4718	6
4719	2
4720	8
4722	3
4724	5
4726	5
4728	5
4730	8
4732	5
4733	1
4734	1
4736	9
4737	1
4738	7
4740	1
4744	4
4746	1
4748	5
4749	2
4750	3
4751	2
4752	120
4754	3
4756	6
4757	1
4758	3
4760	8
4762	6
4763	5
4764	6
4765	1
4766	3
4767	3
4768	2
4770	3
4771	1
4772	11
4774	5
4775	2
4776	11
4777	2
4778	7
4780	7
4782	4
4784	7
4785	1
4786	4
4788	4
4789	1
4790	3
4792	6
4796	9
4798	4
4800	93
4802	2
4803	1
4804	7
4805	1
4806	6
4807	13
4808	10
4810	2
4812	6
4814	3
4816	10
4817	1
4818	8
4820	7
4822	1
4824	10
4825	1
4826	5
4828	6
4830	2
4832	3
4834	2
4836	7
4837	1
4838	2
4840	20
4841	1
4842	5
4844	5
4845	1
4846	2
4847	1
4848	11
4850	5
4851	4
4852	7
4853	1
4854	1
4855	1
4856	2
4857	1
4858	2
4860	8
4861	1
4862	12
4864	5
4865	1
4866	3
4868	6
4871	1
4872	11
4873	2
4874	5
4875	2
4876	3
4877	1
4878	4
4879	1
4880	8
4882	3
4884	13
4886	5
4888	10
4889	1
4890	2
4892	5
4894	4
4895	7
4896	11
4898	3
4900	4
4902	2
4904	4
4906	1
4907	1
4908	7
4910	1
4912	5
4914	2
4916	1
4917	1
4918	3
4920	9
4921	1
4922	3
4923	1
4924	6
4928	10
4930	3
4932	7
4933	1
4934	1
4936	2
4938	4
4940	3
4943	1
4944	8
4948	3
4950	13
4951	1
4952	4
4954	2
4956	2
4958	4
4960	2
4962	2
4963	1
4964	2
4965	1
4966	5
4968	7
4970	3
4971	1
4972	15
4974	2
4976	3
4977	1
4978	1
4980	4
4984	4
4988	2
4989	1
4990	3
4991	1
4992	3
4994	5
4995	1
4996	5
4998	4
4999	1
5000	7
5002	1
5004	5
5006	1
5008	5
5010	1
5012	2
5014	2
5015	2
5016	11
5018	3
5019	1
5020	4
5022	1
5024	2
5026	1
5027	1
5028	7
5030	1
5031	1
5032	8
5034	1
5036	3
5037	1
5038	1
5040	11
5044	2
5045	1
5046	2
5049	1
5050	3
5052	4
5053	1
5054	2
5056	2
5058	3
5060	11
5062	4
5064	4
5066	2
5068	2
5070	5
5071	2
5072	3
5075	1
5076	2
5078	2
5080	7
5082	6
5084	2
5086	3
5088	6
5090	3
5092	6
5093	1
5096	3
5099	2
5100	7
5102	2
5104	16
5105	1
5108	2
5109	1
5110	2
5112	5
5114	2
5115	6
5116	4
5120	4
5122	4
5124	7
5126	7
5128	4
5129	1
5130	1
5132	2
5134	6
5136	2
5138	1
5139	1
5140	5
5141	1
5142	1
5144	3
5145	3
5146	1
5148	5
5150	2
5152	5
5153	1
5154	3
5156	5
5160	4
5162	1
5164	1
5166	2
5167	1
5168	3
5170	1
5172	2
5174	1
5176	5
5178	2
5179	1
5180	3
5181	2
5184	9
5185	1
5188	6
5192	14
5194	1
5196	3
5197	1
5198	8
5200	2
5202	1
5203	2
5204	7
5206	2
5207	1
5208	3
5209	1
5212	1
5213	1
5215	1
5216	5
5220	1
5222	3
5224	4
5226	2
5228	1
5230	1
5232	5
5235	1
5236	5
5237	2
5240	5
5242	1
5243	2
5244	7
5245	2
5246	3
5247	1
5248	3
5250	1
5252	3
5254	1
5256	5
5258	5
5260	7
5261	1
5262	2
5263	2
5264	3
5266	1
5268	4
5270	1
5272	3
5276	3
5278	4
5280	421
5282	1
5284	15
5285	5
5288	15
5289	1
5290	12
5291	1
5292	6
5293	2
5294	4
5295	4
5296	11
5297	2
5298	5
5300	13
5301	2
5302	30
5303	1
5304	13
5305	1
5306	5
5307	1
5308	4
5309	1
5310	7
5312	11
5314	2
5316	4
5318	3
5320	9
5321	2
5322	4
5323	2
5324	54
5325	2
5326	2
5328	10
5329	1
5330	1
5331	1
5332	3
5333	1
5334	3
5335	21
5336	2
5338	3
5339	1
5340	4
5341	1
5342	1
5344	5
5346	6
5348	4
5350	5
5352	7
5353	1
5356	1
5357	2
5358	4
5359	1
5360	1
5361	1
5362	1
5364	6
5366	1
5367	1
5368	36
5369	1
5372	3
5373	2
5376	6
5378	4
5379	2
5380	1
5381	1
5382	2
5383	2
5384	4
5385	1
5386	3
5388	3
5389	1
5390	22
5392	5
5394	5
5396	5
5398	2
5400	11
5402	1
5404	1
5406	5
5408	5
5410	2
5411	1
5412	18
5414	6
5415	1
5416	1
5417	1
5418	1
5419	1
5420	6
5421	1
5422	2
5423	2
5424	5
5425	1
5426	2
5428	3
5430	2
5431	2
5432	5
5433	1
5434	11
5435	1
5436	3
5438	3
5439	1
5440	4
5442	3
5444	3
5445	2
5446	1
5448	6
5449	2
5450	3
5451	2
5452	2
5454	3
5455	1
5456	14
5457	1
5458	2
5460	3
5461	1
5462	1
5464	5
5466	2
5467	3
5468	5
5470	5
5472	7
5474	2
5476	2
5477	1
5478	5
5479	2
5480	7
5484	5
5486	2
5488	2
5489	1
5490	3
5492	1
5493	1
5494	3
5496	2
5498	1
5500	25
5502	1
5504	4
5506	1
5508	4
5510	5
5511	2
5512	1
5515	1
5516	5
5518	2
5519	1
5522	9
5524	5
5525	1
5526	5
5527	1
5528	2
5530	2
5534	1
5535	1
5536	4
5537	2
5538	2
5541	1
5542	1
5544	14
5547	1
5550	1
5552	5
5555	3
5556	3
5558	1
5559	1
5560	4
5562	3
5564	2
5566	2
5568	3
5570	1
5572	1
5574	3
5575	1
5576	2
5577	3
5578	3
5580	2
5582	2
5584	2
5588	5
5590	1
5592	4
5594	2
5595	1
5596	2
5597	1
5598	2
5599	2
5600	1
5604	1
5608	6
5610	14
5612	2
5614	1
5616	1
5617	1
5618	5
5620	2
5621	2
5622	3
5624	2
5625	1
5626	1
5628	2
5632	11
5633	1
5634	2
5636	1
5638	1
5640	3
5644	2
5646	1
5648	3
5649	1
5650	3
5652	4
5653	2
5654	4
5656	5
5657	1
5660	2
5662	1
5663	1
5664	4
5665	4
5666	1
5668	2
5670	1
5672	2
5674	1
5676	6
5680	3
5681	1
5682	1
5684	3
5686	3
5688	5
5691	1
5694	2
5696	1
5698	5
5699	1
5700	2
5702	1
5704	3
5708	3
5709	2
5714	1
5716	4
5718	1
5719	1
5720	14
5722	1
5724	3
5726	1
5728	2
5730	4
5732	2
5734	1
5736	4
5738	2
5740	1
5742	3
5744	1
5748	4
5750	1
5751	1
5752	3
5753	4
5758	1
5760	52
5762	2
5764	12
5766	4
5768	8
5770	3
5771	1
5772	3
5773	1
5774	1
5775	4
5776	5
5777	1
5778	2
5780	7
5782	1
5784	7
5786	4
5787	1
5788	4
5790	1
5791	1
5792	3
5794	1
5796	3
5797	3
5798	1
5800	3
5802	5
5804	3
5806	2
5808	20
5809	1
5810	2
5812	4
5813	2
5814	4
5816	2
5817	1
5820	2
5822	2
5823	1
5824	4
5825	1
5826	2
5828	1
5830	7
5832	3
5836	1
5838	1
5840	6
5842	3
5844	4
5846	1
5848	7
5850	1
5852	2
5853	2
5856	11
5858	4
5860	1
5861	1
5862	3
5863	1
5864	1
5866	6
5868	1
5869	2
5872	4
5873	1
5874	2
5875	1
5876	1
5877	1
5878	1
5880	4
5884	3
5885	1
5888	6
5890	1
5892	3
5894	2
5896	4
5900	4
5903	2
5904	3
5906	3
5907	1
5908	2
5910	2
5911	1
5914	1
5918	4
5920	3
5921	2
5922	2
5924	3
5928	2
5929	2
5930	1
5932	2
5934	1
5936	2
5940	63
5942	2
5944	5
5945	3
5946	1
5948	6
5949	3
5950	3
5951	1
5952	6
5954	2
5956	6
5960	1
5961	2
5962	7
5964	2
5966	2
5968	4
5969	1
5970	2
5972	2
5974	2
5976	3
5978	1
5979	1
5980	2
5984	15
5986	2
5988	6
5989	3
5990	1
5992	4
5995	2
5996	3
6000	5
6002	3
6004	1
6006	3
6008	1
6010	1
6012	1
6014	1
6016	2
6017	1
6020	2
6021	1
6022	1
6024	5
6025	1
6028	10
6030	2
6032	2
6034	1
6036	2
6038	2
6039	2
6040	2
6042	2
6044	2
6046	4
6048	4
6050	7
6052	3
6056	1
6057	1
6058	2
6060	3
6062	1
6063	1
6064	2
6066	2
6068	2
6072	6
6076	1
6080	4
6083	2
6088	3
6090	2
6092	1
6096	4
6098	1
6100	2
6102	3
6104	2
6106	2
6108	1
6112	3
6114	3
6116	6
6118	2
6120	4
6121	1
6122	1
6124	1
6127	1
6128	3
6130	2
6132	2
6134	2
6136	4
6138	4
6140	2
6142	1
6143	1
6144	5
6145	1
6148	3
6150	1
6152	1
6153	1
6156	2
6157	1
6158	1
6159	1
6160	5
6161	1
6162	1
6163	1
6165	1
6168	2
6172	3
6176	3
6178	1
6180	1
6184	3
6186	2
6189	1
6190	1
6192	3
6194	1
6196	1
6197	1
6198	2
6200	1
6202	1
6204	8
6205	1
6208	2
6212	3
6215	2
6216	3
6220	1
6224	1
6226	3
6228	2
6230	4
6232	1
6234	2
6237	1
6238	1
6240	1
6248	6
6252	3
6253	1
6254	1
6256	2
6259	2
6260	1
6262	2
6264	2
6266	1
6268	2
6269	1
6270	7
6272	1
6274	1
6276	2
6280	1
6281	1
6284	1
6288	6
6289	1
6290	2
6292	6
6300	2
6302	1
6303	2
6304	1
6312	2
6314	3
6316	1
6321	1
6324	1
6326	2
6328	1
6332	1
6336	52
6337	1
6338	2
6340	2
6341	1
6342	2
6344	1
6346	2
6347	3
6352	3
6356	4
6358	1
6360	2
6364	2
6366	1
6368	1
6370	1
6372	2
6374	2
6376	1
6377	1
6378	1
6380	11
6381	1
6384	3
6390	2
6391	6
6400	9
6402	2
6403	1
6404	2
6405	1
6407	1
6408	3
6409	1
6410	3
6412	2
6413	1
6414	1
6416	2
6418	1
6420	3
6422	1
6424	2
6426	1
6428	2
6430	2
6432	4
6435	1
6436	2
6440	1
6442	1
6445	1
6446	1
6452	1
6455	1
6456	1
6468	5
6470	1
6472	1
6473	1
6476	2
6480	15
6486	1
6488	4
6490	9
6492	1
6494	1
6495	1
6496	1
6498	1
6500	2
6501	1
6502	1
6504	4
6506	2
6507	1
6510	1
6512	2
6516	2
6517	1
6520	1
6522	1
6524	1
6526	1
6528	2
6536	2
6538	1
6540	2
6544	1
6545	1
6550	1
6552	4
6554	2
6556	3
6560	3
6564	1
6567	1
6568	3
6570	1
6571	1
6576	2
6578	3
6582	2
6584	1
6588	2
6589	1
6590	3
6591	1
6596	1
6600	72
6602	1
6603	1
6604	3
6605	1
6606	1
6607	1
6608	1
6610	3
6612	1
6614	3
6616	2
6622	7
6624	2
6625	1
6628	2
6630	1
6632	1
6636	2
6637	1
6638	2
6644	3
6646	1
6648	1
6651	1
6653	1
6654	1
6655	5
6656	2
6658	1
6659	1
6660	4
6663	1
6664	1
6666	1
6668	1
6670	1
6674	1
6675	1
6677	1
6680	1
6684	3
6688	6
6692	2
6696	3
6699	1
6700	1
6702	2
6704	2
6710	3
6712	1
6718	2
6720	4
6724	1
6732	4
6734	1
6738	1
6744	1
6754	1
6756	1
6758	1
6765	1
6766	1
6770	1
6772	1
6773	1
6776	2
6780	1
6782	1
6787	1
6788	3
6798	1
6800	1
6804	2
6810	3
6816	1
6820	7
6821	1
6822	1
6825	1
6836	1
6838	2
6840	1
6841	1
6842	2
6844	2
6847	1
6851	1
6852	3
6854	1
6858	1
6864	11
6868	1
6874	1
6876	3
6878	1
6884	1
6886	1
6888	1
6890	1
6891	1
6896	1
6900	1
6904	1
6908	2
6910	1
6912	5
6914	1
6916	1
6919	1
6920	1
6926	1
6930	2
6932	2
6936	1
6938	1
6940	1
6941	1
6950	1
6952	1
6954	3
6958	1
6962	1
6966	2
6968	1
6969	1
6972	1
6978	1
6980	1
6985	2
6987	1
6992	1
6996	3
7007	3
7008	2
7014	1
7016	1
7018	2
7022	2
7024	1
7028	1
7030	1
7031	1
7032	1
7040	96
7042	1
7047	1
7048	4
7052	3
7056	5
7060	2
7061	1
7062	5
7064	2
7065	1
7066	1
7068	2
7072	1
7074	1
7076	4
7080	3
7082	2
7084	11
7085	1
7086	2
7088	3
7092	3
7093	1
7094	1
7095	2
7096	2
7097	1
7099	2
7105	1
7106	4
7108	2
7110	2
7115	1
7117	2
7120	1
7124	2
7128	18
7132	1
7134	3
7135	1
7136	2
7138	2
7139	1
7140	3
7142	1
7143	2
7148	3
7149	1
7150	5
7152	1
7154	2
7155	1
7156	2
7157	1
7158	1
7160	3
7162	2
7166	2
7168	2
7170	1
7172	2
7176	3
7180	1
7182	3
7183	2
7184	1
7188	2
7200	18
7204	1
7206	2
7208	1
7211	1
7212	3
7216	7
7224	2
7226	2
7231	1
7234	1
7238	4
7242	1
7248	2
7250	1
7252	3
7256	1
7260	2
7262	1
7264	1
7266	1
7272	3
7274	1
7276	1
7282	3
7284	1
7292	1
7300	1
7301	1
7303	1
7304	9
7306	2
7314	3
7316	5
7320	1
7322	2
7324	1
7326	3
7337	1
7344	1
7348	2
7352	3
7353	1
7359	1
7364	2
7368	1
7370	2
7372	1
7381	1
7384	1
7386	1
7390	1
7392	5
7396	1
7400	1
7402	1
7407	1
7408	2
7410	1
7412	3
7414	1
7420	2
7424	4
7425	1
7426	1
7427	1
7428	3
7431	1
7432	1
7434	1
7436	1
7440	2
7448	1
7456	1
7460	3
7464	2
7474	1
7480	3
7481	1
7482	1
7486	1
7488	1
7490	1
7493	1
7494	1
7497	1
7500	2
7502	2
7503	1
7512	1
7517	1
7518	1
7524	1
7528	1
7530	1
7532	3
7538	2
7568	4
7576	1
7586	1
7588	1
7590	1
7600	1
7601	1
7604	3
7614	1
7616	1
7624	2
7645	1
7650	1
7656	2
7676	1
7678	1
7680	7
7684	1
7688	3
7692	1
7696	3
7700	3
7704	1
7705	1
7706	2
7713	2
7722	1
7723	1
7726	1
7734	1
7740	1
7744	2
7745	1
7748	2
7750	1
7752	2
7757	1
7758	1
7760	1
7764	2
7765	1
7772	1
7779	1
7784	1
7788	2
7792	1
7800	1
7804	1
7808	1
7810	1
7812	2
7815	1
7816	1
7828	1
7830	1
7832	1
7840	1
7842	1
7856	3
7860	2
7864	1
7872	2
7880	1
7883	1
7884	1
7896	1
7904	1
7909	1
7910	1
7912	1
7920	130
7922	1
7924	4
7925	1
7929	1
7930	2
7932	2
7933	1
7936	3
7939	2
7940	2
7942	1
7944	1
7948	1
7950	1
7952	2
7958	1
7960	1
7964	15
7968	4
7969	1
7972	1
7975	3
7980	2
7984	2
7986	1
7988	2
7991	1
7992	1
7998	1
7999	1
8002	2
8004	2
8008	12
8010	1
8018	1
8019	1
8020	2
8024	2
8026	1
8028	1
8030	6
8032	1
8042	1
8046	1
8052	6
8063	2
8064	1
8068	1
8072	1
8076	1
8078	1
8082	1
8085	1
8089	1
8094	1
8096	7
8098	1
8102	1
8104	2
8112	1
8116	1
8118	2
8128	4
8130	1
8131	1
8138	1
8140	6
8143	1
8144	3
8148	2
8151	2
8152	2
8156	2
8160	1
8162	1
8166	1
8169	1
8177	1
8180	1
8181	1
8182	1
8184	5
8186	2
8188	2
8194	1
8196	1
8198	1
8200	1
8204	1
8206	2
8214	2
8218	1
8221	1
8224	1
8228	2
8236	1
8240	3
8250	3
8255	1
8256	1
8260	1
8264	1
8268	1
8272	3
8274	1
8276	2
8277	1
8279	1
8288	1
8296	1
8298	2
8300	1
8304	1
8305	1
8306	1
8316	1
8328	1
8336	1
8340	1
8342	1
8346	1
8349	1
8350	1
8360	3
8364	1
8368	1
8371	1
8372	1
8384	1
8394	1
8396	1
8400	2
8402	1
8408	1
8415	1
8416	1
8418	1
8424	1
8436	3
8448	9
8456	1
8464	1
8467	1
8468	2
8470	2
8477	1
8481	1
8484	1
8496	2
8506	1
8518	1
8520	1
8523	1
8525	1
8528	3
8536	3
8538	1
8542	1
8556	1
8566	1
8572	2
8576	1
8580	1
8588	1
8602	1
8619	1
8621	1
8624	4
8640	17
8648	2
8649	1
8650	2
8656	1
8659	1
8663	1
8664	4
8666	1
8668	2
8672	2
8674	1
8679	1
8684	1
8685	1
8688	3
8691	1
8696	1
8698	1
8700	2
8712	1
8713	1
8722	2
8724	1
8728	1
8744	1
8748	1
8752	4
8760	1
8766	1
8768	1
8770	1
8772	1
8782	1
8789	1
8795	1
8796	1
8800	45
8802	1
8804	1
8808	2
8810	1
8812	1
8814	1
8820	3
8822	2
8824	2
8825	1
8828	1
8832	3
8834	1
8843	1
8844	7
8846	1
8848	1
8849	1
8854	1
8855	1
8860	1
8864	1
8882	1
8888	4
8896	1
8904	1
8910	7
8914	4
8922	1
8924	1
8926	1
8932	3
8946	2
8948	2
8950	1
8952	1
8958	1
8965	2
8970	1
8972	2
8974	1
8976	1
8990	2
8998	1
9002	1
9004	1
9006	1
9015	1
9020	2
9022	1
9034	1
9040	1
9042	1
9047	1
9056	1
9065	1
9073	1
9084	1
9090	1
9098	1
9100	1
9108	1
9109	1
9112	1
9127	1
9130	1
9132	1
9135	1
9150	2
9164	1
9168	1
9172	1
9174	1
9180	1
9188	1
9196	1
9206	1
9216	2
9226	1
9240	1
9288	1
9296	1
9300	1
9310	1
9314	1
9336	1
9352	1
9356	1
9372	2
9376	1
9412	1
9416	1
9421	1
9434	1
9436	1
9452	1
9460	1
9474	1
9504	12
9506	1
9515	1
9544	1
9546	1
9548	1
9559	4
9592	1
9600	6
9606	1
9608	2
9612	1
9614	4
9618	1
9620	1
9624	2
9632	1
9642	1
9648	2
9650	2
9654	1
9662	1
9689	1
9696	2
9700	1
9702	1
9705	1
9724	4
9730	1
9736	1
9743	1
9772	1
9779	1
9780	1
9789	1
9790	1
9834	1
9840	1
9844	1
9845	1
9864	1
9886	1
9896	1
9900	4
9938	1
9940	1
9944	1
9948	1
9996	2
10035	1
10048	1
10080	2
10094	1
10108	1
10120	1
10144	1
10148	1
10153	1
10190	1
10197	1
10219	1
10230	1
10242	1
10244	1
10246	1
10310	1
10327	1
10336	1
10368	1
10376	2
10384	1
10395	1
10416	1
10418	1
10445	1
10452	1
10476	1
10504	1
10516	1
10522	1
10560	70
10565	1
10568	3
10570	1
10572	1
10574	2
10576	2
10578	1
10581	1
10582	1
10585	1
10591	1
10592	1
10594	3
10599	2
10600	1
10604	7
10608	2
10609	1
10612	1
10615	1
10618	2
10624	1
10626	1
10632	1
10635	1
10648	6
10652	1
10656	2
10659	2
10660	1
10664	1
10670	5
10672	1
10684	1
10688	1
10692	8
10701	1
10703	1
10710	1
10711	1
10714	1
10722	2
10734	1
10744	1
10746	1
10747	2
10752	1
10758	1
10760	1
10780	4
10790	3
10794	1
10796	1
10801	1
10802	1
10813	1
10814	1
10824	3
10825	1
10835	1
10837	1
10885	1
10888	1
10890	3
10894	1
10902	1
10911	1
10912	2
10922	1
10956	2
10978	1
10992	1
10998	1
11000	2
11004	1
11012	1
11016	1
11022	1
11026	1
11028	1
11038	1
11048	1
11068	1
11100	2
11132	1
11164	1
11220	1
11231	1
11264	1
11352	2
11360	2
11369	1
11408	1
11410	1
11440	1
11462	1
11508	1
11512	1
11520	5
11536	1
11538	1
11544	1
11548	1
11556	1
11568	2
11570	1
11620	1
11656	1
11657	1
11668	1
11693	1
11698	1
11712	1
11754	1
11764	1
11847	1
11878	1
11880	13
11898	1
11902	1
11912	1
11924	7
11928	1
11962	1
11968	6
11970	1
11990	2
12010	1
12054	1
12056	1
12059	1
12074	1
12100	1
12104	2
12109	1
12136	1
12144	1
12154	1
12188	1
12199	1
12222	2
12232	2
12244	1
12276	2
12284	1
12288	1
12320	1
12342	2
12368	1
12375	1
12378	1
12382	1
12384	1
12418	1
12474	1
12549	1
12560	1
12612	1
12640	1
12672	2
12677	1
12680	1
12684	1
12769	1
12782	1
12826	1
12920	1
12960	2
12988	1
13030	1
13068	1
13070	2
13100	1
13122	1
13167	1
13178	1
13200	21
13202	1
13205	1
13206	1
13224	1
13228	1
13238	1
13288	2
13310	2
13332	2
13356	1
13367	1
13384	1
13420	1
13424	1
13434	1
13440	2
13464	1
13466	1
13468	1
13494	1
13586	1
13616	1
13629	1
13634	1
13650	1
13674	1
13860	1
14001	1
14024	1
14030	1
14080	5
14100	1
14112	1
14124	3
14162	1
14180	1
14190	1
14204	1
14212	1
14214	1
14256	4
14282	1
14311	1
14331	1
14400	4
14444	1
14448	1
14504	1
14516	1
14704	1
14734	1
14752	1
14886	1
15015	1
15114	1
15120	1
15196	1
15246	1
15280	1
15360	1
15404	1
15488	1
15567	1
15656	1
15840	30
15848	1
15853	2
15858	1
15860	1
15863	1
15864	1
15870	1
15884	1
15928	1
15936	1
15948	1
15994	1
16005	2
16018	1
16036	1
16082	1
16113	1
16170	1
16224	1
16302	1
16423	1
16656	1
16665	1
16720	1
16775	1
16883	1
16978	1
17010	1
17280	3
17460	1
17584	1
17600	7
17610	1
17640	1
17644	1
18238	1
18320	1
18348	1
18354	1
18388	1
18480	1
18510	1
18708	1
18920	1
18988	1
19200	2
19224	1
19266	1
19312	1
19374	1
19800	5
19813	1
19976	1
21120	8
21122	1
21164	1
21208	1
21228	1
21306	1
21318	1
21327	1
21375	1
21384	1
21487	1
21560	1
21582	1
21600	1
21796	1
22088	1
22154	1
22264	1
22440	1
23436	1
23736	1
23760	2
25919	1
25920	1
26400	4
26404	1
27643	1
28434	1
30012	1
31680	1
31734	1
35640	1
45138	1
47520	1
57604	1
