RTP and Standard Deviation Breakdown
Name	RTP	StDev
Initial	0.217347	22.56
Tumbles	0.291656	40.29
Base Total	0.509003	48.99
Free Spins	0.191963	118.6
Total	0.700967	128.3
----------------------------------------
Iterations	1000000000
Total Pay	3.839e+09
Feature Hits
Feature	Hits	Hit Rate
Base	199946163	5.0013463
Base Win	197826264	5.0549405
FS Tease	31022262	32.234916
Free Spins	2480032	403.2206
FS Trigger 3	2375078	421.0388
FS Trigger 4	102610	9745.6388
FS Trigger 5	2321	430848.77
FS Trigger 6	23	43478261
----------------------------------------
Base Hits
Symbol	1	2	3	4	5	6
WL	0	0	0	0	0	0
R1	0	0	1444875	242399	50312	41045
R2	0	0	4476443	1140042	177827	196406
R3	0	0	4651519	1766789	304025	341805
R4	0	0	44911375	21447118	13006874	3809387
R5	0	0	41378865	22796305	16976437	3629941
R6	0	0	59864696	31037525	24601312	8825498
S1	0	0	68463282	43467473	14551136	10212157
S2	0	0	113768731	60404799	15532046	12454182
S3	0	0	58818148	30867638	18605375	12234150
S4	0	0	81637492	43470317	22163571	13411680
F1	0	0	0	0	0	0
F2	0	0	0	0	0	0
F3	0	0	0	0	0	0
----------------------------------------
Free Hits
Symbol	1	2	3	4	5	6
WL	0	0	0	0	0	0
R1	0	0	22682	3034	402	67
R2	0	0	68764	13793	2481	790
R3	0	0	101591	23298	4987	2018
R4	0	0	209921	64167	17550	9195
R5	0	0	303057	109927	33898	23493
R6	0	0	419913	136864	44563	33227
S1	0	0	6762294	4562181	1790074	1423798
S2	0	0	10440363	5994761	1891750	1686029
S3	0	0	5380628	3372257	2205319	1848967
S4	0	0	7371255	4374544	2362180	1856929
F1	0	0	0	0	0	0
F2	0	0	0	0	0	0
F3	0	0	0	0	0	0
----------------------------------------
Average Free Spins: 	10.21637
----------------------------------------
Average Tumbles Base: 	1.7107342
----------------------------------------
Average Tumbles Free: 	1.9450852
----------------------------------------
Tumble Frequencies Base
Number Tumble	Frequency
2	42314499
3	21560094
1	118516259
4	9778111
6	1413211
5	3486474
7	539992
8	173396
9	35156
11	2597
13	116
10	5729
12	587
14	29
15	14
----------------------------------------
Average Final Multiplier: 	1.1988815
Final Multiplier Frequencies
Multiplier	Frequency
1	899260427
9	330013
2	53258106
5	6770239
4	11468704
3	22467795
7	1783389
6	3657802
8	790719
12	18888
11	51267
10	133376
13	6338
15	594
14	2084
17	41
16	201
18	11
20	1
21	1
19	4
----------------------------------------
Average Final Multiplier Free Spins: 	19.17542
Final Multiplier Frequencies Free Spins
Multiplier	Frequency
19	109908
11	92743
6	45987
22	95191
23	88620
29	49615
33	29315
9	73117
26	68555
17	115382
13	106330
16	117342
14	113111
78	2
10	87481
12	103231
20	105570
8	67210
5	29855
32	33661
21	101098
15	114195
34	25454
25	75489
51	1220
37	15878
18	114270
4	25429
30	44025
3	10691
24	82139
27	62238
31	38484
7	51676
28	55771
41	8107
35	21928
39	11528
57	363
2	8667
49	1699
36	18769
40	9848
38	13583
55	477
45	3891
42	6824
46	3258
43	5633
44	4756
48	2148
50	1491
47	2655
53	776
59	215
54	631
52	956
63	84
56	406
58	251
65	64
62	109
60	157
61	130
66	47
67	33
68	31
69	31
64	96
71	27
77	7
79	5
75	5
70	18
76	7
72	11
84	2
74	8
73	12
86	1
89	1
80	1
81	1
82	1
----------------------------------------
Final Multiplier Frequencies Free Spins (split by initial multiplier)
Init Multiplier: 2
Average Final Multiplier (init 2):	18.766789
Final Mult	Frequency
2	8667
3	10676
4	25393
5	29724
6	45814
7	51361
8	66757
9	72515
10	86654
11	91630
12	101912
13	104786
14	111188
15	112133
16	114865
17	112719
18	111217
19	106789
20	102146
21	97458
22	91583
23	84706
24	78204
25	71466
26	64554
27	58196
28	51789
29	45680
30	40245
31	35065
32	30429
33	26143
34	22325
35	19048
36	16122
37	13382
38	11356
39	9495
40	7965
41	6393
42	5215
43	4324
44	3562
45	2835
46	2255
47	1837
48	1439
49	1067
50	904
51	736
52	563
53	412
54	330
55	227
56	200
57	170
58	105
59	84
60	56
61	50
62	33
63	29
64	20
65	23
66	11
67	10
68	5
69	8
70	2
71	4
72	1
73	3
74	3
75	2
76	1
77	1
78	1
----------------------------------------
Init Multiplier: 3
Average Final Multiplier (init 3):	28.210438
Final Mult	Frequency
3	15
4	36
5	131
6	173
7	315
8	452
9	602
10	824
11	1108
12	1318
13	1542
14	1917
15	2053
16	2459
17	2639
18	3033
19	3103
20	3397
21	3604
22	3575
23	3881
24	3888
25	3973
26	3935
27	3976
28	3916
29	3862
30	3704
31	3335
32	3161
33	3097
34	3054
35	2807
36	2563
37	2413
38	2148
39	1964
40	1806
41	1647
42	1535
43	1251
44	1137
45	988
46	940
47	780
48	660
49	588
50	536
51	436
52	361
53	337
54	275
55	225
56	186
57	170
58	129
59	115
60	86
61	69
62	65
63	44
64	72
65	36
66	34
67	20
68	21
69	19
70	13
71	19
72	6
73	8
74	5
75	1
76	4
77	5
78	1
79	3
81	1
82	1
86	1
89	1
----------------------------------------
Init Multiplier: 4
Average Final Multiplier (init 4):	37.654028
Final Mult	Frequency
8	1
10	3
11	5
12	1
13	2
14	6
15	9
16	18
17	24
18	20
19	16
20	27
21	36
22	33
23	33
24	47
25	50
26	65
27	65
28	66
29	73
30	76
31	83
32	71
33	75
34	74
35	73
36	82
37	81
38	79
39	67
40	77
41	67
42	74
43	57
44	57
45	68
46	61
47	38
48	47
49	43
50	51
51	47
52	30
53	26
54	26
55	24
56	20
57	21
58	17
59	16
60	15
61	11
62	11
63	11
64	4
65	5
66	2
67	3
68	5
69	4
70	3
71	4
72	4
73	1
75	2
76	2
77	1
79	2
80	1
84	2
----------------------------------------
Init Multiplier: 5
Average Final Multiplier (init 5):	43.434783
Final Mult	Frequency
26	1
27	1
31	1
34	1
36	2
37	2
39	2
43	1
46	2
48	2
49	1
51	1
52	2
53	1
55	1
57	2
----------------------------------------
Elapsed time: 864.73751 seconds
