Pay	Frequency
0	920689995
2	1176192
4	4508968
5	2038014
6	1274141
7	76693
8	4904773
9	137794
10	3177402
11	15407
12	3065525
13	137054
14	596781
15	616250
16	3832270
17	35634
18	1009385
19	79545
20	3087948
21	220684
22	330614
23	83579
24	3510159
25	137644
26	388013
27	62028
28	1272183
29	85426
30	1434521
31	42716
32	2356732
33	96758
34	363666
35	83723
36	1552063
37	50918
38	339659
39	58993
40	2212527
41	32454
42	607429
43	28645
44	816390
45	208316
46	272482
47	27500
48	2138116
49	37279
50	387806
51	30412
52	700979
53	61755
54	400137
55	47180
56	1033683
57	44736
58	257974
59	20636
60	1470685
61	27216
62	209008
63	51627
64	1164588
65	45840
66	297766
67	16583
68	570232
69	52393
70	275774
71	15316
72	1101667
73	23752
74	190013
75	49555
76	490248
77	25085
78	247862
79	19258
80	1083941
81	24390
82	169741
83	19086
84	574832
85	34230
86	146644
87	26633
88	585525
89	15587
90	403870
91	13293
92	371434
93	28263
94	138915
95	26932
96	878220
97	12033
98	149524
99	21843
100	396771
101	18168
102	178873
103	12454
104	447599
105	24950
106	143126
107	12369
108	400532
109	11528
110	140910
111	19579
112	436870
113	9635
114	155441
115	16422
116	262112
117	17966
118	103696
119	9482
120	754052
121	9202
122	105359
123	13020
124	244089
125	21226
126	132616
127	8629
128	402010
129	14936
130	124118
131	10253
132	263945
133	10576
134	86334
135	27495
136	299319
137	8058
138	117189
139	9144
140	228251
141	13890
142	73587
143	9031
144	439207
145	9939
146	79824
147	11181
148	172830
149	10174
150	116786
151	7398
152	239113
153	9865
154	75476
155	9804
156	194664
157	6490
158	67832
159	11802
160	363127
161	5952
162	82039
163	6974
164	144493
165	15168
166	62378
167	6196
168	244052
169	6891
170	76950
171	7929
172	128093
173	6510
174	71806
175	8108
176	186204
177	6889
178	55399
179	6742
180	261138
181	5838
182	51522
183	6813
184	162891
185	9337
186	66969
187	5010
188	114370
189	8012
190	63620
191	4977
192	243698
193	5180
194	46061
195	9308
196	109621
197	5389
198	58036
199	4761
200	158561
201	6129
202	47037
203	4952
204	121787
205	5197
206	40354
207	5896
208	130752
209	4266
210	58216
211	4116
212	91625
213	5453
214	37807
215	4627
216	161973
217	3896
218	37676
219	5066
220	89044
221	3789
222	46828
223	3386
224	114987
225	5742
226	34583
227	3953
228	94130
229	3245
230	36354
231	4494
232	93676
233	3274
234	40957
235	3878
236	66674
237	4569
238	30656
239	3052
240	226711
241	3135
242	30829
243	3793
244	67131
245	6322
246	36794
247	2717
248	90659
249	4326
250	38887
251	2797
252	78901
253	3193
254	27132
255	5362
256	94336
257	2956
258	33441
259	2943
260	65016
261	4184
262	24483
263	2655
264	89966
265	3625
266	25684
267	3367
268	51144
269	2596
270	46073
271	2295
272	72803
273	3210
274	23298
275	3254
276	59346
277	2382
278	22393
279	2882
280	69200
281	2209
282	28695
283	2228
284	42580
285	3743
286	21715
287	2131
288	107402
289	2265
290	22170
291	2739
292	40741
293	2631
294	25858
295	2119
296	54950
297	2719
298	20839
299	1980
300	57251
301	2004
302	18647
303	2914
304	56986
305	2138
306	22744
307	1955
308	38964
309	2486
310	18922
311	1725
312	58492
313	1900
314	16207
315	2408
316	34365
317	1664
318	21620
319	1447
320	87530
321	2304
322	15685
323	1860
324	43074
325	2880
326	14868
327	1729
328	44199
329	1798
330	23270
331	1304
332	31027
333	2433
334	14442
335	2201
336	53651
337	1574
338	14455
339	1964
340	33454
341	1536
342	16069
343	1391
344	36308
345	2143
346	13179
347	1470
348	33160
349	1283
350	14813
351	1581
352	35893
353	1541
354	14586
355	1534
356	24662
357	1620
358	11699
359	1281
360	80548
361	1269
362	11437
363	1567
364	25625
365	2271
366	14652
367	1063
368	36666
369	1638
370	14655
371	1333
372	30047
373	1343
374	10248
375	2303
376	31599
377	1123
378	13818
379	1131
380	26240
381	1590
382	9937
383	1076
384	45484
385	1319
386	9639
387	1380
388	20460
389	1052
390	13516
391	958
392	28642
393	1289
394	9647
395	1320
396	24293
397	886
398	9078
399	1357
400	34037
401	894
402	10997
403	906
404	18658
405	2178
406	8562
407	892
408	30082
409	935
410	9469
411	1056
412	16860
413	1003
414	10073
415	981
416	23743
417	1190
418	7569
419	953
420	21919
421	835
422	7229
423	1044
424	21294
425	973
426	8714
427	770
428	14703
429	1147
430	7539
431	758
432	33115
433	789
434	6816
435	1186
436	14038
437	872
438	8417
439	675
440	20201
441	958
442	6888
443	725
444	17924
445	866
446	6106
447	1072
448	19542
449	672
450	9294
451	710
452	13292
453	971
454	6054
455	672
456	21704
457	738
458	5827
459	918
460	12912
461	566
462	7416
463	562
464	16498
465	880
466	5562
467	692
468	14472
469	623
470	5927
471	748
472	14871
473	587
474	6765
475	608
476	10541
477	911
478	5185
479	517
480	48038
481	603
482	5421
483	719
484	11426
485	1269
486	6816
487	504
488	15712
489	825
490	7732
491	539
492	14257
493	664
494	4655
495	1203
496	15779
497	538
498	6829
499	539
500	12161
501	882
502	4540
503	525
504	17764
505	630
506	4847
507	678
508	9377
509	556
510	6661
511	485
512	13997
513	636
514	4527
515	603
516	10741
517	502
518	4297
519	623
520	13027
521	413
522	5680
523	419
524	8230
525	781
526	4069
527	441
528	14712
529	470
530	4512
531	503
532	8072
533	474
534	4698
535	422
536	9991
537	589
538	3841
539	452
540	16475
541	370
542	3588
543	462
544	10719
545	613
546	4620
547	378
548	7396
549	598
550	4004
551	375
552	12132
553	398
554	3459
555	741
556	7287
557	362
558	4049
559	308
560	10598
561	456
562	3209
563	395
564	8711
565	370
566	2996
567	453
568	8071
569	308
570	4323
571	353
572	6689
573	407
574	2914
575	393
576	15816
577	340
578	2842
579	404
580	6543
581	366
582	3538
583	280
584	8036
585	484
586	3048
587	380
588	7926
589	285
590	2820
591	445
592	8082
593	289
594	3544
595	331
596	6179
597	386
598	2506
599	248
600	12648
601	341
602	2625
603	349
604	5743
605	307
606	3345
607	240
608	7786
609	404
610	2779
611	307
612	7302
613	288
614	2330
615	377
616	7146
617	263
618	3127
619	251
620	5690
621	417
622	2217
623	249
624	9387
625	290
626	2340
627	312
628	4807
629	243
630	3182
631	246
632	6450
633	293
634	2149
635	310
636	6248
637	214
638	1996
639	254
640	15244
641	233
642	2680
643	212
644	4730
645	468
646	2000
647	207
648	8803
649	251
650	2827
651	277
652	4548
653	309
654	2455
655	303
656	6390
657	269
658	2141
659	247
660	6327
661	235
662	1850
663	302
664	5558
665	229
666	2425
667	189
668	4127
669	272
670	2253
671	220
672	7033
673	192
674	1901
675	331
676	3807
677	169
678	2264
679	177
680	5339
681	232
682	1772
683	224
684	4382
685	234
686	1652
687	224
688	4807
689	192
690	2179
691	210
692	3194
693	268
694	1588
695	201
696	5289
697	198
698	1570
699	250
700	3525
701	143
702	1846
703	177
704	4214
705	262
706	1439
707	193
708	3714
709	148
710	1640
711	233
712	3675
713	169
714	1741
715	207
716	2651
717	200
718	1394
719	173
720	15002
721	167
722	1339
723	247
724	3106
725	389
726	1833
727	162
728	4551
729	219
730	2162
731	203
732	4084
733	167
734	1337
735	445
736	4785
737	152
738	1819
739	219
740	3710
741	220
742	1276
743	185
744	5385
745	191
746	1316
747	224
748	2826
749	157
750	2206
751	141
752	4246
753	198
754	1285
755	225
756	3721
757	147
758	1262
759	204
760	4294
761	122
762	1649
763	164
764	2556
765	300
766	1280
767	140
768	5468
769	124
770	1245
771	194
772	2487
773	175
774	1456
775	154
776	3283
777	181
778	1149
779	166
780	3568
781	137
782	1106
783	201
784	3629
785	126
786	1445
787	150
788	2292
789	162
790	1184
791	130
792	4017
793	122
794	1013
795	196
796	2225
797	117
798	1329
799	127
800	5072
801	125
802	1010
803	142
804	2785
805	167
806	957
807	164
808	2809
809	112
810	1840
811	112
812	2050
813	150
814	1000
815	150
816	3644
817	108
818	941
819	152
820	2095
821	94
822	1158
823	106
824	2332
825	164
826	879
827	144
828	2311
829	117
830	954
831	133
832	2517
833	91
834	1113
835	127
836	1619
837	139
838	817
839	106
840	3067
841	107
842	888
843	122
844	1632
845	111
846	1002
847	81
848	2235
849	123
850	820
851	101
852	1833
853	93
854	778
855	125
856	1924
857	80
858	980
859	101
860	1542
861	115
862	673
863	89
864	4077
865	83
866	682
867	109
868	1388
869	85
870	1001
871	85
872	1822
873	97
874	718
875	92
876	1873
877	85
878	673
879	137
880	2196
881	78
882	903
883	95
884	1452
885	110
886	654
887	77
888	2500
889	70
890	784
891	104
892	1377
893	65
894	921
895	70
896	2017
897	109
898	627
899	103
900	2260
901	64
902	571
903	94
904	1851
905	78
906	819
907	86
908	1374
909	110
910	692
911	76
912	2638
913	85
914	648
915	90
916	1301
917	78
918	793
919	83
920	1734
921	102
922	581
923	91
924	1823
925	73
926	538
927	82
928	1724
929	81
930	857
931	59
932	1240
933	97
934	568
935	71
936	2006
937	80
938	546
939	98
940	1367
941	60
942	716
943	64
944	1557
945	78
946	477
947	73
948	1510
949	61
950	542
951	75
952	1351
953	52
954	753
955	62
956	1091
957	74
958	508
959	56
960	8223
961	65
962	524
963	80
964	1374
965	174
966	688
967	48
968	1870
969	102
970	938
971	62
972	1754
973	77
974	484
975	201
976	1889
977	70
978	704
979	65
980	1591
981	105
982	482
983	75
984	2010
985	79
986	515
987	78
988	1056
989	73
990	893
991	69
992	1536
993	86
994	461
995	76
996	1382
997	50
998	489
999	70
1000	1545
1001	55
1002	616
1003	49
1004	955
1005	126
1006	437
1007	55
1008	1924
1009	62
1010	497
1011	61
1012	909
1013	61
1014	526
1015	74
1016	1130
1017	73
1018	423
1019	63
1020	1350
1021	46
1022	410
1023	74
1024	1247
1025	50
1026	524
1027	52
1028	865
1029	73
1030	402
1031	44
1032	1337
1033	51
1034	396
1035	68
1036	797
1037	33
1038	490
1039	53
1040	1252
1041	67
1042	351
1043	54
1044	1045
1045	70
1046	318
1047	39
1048	958
1049	42
1050	545
1051	30
1052	711
1053	59
1054	347
1055	65
1056	1360
1057	47
1058	345
1059	48
1060	756
1061	39
1062	442
1063	51
1064	893
1065	57
1066	359
1067	50
1068	865
1069	38
1070	330
1071	49
1072	888
1073	52
1074	356
1075	45
1076	624
1077	42
1078	325
1079	40
1080	2980
1081	39
1082	297
1083	40
1084	676
1085	78
1086	379
1087	28
1088	989
1089	44
1090	423
1091	51
1092	899
1093	35
1094	280
1095	107
1096	891
1097	33
1098	462
1099	43
1100	733
1101	53
1102	259
1103	39
1104	1298
1105	39
1106	285
1107	56
1108	689
1109	33
1110	476
1111	35
1112	923
1113	64
1114	301
1115	40
1116	847
1117	34
1118	312
1119	49
1120	1072
1121	28
1122	379
1123	21
1124	605
1125	72
1126	289
1127	50
1128	1199
1129	38
1130	324
1131	46
1132	601
1133	38
1134	344
1135	48
1136	822
1137	55
1138	253
1139	41
1140	901
1141	32
1142	262
1143	43
1144	846
1145	46
1146	304
1147	27
1148	520
1149	53
1150	277
1151	31
1152	1523
1153	30
1154	236
1155	66
1156	567
1157	24
1158	321
1159	35
1160	830
1161	31
1162	264
1163	39
1164	696
1165	34
1166	188
1167	45
1168	792
1169	28
1170	384
1171	28
1172	526
1173	49
1174	234
1175	33
1176	984
1177	31
1178	213
1179	49
1180	536
1181	32
1182	303
1183	17
1184	789
1185	44
1186	202
1187	29
1188	662
1189	18
1190	231
1191	32
1192	650
1193	37
1194	263
1195	33
1196	454
1197	43
1198	227
1199	28
1200	1918
1201	19
1202	225
1203	26
1204	510
1205	48
1206	308
1207	24
1208	701
1209	34
1210	224
1211	27
1212	675
1213	29
1214	177
1215	58
1216	727
1217	33
1218	287
1219	29
1220	464
1221	36
1222	189
1223	29
1224	955
1225	34
1226	198
1227	37
1228	431
1229	34
1230	300
1231	25
1232	698
1233	41
1234	187
1235	35
1236	587
1237	34
1238	218
1239	38
1240	610
1241	27
1242	293
1243	20
1244	397
1245	59
1246	190
1247	31
1248	804
1249	29
1250	222
1251	30
1252	390
1253	40
1254	232
1255	19
1256	529
1257	38
1258	165
1259	20
1260	521
1261	18
1262	175
1263	22
1264	566
1265	26
1266	231
1267	16
1268	316
1269	34
1270	175
1271	19
1272	651
1273	26
1274	174
1275	28
1276	347
1277	16
1278	204
1279	16
1280	1785
1281	26
1282	161
1283	29
1284	472
1285	31
1286	162
1287	24
1288	556
1289	23
1290	301
1291	11
1292	334
1293	33
1294	156
1295	34
1296	911
1297	16
1298	143
1299	30
1300	410
1301	13
1302	199
1303	24
1304	485
1305	19
1306	171
1307	26
1308	426
1309	18
1310	191
1311	26
1312	465
1313	27
1314	200
1315	27
1316	327
1317	22
1318	129
1319	19
1320	678
1321	24
1322	143
1323	20
1324	326
1325	19
1326	174
1327	15
1328	488
1329	22
1330	176
1331	27
1332	403
1333	17
1334	145
1335	24
1336	421
1337	17
1338	192
1339	10
1340	364
1341	29
1342	114
1343	11
1344	565
1345	20
1346	132
1347	25
1348	292
1349	15
1350	222
1351	18
1352	393
1353	23
1354	145
1355	20
1356	383
1357	20
1358	130
1359	23
1360	460
1361	20
1362	179
1363	24
1364	266
1365	31
1366	130
1367	18
1368	459
1369	9
1370	140
1371	16
1372	277
1373	22
1374	175
1375	28
1376	410
1377	21
1378	123
1379	16
1380	351
1381	16
1382	121
1383	14
1384	358
1385	14
1386	163
1387	14
1388	216
1389	19
1390	116
1391	23
1392	485
1393	13
1394	119
1395	13
1396	253
1397	7
1398	150
1399	5
1400	338
1401	13
1402	111
1403	19
1404	315
1405	15
1406	135
1407	23
1408	263
1409	14
1410	147
1411	10
1412	189
1413	17
1414	120
1415	19
1416	327
1417	11
1418	121
1419	13
1420	223
1421	10
1422	149
1423	8
1424	259
1425	16
1426	116
1427	19
1428	253
1429	19
1430	91
1431	12
1432	232
1433	14
1434	120
1435	11
1436	189
1437	15
1438	115
1439	17
1440	2331
1441	18
1442	87
1443	13
1444	226
1445	48
1446	170
1447	8
1448	442
1449	22
1450	245
1451	24
1452	332
1453	18
1454	98
1455	62
1456	389
1457	16
1458	161
1459	15
1460	367
1461	23
1462	110
1463	20
1464	469
1465	21
1466	115
1467	25
1468	232
1469	20
1470	273
1471	16
1472	408
1473	20
1474	111
1475	14
1476	344
1477	10
1478	154
1479	27
1480	426
1481	20
1482	190
1483	9
1484	246
1485	33
1486	118
1487	16
1488	470
1489	17
1490	140
1491	16
1492	207
1493	15
1494	145
1495	15
1496	303
1497	29
1498	135
1499	19
1500	368
1501	19
1502	108
1503	18
1504	321
1505	5
1506	143
1507	7
1508	182
1509	25
1510	121
1511	11
1512	397
1513	12
1514	87
1515	29
1516	200
1517	13
1518	131
1519	20
1520	347
1521	14
1522	79
1523	7
1524	248
1525	16
1526	81
1527	15
1528	242
1529	5
1530	152
1531	11
1532	190
1533	12
1534	102
1535	15
1536	420
1537	11
1538	91
1539	24
1540	221
1541	8
1542	119
1543	7
1544	240
1545	20
1546	82
1547	12
1548	242
1549	3
1550	81
1551	16
1552	241
1553	8
1554	113
1555	10
1556	159
1557	16
1558	80
1559	12
1560	344
1561	10
1562	76
1563	12
1564	174
1565	12
1566	105
1567	11
1568	237
1569	11
1570	62
1571	10
1572	199
1573	13
1574	79
1575	15
1576	197
1577	13
1578	101
1579	6
1580	127
1581	13
1582	83
1583	13
1584	285
1585	13
1586	56
1587	18
1588	124
1589	11
1590	90
1591	9
1592	192
1593	7
1594	70
1595	6
1596	187
1597	9
1598	65
1599	10
1600	563
1601	12
1602	74
1603	8
1604	125
1605	13
1606	70
1607	19
1608	231
1609	14
1610	90
1611	12
1612	136
1613	11
1614	86
1615	18
1616	248
1617	17
1618	71
1619	9
1620	377
1621	7
1622	47
1623	7
1624	187
1625	11
1626	80
1627	11
1628	152
1629	11
1630	75
1631	6
1632	253
1633	11
1634	51
1635	14
1636	167
1637	6
1638	75
1639	8
1640	167
1641	7
1642	63
1643	10
1644	205
1645	12
1646	52
1647	8
1648	171
1649	3
1650	93
1651	10
1652	141
1653	6
1654	57
1655	11
1656	185
1657	3
1658	67
1659	13
1660	129
1661	8
1662	81
1663	6
1664	173
1665	15
1666	32
1667	8
1668	148
1669	8
1670	66
1671	7
1672	130
1673	9
1674	93
1675	12
1676	128
1677	10
1678	37
1679	6
1680	227
1681	11
1682	49
1683	6
1684	133
1685	4
1686	61
1687	5
1688	128
1689	10
1690	54
1691	5
1692	148
1693	9
1694	44
1695	7
1696	125
1697	7
1698	70
1699	5
1700	96
1701	7
1702	34
1703	3
1704	149
1705	3
1706	35
1707	4
1708	100
1709	3
1710	73
1711	7
1712	123
1713	8
1714	43
1715	7
1716	116
1717	6
1718	38
1719	8
1720	123
1721	3
1722	55
1723	5
1724	72
1725	11
1726	46
1727	3
1728	284
1729	8
1730	37
1731	5
1732	91
1733	10
1734	55
1735	11
1736	93
1737	5
1738	46
1739	9
1740	145
1741	6
1742	43
1743	12
1744	139
1745	4
1746	47
1747	5
1748	107
1749	7
1750	45
1751	11
1752	198
1753	3
1754	38
1755	5
1756	118
1757	8
1758	71
1759	6
1760	182
1761	8
1762	35
1763	5
1764	175
1765	5
1766	32
1767	8
1768	162
1769	6
1770	72
1771	3
1772	103
1773	6
1774	57
1775	7
1776	239
1777	7
1778	51
1779	8
1780	109
1781	4
1782	72
1783	13
1784	139
1785	10
1786	47
1787	5
1788	168
1789	10
1790	40
1791	7
1792	128
1793	9
1794	53
1795	4
1796	77
1797	9
1798	50
1799	4
1800	302
1801	6
1802	48
1803	6
1804	103
1805	3
1806	78
1807	8
1808	149
1809	8
1810	47
1811	5
1812	144
1813	7
1814	30
1815	15
1816	129
1817	7
1818	55
1819	6
1820	84
1821	16
1822	33
1823	5
1824	181
1825	7
1826	30
1827	10
1828	97
1829	5
1830	60
1831	1
1832	109
1833	7
1834	34
1835	5
1836	124
1837	6
1838	41
1839	10
1840	111
1841	2
1842	43
1843	2
1844	90
1845	8
1846	32
1847	2
1848	168
1849	7
1850	38
1851	3
1852	81
1853	5
1854	51
1855	2
1856	119
1857	9
1858	42
1859	2
1860	93
1861	5
1862	35
1863	7
1864	113
1865	4
1866	50
1867	4
1868	70
1869	5
1870	35
1871	4
1872	139
1873	6
1874	39
1875	8
1876	73
1877	5
1878	48
1879	4
1880	101
1881	6
1882	34
1883	8
1884	117
1885	4
1886	32
1887	7
1888	112
1889	8
1890	54
1891	4
1892	61
1893	7
1894	28
1895	2
1896	115
1897	7
1898	22
1899	10
1900	67
1901	1
1902	42
1903	3
1904	69
1905	8
1906	23
1907	5
1908	71
1909	4
1910	32
1911	6
1912	53
1913	5
1914	44
1916	47
1917	3
1918	32
1919	4
1920	1081
1921	6
1922	34
1923	5
1924	93
1925	18
1926	37
1927	4
1928	168
1929	3
1930	75
1931	4
1932	124
1933	9
1934	33
1935	27
1936	154
1937	2
1938	58
1939	3
1940	124
1941	9
1942	32
1943	11
1944	158
1945	5
1946	46
1947	9
1948	71
1949	5
1950	66
1951	7
1952	132
1953	6
1954	44
1955	8
1956	93
1957	5
1958	39
1959	7
1960	113
1961	3
1962	57
1963	5
1964	65
1965	7
1966	41
1967	3
1968	156
1969	4
1970	50
1971	9
1972	61
1973	4
1974	53
1975	4
1976	82
1977	9
1978	32
1979	8
1980	113
1981	7
1982	32
1983	2
1984	88
1985	3
1986	43
1987	4
1988	55
1989	7
1990	36
1991	5
1992	114
1993	6
1994	39
1995	4
1996	63
1997	3
1998	46
1999	3
2000	112
2001	7
2002	41
2003	7
2004	68
2005	9
2006	26
2007	5
2008	66
2010	52
2011	2
2012	40
2013	2
2014	38
2015	3
2016	122
2017	1
2018	28
2019	10
2020	45
2021	3
2022	39
2023	7
2024	66
2025	5
2026	21
2027	5
2028	65
2029	3
2030	24
2031	4
2032	62
2033	9
2034	36
2035	6
2036	55
2037	3
2038	20
2039	10
2040	112
2041	2
2042	19
2043	3
2044	54
2045	6
2046	29
2047	1
2048	66
2049	2
2050	22
2051	2
2052	54
2053	8
2054	12
2055	4
2056	67
2057	3
2058	35
2059	6
2060	40
2061	4
2062	19
2063	2
2064	87
2065	5
2066	24
2067	2
2068	41
2069	5
2070	41
2071	2
2072	67
2073	4
2074	20
2075	4
2076	48
2077	5
2078	18
2079	4
2080	73
2081	5
2082	30
2083	5
2084	35
2085	2
2086	19
2087	2
2088	71
2089	2
2090	27
2091	5
2092	39
2093	9
2094	31
2095	5
2096	50
2097	3
2098	28
2099	6
2100	49
2101	3
2102	11
2103	1
2104	43
2105	5
2106	22
2107	1
2108	41
2109	2
2110	18
2111	5
2112	78
2113	3
2114	13
2115	2
2116	41
2117	2
2118	29
2119	2
2120	40
2121	2
2122	15
2123	3
2124	43
2125	4
2126	23
2127	1
2128	48
2129	4
2130	21
2131	1
2132	29
2133	4
2134	12
2135	3
2136	47
2137	6
2138	14
2139	5
2140	27
2141	1
2142	23
2143	2
2144	42
2145	1
2146	15
2147	3
2148	37
2149	2
2150	12
2151	2
2152	35
2153	1
2154	8
2155	2
2156	30
2157	3
2158	14
2159	4
2160	406
2161	4
2162	18
2163	4
2164	30
2165	9
2166	32
2167	1
2168	37
2169	3
2170	37
2171	1
2172	61
2173	2
2174	9
2175	18
2176	67
2177	3
2178	27
2179	2
2180	62
2181	3
2182	18
2183	2
2184	96
2185	6
2186	17
2187	6
2188	42
2189	2
2190	54
2191	4
2192	70
2193	3
2194	27
2195	8
2196	68
2197	1
2198	25
2199	9
2200	75
2201	2
2202	44
2203	2
2204	25
2205	3
2206	20
2207	2
2208	87
2209	3
2210	19
2212	39
2213	4
2214	35
2215	3
2216	68
2217	5
2218	17
2219	1
2220	67
2221	4
2222	14
2223	3
2224	67
2225	5
2226	27
2227	3
2228	42
2229	7
2230	23
2231	2
2232	91
2234	20
2235	6
2236	35
2237	1
2238	27
2239	1
2240	76
2241	1
2242	22
2243	2
2244	53
2245	2
2246	15
2247	5
2248	44
2249	6
2250	41
2251	1
2252	30
2253	5
2254	14
2255	2
2256	78
2257	3
2258	6
2260	40
2261	3
2262	26
2264	55
2265	3
2266	16
2267	3
2268	53
2269	4
2270	13
2271	5
2272	48
2273	2
2274	21
2275	2
2276	33
2277	1
2278	18
2279	3
2280	81
2281	1
2282	20
2283	2
2284	25
2285	4
2286	16
2287	4
2288	43
2289	5
2290	13
2291	4
2292	48
2293	5
2294	8
2295	2
2296	64
2297	1
2298	18
2300	40
2301	2
2302	14
2303	2
2304	88
2305	2
2306	8
2307	3
2308	29
2309	1
2310	22
2311	1
2312	36
2313	2
2314	14
2315	3
2316	37
2317	2
2318	11
2319	7
2320	34
2322	15
2324	24
2325	4
2326	18
2327	2
2328	48
2329	1
2330	20
2331	1
2332	34
2333	5
2334	19
2335	1
2336	39
2338	14
2339	1
2340	44
2341	4
2342	8
2343	3
2344	33
2345	2
2346	25
2347	4
2348	37
2349	4
2350	14
2351	3
2352	64
2354	18
2355	1
2356	25
2357	4
2358	12
2359	2
2360	33
2361	2
2362	13
2363	1
2364	41
2365	5
2366	22
2368	26
2370	22
2371	2
2372	27
2373	1
2374	10
2375	1
2376	35
2377	1
2378	14
2379	1
2380	32
2382	13
2383	2
2384	36
2385	2
2386	8
2387	1
2388	30
2389	3
2390	8
2391	4
2392	20
2393	1
2394	18
2395	1
2396	13
2397	1
2398	15
2399	2
2400	272
2401	4
2402	8
2403	4
2404	32
2405	3
2406	13
2407	2
2408	36
2409	5
2410	22
2411	2
2412	35
2413	2
2414	12
2415	5
2416	36
2417	4
2418	19
2419	3
2420	32
2421	3
2422	11
2423	3
2424	50
2425	5
2426	5
2427	1
2428	19
2429	2
2430	25
2432	38
2433	4
2434	12
2435	2
2436	30
2437	2
2438	12
2440	44
2441	2
2442	23
2443	2
2444	24
2445	7
2446	12
2447	4
2448	40
2449	2
2450	17
2451	2
2452	17
2453	2
2454	22
2455	2
2456	25
2457	2
2458	10
2459	5
2460	43
2462	13
2463	5
2464	29
2465	2
2466	17
2467	4
2468	20
2469	2
2470	14
2471	1
2472	24
2473	3
2474	8
2475	3
2476	22
2477	2
2478	17
2479	3
2480	29
2481	2
2482	13
2483	2
2484	36
2486	11
2487	2
2488	28
2489	2
2490	15
2491	2
2492	18
2493	4
2494	9
2495	2
2496	34
2497	3
2498	9
2499	2
2500	20
2502	14
2503	1
2504	21
2505	2
2506	8
2508	25
2509	2
2510	12
2511	1
2512	28
2514	6
2516	18
2517	1
2518	7
2520	33
2522	6
2523	3
2524	10
2525	1
2526	10
2527	2
2528	20
2529	3
2530	9
2531	2
2532	13
2534	9
2536	20
2538	15
2540	16
2541	2
2542	4
2544	32
2546	3
2547	5
2548	9
2549	1
2550	11
2551	1
2552	12
2553	3
2554	5
2555	2
2556	19
2557	1
2558	7
2559	1
2560	116
2561	1
2562	10
2564	11
2565	2
2566	12
2567	4
2568	36
2569	1
2570	12
2571	1
2572	18
2573	1
2574	7
2576	39
2577	1
2578	10
2580	26
2581	1
2582	12
2584	14
2585	1
2586	7
2588	10
2589	3
2590	12
2591	1
2592	60
2593	1
2594	2
2595	1
2596	19
2597	3
2598	16
2599	2
2600	20
2601	2
2602	6
2604	23
2605	2
2606	4
2607	1
2608	32
2610	10
2612	10
2613	2
2614	10
2616	29
2617	2
2618	12
2619	2
2620	19
2621	2
2622	16
2624	24
2626	14
2628	22
2629	1
2630	6
2631	1
2632	28
2634	10
2635	1
2636	24
2637	5
2638	12
2639	3
2640	51
2641	1
2642	8
2643	3
2644	21
2646	9
2648	26
2649	2
2650	9
2652	36
2653	1
2654	11
2655	3
2656	33
2657	1
2658	11
2659	1
2660	16
2661	2
2662	9
2663	1
2664	31
2665	1
2666	9
2667	3
2668	14
2669	2
2670	18
2671	1
2672	31
2673	3
2674	9
2676	15
2677	1
2678	5
2679	1
2680	33
2681	1
2682	8
2683	1
2684	13
2685	3
2686	13
2688	34
2689	3
2690	9
2691	3
2692	14
2693	3
2694	10
2695	1
2696	20
2697	1
2698	4
2700	25
2701	2
2702	7
2703	2
2704	26
2705	4
2706	9
2707	3
2708	12
2709	1
2710	9
2711	1
2712	30
2713	1
2714	6
2715	3
2716	16
2717	3
2718	11
2719	1
2720	29
2722	12
2723	1
2724	20
2726	8
2727	1
2728	22
2729	3
2730	10
2731	3
2732	12
2733	1
2734	6
2736	22
2737	1
2738	6
2739	2
2740	13
2741	1
2742	10
2743	2
2744	16
2746	6
2747	2
2748	32
2750	1
2752	19
2753	1
2754	11
2756	16
2757	1
2758	7
2759	1
2760	21
2761	2
2762	5
2764	15
2765	1
2766	12
2768	19
2769	5
2770	5
2772	16
2773	1
2774	4
2775	1
2776	14
2778	6
2779	2
2780	11
2781	1
2782	8
2783	3
2784	18
2785	4
2786	1
2787	2
2788	13
2790	6
2791	1
2792	12
2793	2
2794	4
2795	3
2796	13
2797	2
2798	4
2799	1
2800	11
2802	7
2804	13
2805	3
2806	2
2807	1
2808	12
2809	2
2810	9
2812	8
2813	1
2814	3
2815	1
2816	18
2817	1
2818	5
2819	2
2820	13
2822	6
2823	1
2824	11
2825	3
2826	5
2827	1
2828	11
2829	1
2830	5
2831	1
2832	18
2834	3
2835	2
2836	10
2838	5
2840	11
2841	1
2842	4
2844	15
2845	1
2846	1
2847	3
2848	12
2849	1
2850	10
2852	7
2853	2
2854	2
2856	11
2858	3
2859	1
2860	2
2862	7
2864	9
2865	1
2866	1
2867	2
2868	13
2869	1
2870	4
2872	6
2873	2
2874	3
2875	3
2876	9
2877	2
2878	5
2879	3
2880	284
2882	2
2883	3
2884	17
2886	17
2888	41
2889	1
2890	21
2891	1
2892	27
2893	2
2894	9
2895	4
2896	48
2897	2
2898	3
2900	35
2901	1
2902	3
2903	6
2904	35
2905	1
2906	10
2907	3
2908	16
2909	2
2910	18
2911	2
2912	42
2913	3
2914	6
2916	24
2918	9
2919	5
2920	35
2921	3
2922	13
2924	10
2925	8
2926	3
2927	6
2928	29
2929	2
2930	10
2931	5
2932	15
2933	2
2934	21
2935	3
2936	8
2937	4
2938	6
2939	1
2940	26
2941	1
2942	8
2943	2
2944	20
2945	4
2946	6
2947	1
2948	9
2949	1
2950	6
2951	1
2952	29
2953	1
2954	8
2955	5
2956	13
2958	4
2959	1
2960	24
2961	1
2962	6
2963	2
2964	14
2966	2
2967	2
2968	12
2969	2
2970	12
2971	5
2972	13
2973	2
2974	4
2975	3
2976	26
2977	1
2978	6
2979	1
2980	18
2981	1
2982	8
2984	20
2985	2
2986	11
2987	2
2988	22
2990	5
2991	2
2992	18
2993	1
2994	11
2995	1
2996	8
2997	1
2998	8
2999	1
3000	30
3001	1
3002	4
3004	12
3005	2
3006	7
3008	18
3009	2
3010	5
3012	14
3014	5
3015	2
3016	6
3018	6
3020	8
3022	4
3024	13
3025	2
3026	4
3027	2
3028	9
3029	1
3030	6
3032	11
3033	3
3034	3
3035	1
3036	8
3037	1
3038	1
3039	2
3040	13
3042	8
3043	1
3044	7
3045	2
3046	3
3048	20
3049	2
3050	3
3051	1
3052	12
3054	7
3056	14
3057	2
3058	2
3059	1
3060	16
3062	2
3063	2
3064	8
3066	5
3068	10
3069	3
3070	7
3072	14
3074	4
3076	9
3077	1
3078	6
3080	12
3082	2
3084	13
3086	4
3087	1
3088	22
3089	1
3090	7
3091	1
3092	10
3094	5
3095	1
3096	16
3097	2
3098	2
3099	1
3100	6
3102	9
3104	18
3105	1
3106	3
3107	2
3108	11
3110	5
3112	8
3114	6
3115	1
3116	5
3117	1
3118	4
3119	3
3120	19
3121	1
3122	1
3123	1
3124	14
3126	3
3128	12
3129	1
3130	3
3132	15
3134	5
3136	13
3138	1
3139	1
3140	6
3142	1
3143	3
3144	16
3145	2
3146	2
3148	6
3149	2
3150	8
3152	8
3154	2
3156	4
3158	1
3160	8
3162	5
3164	2
3166	2
3168	11
3170	3
3171	1
3172	5
3174	5
3176	9
3177	1
3178	1
3180	8
3182	1
3183	2
3184	9
3185	2
3186	2
3188	3
3190	1
3192	5
3194	1
3196	5
3198	4
3200	70
3202	3
3204	6
3206	3
3207	1
3208	10
3209	1
3210	4
3212	5
3213	2
3214	4
3215	2
3216	7
3217	1
3218	4
3219	1
3220	7
3222	3
3224	10
3226	2
3227	1
3228	6
3230	1
3231	2
3232	8
3234	4
3236	5
3238	2
3240	58
3242	3
3243	1
3244	3
3245	2
3246	7
3248	7
3249	1
3250	3
3251	1
3252	7
3254	7
3255	3
3256	10
3258	2
3260	7
3261	2
3262	1
3264	10
3266	2
3267	1
3268	6
3270	5
3272	7
3274	2
3276	7
3277	1
3278	3
3280	11
3282	4
3284	7
3286	3
3288	6
3290	5
3291	1
3292	3
3294	4
3295	2
3296	8
3297	1
3298	3
3300	5
3301	1
3303	1
3304	12
3306	6
3308	6
3312	8
3314	3
3315	1
3316	9
3317	1
3318	4
3320	14
3321	2
3322	2
3323	2
3324	5
3325	1
3326	2
3328	5
3329	3
3330	3
3332	5
3333	2
3334	2
3335	2
3336	12
3338	2
3339	1
3340	8
3342	2
3343	1
3344	7
3346	1
3347	1
3348	8
3350	3
3351	1
3352	10
3354	4
3356	1
3357	1
3358	1
3360	8
3362	5
3363	1
3364	4
3365	2
3366	5
3367	2
3368	5
3369	1
3370	8
3372	6
3376	6
3378	5
3380	2
3384	9
3386	4
3387	1
3390	2
3391	1
3392	8
3394	2
3395	2
3396	10
3398	4
3400	3
3402	4
3404	3
3406	3
3408	6
3410	3
3412	5
3414	4
3416	5
3418	4
3419	2
3420	4
3421	1
3422	2
3423	1
3424	5
3426	3
3427	1
3428	2
3430	1
3431	1
3432	11
3435	1
3436	5
3437	1
3438	4
3440	7
3442	3
3443	2
3444	4
3445	1
3446	1
3448	6
3449	1
3450	2
3451	2
3452	6
3454	6
3455	2
3456	22
3457	1
3458	2
3459	1
3460	2
3462	2
3463	1
3464	4
3466	2
3468	5
3469	1
3470	3
3471	1
3472	4
3473	1
3474	3
3476	7
3477	1
3478	4
3480	10
3481	2
3482	1
3484	5
3486	1
3488	7
3489	1
3492	10
3494	5
3495	2
3496	13
3497	1
3498	2
3499	2
3500	5
3501	1
3502	4
3503	2
3504	11
3506	1
3508	20
3509	3
3510	1
3512	7
3513	1
3514	1
3515	1
3516	12
3517	1
3518	2
3519	3
3520	11
3521	1
3522	4
3524	6
3526	3
3527	1
3528	9
3530	1
3531	1
3532	7
3534	2
3536	8
3539	1
3540	7
3542	1
3544	10
3546	4
3548	7
3550	6
3551	2
3552	10
3553	1
3554	2
3556	3
3557	1
3558	2
3559	1
3560	5
3561	2
3563	1
3564	5
3568	8
3570	2
3571	1
3572	4
3573	1
3574	2
3575	2
3576	7
3577	1
3580	6
3581	1
3582	1
3584	6
3586	2
3588	7
3590	1
3592	2
3594	1
3596	1
3598	1
3600	64
3604	4
3605	2
3606	6
3608	5
3610	2
3612	2
3614	1
3615	1
3616	9
3618	4
3620	7
3621	1
3623	2
3624	10
3625	1
3626	3
3628	3
3630	2
3631	1
3632	6
3633	1
3635	2
3636	7
3637	1
3638	3
3639	1
3640	6
3641	1
3642	4
3644	1
3646	1
3647	1
3648	16
3650	2
3651	1
3652	5
3654	1
3656	9
3658	1
3660	6
3663	1
3664	3
3666	2
3668	3
3669	1
3670	3
3671	1
3672	8
3674	2
3676	5
3678	3
3680	5
3682	2
3684	6
3686	3
3688	3
3692	2
3694	2
3695	1
3696	4
3698	2
3699	1
3700	5
3702	1
3703	2
3704	4
3705	1
3706	1
3708	5
3711	2
3712	7
3713	1
3714	1
3715	2
3716	3
3717	1
3720	9
3722	1
3723	1
3724	3
3726	3
3728	5
3730	4
3732	5
3734	1
3736	3
3738	4
3740	2
3742	1
3744	2
3748	3
3749	1
3752	4
3754	2
3756	4
3758	2
3759	1
3760	2
3761	1
3763	1
3764	2
3766	1
3767	1
3768	2
3769	1
3770	2
3772	3
3774	2
3776	3
3779	1
3780	4
3784	1
3786	2
3787	1
3788	2
3790	1
3796	2
3799	1
3800	3
3802	2
3804	2
3808	2
3810	1
3812	1
3813	1
3816	3
3818	2
3820	3
3824	2
3826	1
3828	2
3829	1
3832	4
3834	2
3836	4
3837	1
3838	1
3840	85
3843	1
3844	5
3846	1
3848	13
3849	1
3850	2
3852	2
3853	3
3854	1
3855	1
3856	14
3858	8
3860	4
3861	1
3862	3
3863	1
3864	11
3866	1
3868	4
3870	8
3871	1
3872	7
3873	1
3874	2
3875	1
3876	6
3878	3
3879	2
3880	10
3882	2
3884	3
3885	2
3886	2
3888	11
3889	1
3890	2
3891	1
3892	1
3894	2
3897	1
3898	1
3900	2
3902	2
3903	1
3904	8
3906	1
3908	1
3909	2
3910	1
3912	4
3914	1
3915	1
3916	4
3917	1
3918	4
3920	7
3922	1
3924	9
3926	1
3927	1
3930	3
3932	3
3933	1
3934	2
3936	10
3939	1
3940	3
3942	1
3943	1
3944	4
3945	1
3948	10
3949	1
3950	1
3952	4
3954	3
3955	1
3956	3
3958	1
3959	1
3960	6
3962	2
3964	3
3965	1
3966	1
3967	1
3968	6
3972	5
3974	1
3976	6
3978	1
3980	1
3983	1
3984	3
3985	1
3986	2
3988	1
3990	2
3992	1
3994	2
3996	5
4000	3
4002	2
4004	1
4006	1
4007	1
4008	1
4009	1
4010	2
4011	1
4012	2
4016	3
4017	2
4019	1
4020	3
4022	1
4023	1
4024	5
4026	2
4028	1
4030	1
4031	1
4032	4
4034	3
4036	1
4038	1
4040	5
4042	1
4044	4
4045	1
4046	1
4047	1
4048	3
4049	1
4050	1
4054	1
4056	6
4058	2
4063	1
4064	5
4066	1
4067	2
4068	5
4070	2
4072	7
4075	1
4076	1
4077	1
4078	2
4080	11
4082	1
4084	1
4085	1
4086	1
4088	2
4090	1
4092	3
4097	2
4098	2
4100	2
4101	1
4102	2
4104	3
4108	6
4110	2
4112	4
4115	1
4116	1
4117	3
4120	6
4122	1
4123	1
4124	2
4126	1
4127	1
4128	3
4129	1
4130	1
4131	1
4132	2
4136	5
4138	1
4140	1
4144	3
4148	2
4151	1
4152	4
4153	1
4154	1
4156	1
4158	2
4160	3
4161	1
4162	1
4164	1
4166	1
4169	1
4172	3
4176	3
4180	2
4182	1
4183	1
4184	2
4188	2
4189	1
4190	2
4192	3
4194	1
4198	1
4200	4
4204	1
4205	1
4206	2
4208	2
4212	3
4215	1
4216	5
4220	1
4222	1
4224	2
4227	1
4228	1
4230	1
4231	1
4232	4
4236	2
4240	3
4241	1
4242	1
4247	2
4250	1
4252	1
4256	3
4259	1
4272	3
4274	1
4280	2
4284	1
4290	1
4294	1
4295	1
4296	2
4300	1
4304	1
4308	1
4314	1
4318	1
4320	55
4324	1
4325	2
4328	2
4330	4
4332	8
4333	2
4335	2
4336	10
4338	1
4340	7
4342	2
4344	13
4345	1
4346	4
4347	1
4348	5
4350	3
4352	3
4353	1
4356	3
4358	1
4359	1
4360	9
4362	2
4364	2
4365	3
4366	2
4368	4
4370	1
4372	2
4374	3
4376	3
4378	1
4380	8
4384	2
4386	1
4388	3
4392	2
4394	2
4396	5
4400	7
4402	1
4404	4
4406	1
4408	3
4410	1
4412	1
4414	2
4416	3
4419	1
4420	1
4422	1
4424	3
4428	2
4430	1
4432	1
4433	1
4434	1
4436	3
4438	3
4439	1
4440	8
4444	4
4446	5
4448	2
4449	3
4451	2
4452	2
4456	3
4463	2
4464	6
4466	3
4468	2
4470	2
4472	2
4475	1
4478	1
4480	1
4484	2
4488	2
4489	2
4490	1
4491	1
4492	1
4496	1
4497	1
4498	2
4500	2
4502	1
4504	2
4506	2
4508	4
4510	2
4512	2
4514	4
4516	1
4519	1
4520	2
4524	2
4528	3
4529	1
4531	1
4532	2
4534	1
4536	6
4540	1
4542	1
4544	1
4550	1
4552	2
4553	1
4556	4
4568	2
4572	1
4576	1
4580	2
4582	1
4584	5
4588	4
4590	2
4592	1
4594	2
4597	1
4598	1
4600	1
4601	1
4606	1
4607	1
4608	1
4609	2
4612	3
4617	1
4620	2
4622	2
4623	1
4630	1
4632	1
4634	1
4636	7
4642	1
4643	1
4644	1
4649	1
4650	1
4654	1
4656	1
4660	1
4664	1
4665	1
4668	2
4670	1
4672	5
4676	3
4679	1
4680	2
4686	1
4688	1
4690	1
4692	2
4696	1
4697	1
4698	1
4700	1
4702	1
4704	3
4708	2
4715	1
4716	1
4720	2
4728	2
4731	1
4732	2
4740	1
4742	2
4744	1
4748	1
4752	1
4755	1
4756	1
4760	3
4767	1
4768	2
4773	1
4774	1
4782	2
4788	2
4790	1
4791	1
4792	1
4794	1
4800	38
4804	1
4806	1
4808	3
4809	1
4810	1
4813	1
4818	2
4820	1
4823	1
4824	6
4828	1
4830	1
4832	1
4836	2
4840	4
4848	2
4850	1
4854	1
4856	3
4860	4
4864	1
4866	2
4868	1
4872	3
4876	1
4886	1
4890	3
4894	1
4896	2
4897	1
4908	2
4909	1
4912	1
4915	1
4916	2
4918	1
4920	1
4921	1
4922	1
4926	1
4928	1
4929	1
4932	2
4934	2
4936	1
4938	1
4944	1
4946	1
4948	1
4952	1
4954	1
4956	1
4960	1
4962	2
4966	1
4968	2
4970	1
4972	1
4980	1
4984	2
4986	1
4992	1
4998	1
5004	1
5008	1
5014	1
5016	1
5018	1
5019	1
5020	1
5022	1
5030	1
5039	1
5040	1
5044	1
5048	1
5051	1
5052	1
5054	2
5060	2
5069	2
5070	2
5071	1
5078	1
5080	1
5081	1
5084	1
5085	1
5086	1
5088	2
5092	1
5100	1
5103	2
5104	2
5107	1
5108	1
5112	3
5114	1
5116	1
5118	2
5120	4
5132	1
5134	2
5136	1
5140	1
5142	1
5144	1
5146	1
5148	2
5151	1
5152	3
5154	1
5156	1
5164	1
5165	1
5166	1
5172	1
5180	2
5184	3
5186	1
5188	1
5189	1
5192	1
5204	2
5207	1
5208	1
5209	1
5211	1
5214	1
5224	1
5228	1
5231	1
5232	1
5238	2
5243	1
5244	5
5252	2
5256	4
5260	1
5261	1
5266	1
5267	1
5268	4
5269	2
5270	1
5272	3
5278	1
5280	1
5284	1
5291	2
5292	2
5303	1
5304	1
5308	1
5312	1
5314	1
5315	1
5322	1
5323	1
5324	2
5326	1
5332	1
5336	1
5340	2
5354	1
5355	1
5360	1
5372	1
5379	1
5392	1
5400	3
5408	1
5415	1
5417	1
5424	2
5427	1
5434	1
5438	1
5440	1
5446	1
5448	1
5449	1
5454	1
5458	1
5460	1
5472	2
5476	1
5484	2
5496	2
5498	1
5505	1
5508	1
5512	2
5516	1
5522	2
5532	1
5540	1
5541	1
5544	1
5554	1
5556	2
5557	1
5562	1
5580	1
5592	1
5620	1
5684	1
5688	1
5694	1
5714	1
5760	30
5764	1
5765	1
5768	3
5769	1
5770	1
5772	2
5776	3
5780	2
5786	1
5788	1
5790	1
5792	1
5802	1
5806	1
5808	5
5812	1
5814	1
5816	1
5820	3
5830	1
5831	2
5833	1
5834	1
5835	2
5836	1
5843	1
5844	4
5848	2
5852	1
5853	1
5858	2
5860	1
5874	1
5880	2
5882	2
5884	1
5890	1
5892	1
5894	1
5896	1
5898	1
5902	1
5904	2
5906	1
5912	1
5914	1
5916	1
5920	1
5928	1
5930	1
5932	1
5940	1
5944	1
5946	1
5948	2
5958	1
5960	2
5961	1
5982	1
5995	1
5999	1
6008	1
6009	1
6013	1
6017	1
6018	1
6024	1
6028	1
6029	1
6036	2
6039	1
6044	1
6047	2
6048	2
6055	1
6056	1
6060	1
6066	1
6071	1
6076	1
6078	1
6084	1
6088	1
6094	1
6096	1
6100	1
6102	1
6104	3
6116	1
6140	2
6142	1
6143	2
6148	2
6156	1
6168	1
6176	1
6182	1
6188	1
6198	1
6204	3
6213	1
6234	1
6250	1
6260	1
6281	1
6288	1
6296	1
6318	1
6328	1
6354	1
6359	1
6384	1
6408	1
6424	1
6434	1
6438	2
6445	1
6458	1
6474	1
6478	1
6480	1
6488	1
6496	1
6508	1
6516	2
6522	1
6526	1
6528	3
6540	2
6544	1
6547	1
6550	1
6558	1
6564	1
6568	1
6585	1
6592	1
6595	1
6596	1
6606	1
6608	1
6622	1
6623	1
6624	1
6626	1
6632	1
6636	2
6646	1
6660	1
6665	1
6666	1
6672	2
6673	1
6692	2
6716	1
6728	1
6730	1
6737	1
6745	1
6748	1
6752	2
6760	2
6764	1
6768	1
6784	1
6796	2
6800	1
6802	1
6816	1
6832	1
6840	1
6844	1
6881	1
6892	1
6904	1
6912	1
6920	1
6932	1
6944	2
6966	1
6970	1
6971	1
7007	1
7016	1
7074	1
7080	1
7088	1
7092	1
7098	1
7114	1
7130	1
7200	4
7204	1
7208	1
7212	2
7216	1
7229	1
7232	2
7236	1
7237	1
7240	1
7248	1
7275	1
7284	1
7290	1
7292	1
7304	1
7316	1
7329	1
7372	1
7375	1
7380	1
7385	1
7388	1
7466	1
7504	1
7520	1
7578	1
7635	1
7636	2
7641	1
7652	1
7662	1
7678	1
7680	5
7700	1
7704	1
7705	1
7712	1
7716	1
7721	1
7728	1
7780	1
7792	1
7832	2
7846	1
7852	1
7853	1
7920	1
7928	1
7932	1
7944	1
7962	1
7968	1
8059	1
8068	1
8096	1
8115	1
8144	1
8154	1
8156	1
8196	1
8226	1
8256	1
8346	1
8398	1
8408	1
8454	1
8636	1
8640	6
8664	1
8665	1
8694	1
8728	1
8754	1
8781	1
8834	1
8840	1
8908	1
8912	1
8988	1
8991	1
9004	1
9103	1
9126	1
9352	1
9466	1
9508	1
9524	1
9600	4
9642	1
9648	1
9672	1
9684	1
9692	1
9698	1
9720	2
9803	1
9812	1
9829	1
9892	1
9894	1
9992	1
10008	1
10043	1
10355	1
10800	1
10832	1
10860	1
10872	1
10948	1
11080	1
11125	1
11139	1
11237	1
11298	1
11476	1
11520	2
11626	1
11724	1
12141	1
12174	1
12432	1
12800	1
12960	1
12984	1
13005	1
13008	1
13032	1
13064	1
13332	1
14436	1
14476	1
16098	1
16250	1
16268	1
16439	1
17280	1
20840	1
21710	1
21748	1
