Pay	Frequency
0	802173736
2	8119314
4	18301922
5	7793695
6	3030203
7	511003
8	17861869
9	793358
10	12758274
11	98330
12	6749804
13	738819
14	2809160
15	1848483
16	9882929
17	205866
18	2843690
19	304133
20	10297809
21	599110
22	1166646
23	346978
24	6392777
25	434081
26	1459674
27	175831
28	2961798
29	333283
30	3544213
31	201158
32	4273828
33	235472
34	1274580
35	201786
36	2794798
37	211641
38	1014222
39	194787
40	4961688
41	135299
42	1198357
43	114648
44	1698066
45	370692
46	794619
47	116679
48	3512970
49	137037
50	850319
51	102450
52	1346154
53	228284
54	782076
55	78729
56	1485426
57	113661
58	725783
59	71081
60	2801783
61	92163
62	548615
63	122308
64	1747266
65	121794
66	560375
67	57857
68	1196695
69	115826
70	492833
71	54163
72	1555697
73	85100
74	466956
75	62060
76	870569
77	85133
78	502312
79	57704
80	1899917
81	57756
82	398213
83	54621
84	911357
85	80238
86	324679
87	58744
88	870212
89	49043
90	673634
91	38159
92	649846
93	62387
94	337194
95	51311
96	1335923
97	41915
98	339471
99	42079
100	627641
101	66525
102	322049
103	37882
104	609325
105	39717
106	343418
107	31278
108	587585
109	33177
110	249619
111	47800
112	537557
113	31420
114	267446
115	24148
116	469295
117	33585
118	210942
119	24239
120	1248873
121	28266
122	211866
123	27517
124	435493
125	50321
126	245623
127	21447
128	582997
129	30389
130	223090
131	21965
132	379383
133	31575
134	174346
135	42003
136	434547
137	20878
138	209491
139	21248
140	329862
141	29740
142	149846
143	24689
144	627024
145	18936
146	165403
147	20950
148	299514
149	31287
150	168547
151	19527
152	325951
153	20294
154	163855
155	15554
156	290387
157	16597
158	133053
159	25837
160	603137
161	15628
162	141278
163	14378
164	261941
165	29971
166	118963
167	14184
168	312101
169	16901
170	138550
171	15262
172	201011
173	16822
174	127204
175	17062
176	242940
177	13958
178	106533
179	13335
180	398271
181	13023
182	95837
183	14540
184	234262
185	18692
186	111118
187	10589
188	195091
189	17197
190	103707
191	10730
192	359705
193	12579
194	92664
195	13627
196	176434
197	16341
198	97281
199	11088
200	221040
201	11935
202	97851
203	10028
204	173084
205	11128
206	77845
207	13837
208	167146
209	9807
210	86607
211	8655
212	151734
213	10480
214	71183
215	8403
216	203054
217	9386
218	69566
219	9413
220	132405
221	9761
222	80944
223	7668
224	140286
225	8880
226	66461
227	7764
228	129117
229	7397
230	60311
231	9196
232	128370
233	6835
234	66294
235	6517
236	104727
237	8612
238	54611
239	6417
240	376109
241	6450
242	56984
243	7002
244	114887
245	15199
246	60147
247	5839
248	133823
249	8756
250	67941
251	5614
252	109586
253	7906
254	50344
255	9633
256	125689
257	6626
258	56191
259	5793
260	98579
261	8236
262	45819
263	6018
264	106967
265	6272
266	47314
267	6114
268	78595
269	6218
270	68478
271	5438
272	92291
273	5863
274	44420
275	5674
276	83459
277	5503
278	42132
279	5907
280	87266
281	4922
282	45081
283	4497
284	65314
285	6238
286	39554
287	4444
288	161103
289	4350
290	38252
291	4806
292	65271
293	7451
294	40524
295	4328
296	73501
297	4639
298	42863
299	3806
300	73336
301	4011
302	33269
303	6455
304	68790
305	4047
306	35806
307	3509
308	63320
309	4641
310	30950
311	3306
312	67421
313	4423
314	29764
315	4084
316	51105
317	3698
318	35296
319	3185
320	150353
321	3760
322	28574
323	3515
324	59985
325	6384
326	26784
327	3613
328	64751
329	3702
330	37405
331	2783
332	46260
333	4794
334	25791
335	4087
336	61080
337	3099
338	26604
339	3454
340	49551
341	3442
342	25525
343	3149
344	47434
345	3812
346	23954
347	2630
348	44697
349	2941
350	24477
351	3122
352	44515
353	2821
354	23509
355	2594
356	37221
357	3087
358	21087
359	2445
360	118978
361	2427
362	20598
363	2639
364	39857
365	5203
366	22868
367	2278
368	51109
369	3325
370	23547
371	2152
372	39403
373	3432
374	19492
375	3625
376	42162
377	2453
378	22943
379	2200
380	36952
381	2905
382	17411
383	2595
384	64329
385	2476
386	18066
387	2521
388	32070
389	2925
390	20011
391	2143
392	36149
393	2410
394	19281
395	2051
396	32070
397	2159
398	16341
399	2634
400	55235
401	1922
402	17410
403	1913
404	30066
405	3640
406	15008
407	1783
408	35810
409	2023
410	16258
411	1964
412	25026
413	2127
414	16378
415	1872
416	28732
417	1956
418	14203
419	1704
420	26961
421	1839
422	12941
423	2017
424	27329
425	1683
426	13798
427	1477
428	22079
429	2047
430	12471
431	1498
432	43911
433	1503
434	12485
435	1630
436	21200
437	2176
438	13406
439	1428
440	25698
441	1646
442	12934
443	1331
444	23048
445	1594
446	10931
447	2119
448	23204
449	1393
450	12480
451	1280
452	20121
453	1673
454	10452
455	1320
456	22907
457	1495
458	10507
459	1387
460	17969
461	1353
462	11723
463	1174
464	20336
465	1432
466	9823
467	1226
468	18248
469	1237
470	9325
471	1311
472	18614
473	1150
474	9988
475	1085
476	15595
477	1439
478	8761
479	1107
480	87076
481	1086
482	9051
483	1183
484	19220
485	3314
486	10367
487	1060
488	24030
489	1614
490	13494
491	1000
492	18024
493	1635
494	8683
495	2235
496	20958
497	1279
498	10102
499	1089
500	18702
501	1526
502	8165
503	1219
504	20177
505	1367
506	8552
507	1222
508	14160
509	1284
510	10150
511	990
512	17319
513	1192
514	7854
515	1087
516	14530
517	1104
518	7271
519	1173
520	16767
521	926
522	8445
523	865
524	12240
525	1376
526	6907
527	817
528	16223
529	854
530	7380
531	880
532	11472
533	997
534	7005
535	844
536	12431
537	956
538	6591
539	747
540	22752
541	773
542	6289
543	967
544	13258
545	1152
546	6766
547	713
548	11920
549	1048
550	6462
551	645
552	13360
553	909
554	5989
555	997
556	10611
557	875
558	6372
559	698
560	12506
561	922
562	5682
563	682
564	10876
565	779
566	5164
567	809
568	10644
569	674
570	6158
571	657
572	9136
573	776
574	5060
575	671
576	26039
577	651
578	5087
579	777
580	9322
581	998
582	5394
583	568
584	10078
585	713
586	6325
587	611
588	9519
589	610
590	4639
591	1051
592	9514
593	597
594	5133
595	520
596	9565
597	702
598	4335
599	548
600	16218
601	673
602	4559
603	663
604	8209
605	730
606	5458
607	489
608	9165
609	626
610	4663
611	554
612	8283
613	554
614	4209
615	644
616	8892
617	517
618	4622
619	493
620	7525
621	676
622	3878
623	453
624	8833
625	498
626	3929
627	546
628	6993
629	516
630	4191
631	486
632	7505
633	583
634	3693
635	386
636	7861
637	468
638	3538
639	526
640	27068
641	430
642	3851
643	410
644	7402
645	947
646	3625
647	369
648	11160
649	508
650	5078
651	497
652	6491
653	639
654	3683
655	631
656	8280
657	518
658	3768
659	450
660	8129
661	570
662	3023
663	627
664	7233
665	504
666	3747
667	376
668	5870
669	524
670	3651
671	433
672	7615
673	400
674	3181
675	465
676	5497
677	472
678	3361
679	381
680	6686
681	441
682	2983
683	382
684	5540
685	423
686	2845
687	401
688	6145
689	354
690	3103
691	365
692	4692
693	488
694	2560
695	348
696	5845
697	326
698	2719
699	363
700	4915
701	357
702	2807
703	338
704	5047
705	390
706	2464
707	319
708	4603
709	339
710	2376
711	352
712	4770
713	311
714	2504
715	336
716	3998
717	375
718	2245
719	276
720	25844
721	256
722	2317
723	307
724	5019
725	913
726	2842
727	286
728	6927
729	484
730	3599
731	297
732	5159
733	494
734	2243
735	682
736	6341
737	363
738	2938
739	346
740	4941
741	472
742	2231
743	367
744	5706
745	417
746	2452
747	385
748	3997
749	363
750	2896
751	357
752	4808
753	371
754	2247
755	324
756	4520
757	324
758	2235
759	352
760	5056
761	269
762	2426
763	260
764	3662
765	412
766	2087
767	286
768	7003
769	289
770	2143
771	298
772	3496
773	332
774	2152
775	301
776	4093
777	290
778	2222
779	209
780	4093
781	255
782	1789
783	338
784	4013
785	221
786	2019
787	228
788	3445
789	322
790	1819
791	248
792	3947
793	242
794	1725
795	294
796	3137
797	242
798	2013
799	213
800	11401
801	255
802	1745
803	231
804	3678
805	375
806	1686
807	269
808	3978
809	227
810	2993
811	223
812	2996
813	303
814	1699
815	287
816	3917
817	171
818	1714
819	245
820	3130
821	227
822	1716
823	213
824	3040
825	266
826	1614
827	204
828	2933
829	209
830	1623
831	223
832	2942
833	204
834	1574
835	196
836	2414
837	263
838	1324
839	211
840	3312
841	168
842	1380
843	202
844	2277
845	184
846	1472
847	184
848	2702
849	196
850	1365
851	162
852	2378
853	215
854	1293
855	188
856	2484
857	154
858	1312
859	157
860	2160
861	194
862	1197
863	158
864	6877
865	146
866	1148
867	163
868	2093
869	250
870	1442
871	170
872	2291
873	186
874	1577
875	159
876	2114
877	148
878	1157
879	335
880	2577
881	150
882	1202
883	127
884	2202
885	192
886	1074
887	149
888	2350
889	171
890	1085
891	185
892	1780
893	142
894	1350
895	147
896	2167
897	152
898	992
899	148
900	2433
901	127
902	1072
903	139
904	2233
905	150
906	1170
907	109
908	1738
909	190
910	1047
911	127
912	2060
913	134
914	1033
915	145
916	1725
917	139
918	1028
919	136
920	1978
921	142
922	909
923	109
924	2021
925	154
926	889
927	152
928	1863
929	133
930	1042
931	116
932	1646
933	145
934	911
935	136
936	1979
937	126
938	864
939	145
940	1542
941	105
942	935
943	116
944	1737
945	122
946	894
947	121
948	1654
949	135
950	804
951	128
952	1588
953	143
954	935
955	103
956	1424
957	113
958	779
959	107
960	16049
961	123
962	841
963	114
964	2208
965	432
966	1200
967	117
968	3315
969	201
970	1805
971	86
972	2243
973	219
974	900
975	361
976	2702
977	145
978	1149
979	121
980	2503
981	193
982	839
983	158
984	2359
985	202
986	983
987	151
988	1659
989	165
990	1311
991	121
992	1983
993	126
994	839
995	138
996	1758
997	165
998	802
999	170
1000	2144
1001	109
1002	908
1003	98
1004	1366
1005	216
1006	815
1007	143
1008	1975
1009	108
1010	860
1011	115
1012	1290
1013	146
1014	858
1015	130
1016	1409
1017	118
1018	768
1019	104
1020	1721
1021	107
1022	657
1023	120
1024	1581
1025	112
1026	689
1027	77
1028	1294
1029	117
1030	704
1031	89
1032	1451
1033	84
1034	646
1035	106
1036	1181
1037	87
1038	662
1039	84
1040	1479
1041	93
1042	614
1043	90
1044	1160
1045	113
1046	535
1047	92
1048	1203
1049	83
1050	770
1051	76
1052	994
1053	102
1054	589
1055	75
1056	1360
1057	75
1058	544
1059	95
1060	1045
1061	106
1062	613
1063	66
1064	1094
1065	83
1066	601
1067	63
1068	958
1069	82
1070	519
1071	106
1072	1004
1073	71
1074	603
1075	62
1076	925
1077	67
1078	521
1079	66
1080	4589
1081	61
1082	490
1083	90
1084	1046
1085	161
1086	661
1087	65
1088	1416
1089	98
1090	618
1091	66
1092	1137
1093	120
1094	466
1095	156
1096	1217
1097	75
1098	562
1099	79
1100	1001
1101	108
1102	461
1103	87
1104	1336
1105	74
1106	522
1107	102
1108	886
1109	97
1110	626
1111	84
1112	1028
1113	70
1114	540
1115	76
1116	976
1117	78
1118	434
1119	95
1120	1143
1121	59
1122	537
1123	62
1124	861
1125	108
1126	462
1127	55
1128	1100
1129	69
1130	483
1131	66
1132	802
1133	74
1134	535
1135	66
1136	928
1137	70
1138	465
1139	73
1140	1041
1141	61
1142	417
1143	69
1144	873
1145	56
1146	499
1147	50
1148	777
1149	90
1150	397
1151	68
1152	2419
1153	63
1154	386
1155	64
1156	768
1157	64
1158	448
1159	64
1160	949
1161	75
1162	534
1163	53
1164	862
1165	67
1166	376
1167	115
1168	832
1169	46
1170	402
1171	50
1172	894
1173	66
1174	341
1175	56
1176	861
1177	49
1178	384
1179	62
1180	657
1181	65
1182	454
1183	51
1184	760
1185	62
1186	352
1187	42
1188	707
1189	56
1190	333
1191	70
1192	780
1193	49
1194	371
1195	49
1196	628
1197	64
1198	358
1199	41
1200	4000
1201	56
1202	407
1203	48
1204	812
1205	92
1206	439
1207	44
1208	949
1209	62
1210	493
1211	47
1212	815
1213	68
1214	337
1215	112
1216	818
1217	55
1218	411
1219	38
1220	732
1221	69
1222	335
1223	41
1224	884
1225	51
1226	330
1227	54
1228	600
1229	54
1230	415
1231	48
1232	737
1233	58
1234	339
1235	46
1236	663
1237	54
1238	299
1239	57
1240	719
1241	35
1242	366
1243	37
1244	563
1245	69
1246	298
1247	37
1248	710
1249	46
1250	307
1251	32
1252	547
1253	58
1254	339
1255	59
1256	616
1257	40
1258	283
1259	47
1260	616
1261	39
1262	286
1263	45
1264	608
1265	43
1266	313
1267	38
1268	512
1269	47
1270	248
1271	40
1272	667
1273	41
1274	269
1275	41
1276	453
1277	45
1278	292
1279	38
1280	3178
1281	44
1282	289
1283	39
1284	634
1285	75
1286	276
1287	58
1288	785
1289	45
1290	440
1291	34
1292	521
1293	61
1294	241
1295	51
1296	1465
1297	59
1298	294
1299	37
1300	634
1301	64
1302	302
1303	44
1304	660
1305	56
1306	347
1307	33
1308	489
1309	45
1310	277
1311	81
1312	588
1313	31
1314	286
1315	57
1316	503
1317	57
1318	242
1319	48
1320	668
1321	52
1322	240
1323	46
1324	373
1325	45
1326	274
1327	34
1328	601
1329	44
1330	216
1331	36
1332	439
1333	34
1334	239
1335	34
1336	499
1337	35
1338	270
1339	27
1340	428
1341	57
1342	213
1343	36
1344	577
1345	25
1346	218
1347	28
1348	405
1349	26
1350	251
1351	31
1352	470
1353	33
1354	230
1355	33
1356	465
1357	28
1358	213
1359	21
1360	471
1361	17
1362	240
1363	30
1364	346
1365	42
1366	186
1367	25
1368	439
1369	29
1370	232
1371	35
1372	362
1373	35
1374	238
1375	26
1376	472
1377	35
1378	180
1379	24
1380	419
1381	36
1382	201
1383	39
1384	399
1385	32
1386	235
1387	25
1388	317
1389	29
1390	184
1391	37
1392	398
1393	35
1394	178
1395	25
1396	332
1397	20
1398	190
1399	22
1400	417
1401	30
1402	174
1403	15
1404	325
1405	25
1406	184
1407	19
1408	391
1409	22
1410	193
1411	21
1412	296
1413	26
1414	153
1415	25
1416	363
1417	25
1418	177
1419	28
1420	266
1421	22
1422	182
1423	23
1424	346
1425	27
1426	157
1427	20
1428	278
1429	27
1430	172
1431	24
1432	259
1433	20
1434	177
1435	18
1436	272
1437	18
1438	136
1439	17
1440	4764
1441	20
1442	170
1443	28
1444	508
1445	126
1446	291
1447	17
1448	825
1449	53
1450	422
1451	17
1452	477
1453	72
1454	208
1455	94
1456	618
1457	33
1458	269
1459	31
1460	604
1461	69
1462	169
1463	49
1464	522
1465	44
1466	208
1467	37
1468	332
1469	48
1470	328
1471	33
1472	464
1473	33
1474	163
1475	34
1476	410
1477	41
1478	188
1479	49
1480	539
1481	21
1482	240
1483	31
1484	320
1485	55
1486	167
1487	33
1488	500
1489	21
1490	228
1491	40
1492	267
1493	35
1494	195
1495	30
1496	350
1497	27
1498	200
1499	11
1500	452
1501	27
1502	163
1503	30
1504	362
1505	30
1506	195
1507	21
1508	305
1509	30
1510	168
1511	21
1512	373
1513	23
1514	168
1515	31
1516	269
1517	30
1518	215
1519	27
1520	386
1521	25
1522	151
1523	29
1524	290
1525	37
1526	138
1527	28
1528	305
1529	22
1530	206
1531	14
1532	250
1533	25
1534	146
1535	26
1536	446
1537	20
1538	151
1539	25
1540	246
1541	27
1542	166
1543	26
1544	279
1545	23
1546	146
1547	17
1548	273
1549	19
1550	150
1551	19
1552	275
1553	25
1554	154
1555	17
1556	263
1557	26
1558	121
1559	26
1560	333
1561	16
1562	113
1563	19
1564	222
1565	24
1566	129
1567	11
1568	280
1569	24
1570	123
1571	17
1572	240
1573	19
1574	106
1575	18
1576	251
1577	15
1578	135
1579	14
1580	211
1581	27
1582	116
1583	20
1584	253
1585	13
1586	110
1587	15
1588	191
1589	18
1590	140
1591	20
1592	234
1593	24
1594	106
1595	13
1596	205
1597	13
1598	96
1599	25
1600	1737
1601	15
1602	135
1603	18
1604	297
1605	41
1606	123
1607	12
1608	343
1609	13
1610	165
1611	16
1612	235
1613	20
1614	114
1615	20
1616	254
1617	15
1618	107
1619	16
1620	595
1621	16
1622	73
1623	17
1624	245
1625	17
1626	109
1627	15
1628	212
1629	26
1630	132
1631	20
1632	292
1633	19
1634	108
1635	26
1636	193
1637	15
1638	123
1639	16
1640	246
1641	21
1642	85
1643	11
1644	217
1645	14
1646	85
1647	19
1648	225
1649	18
1650	129
1651	14
1652	174
1653	15
1654	95
1655	13
1656	226
1657	13
1658	85
1659	28
1660	183
1661	14
1662	86
1663	15
1664	188
1665	12
1666	75
1667	14
1668	189
1669	17
1670	80
1671	15
1672	156
1673	21
1674	108
1675	9
1676	125
1677	14
1678	93
1679	13
1680	240
1681	6
1682	82
1683	16
1684	135
1685	8
1686	84
1687	15
1688	187
1689	15
1690	93
1691	10
1692	177
1693	14
1694	75
1695	11
1696	173
1697	6
1698	78
1699	5
1700	149
1701	14
1702	74
1703	11
1704	178
1705	13
1706	72
1707	9
1708	143
1709	13
1710	88
1711	4
1712	157
1713	15
1714	68
1715	10
1716	152
1717	7
1718	65
1719	8
1720	147
1721	13
1722	71
1723	12
1724	131
1725	11
1726	63
1727	14
1728	644
1729	11
1730	45
1731	13
1732	102
1733	5
1734	65
1735	5
1736	134
1737	11
1738	100
1739	13
1740	129
1741	10
1742	55
1743	33
1744	107
1745	7
1746	78
1747	9
1748	153
1749	15
1750	61
1751	7
1752	140
1753	12
1754	49
1755	11
1756	142
1757	11
1758	88
1759	9
1760	142
1761	8
1762	61
1763	11
1764	119
1765	7
1766	81
1767	6
1768	164
1769	13
1770	84
1771	14
1772	135
1773	14
1774	62
1775	9
1776	152
1777	6
1778	63
1779	8
1780	125
1781	7
1782	82
1783	11
1784	145
1785	10
1786	78
1787	6
1788	159
1789	9
1790	77
1791	11
1792	137
1793	16
1794	66
1795	13
1796	133
1797	6
1798	78
1799	8
1800	505
1801	10
1802	64
1803	10
1804	133
1805	13
1806	109
1807	9
1808	156
1809	14
1810	75
1811	6
1812	141
1813	9
1814	63
1815	11
1816	145
1817	12
1818	83
1819	8
1820	137
1821	13
1822	62
1823	8
1824	157
1825	9
1826	52
1827	11
1828	108
1829	15
1830	91
1831	11
1832	125
1833	15
1834	57
1835	5
1836	115
1837	7
1838	57
1839	9
1840	126
1841	5
1842	69
1843	6
1844	109
1845	10
1846	44
1847	12
1848	170
1849	7
1850	40
1851	6
1852	105
1853	5
1854	64
1855	9
1856	118
1857	4
1858	54
1859	4
1860	116
1861	7
1862	60
1863	6
1864	100
1865	7
1866	68
1867	7
1868	98
1869	9
1870	57
1871	8
1872	119
1873	6
1874	60
1875	9
1876	107
1877	7
1878	51
1879	8
1880	107
1881	5
1882	53
1883	8
1884	97
1885	7
1886	57
1887	12
1888	116
1889	2
1890	56
1891	10
1892	71
1893	2
1894	47
1895	8
1896	129
1897	10
1898	31
1899	8
1900	91
1901	7
1902	60
1903	10
1904	84
1905	6
1906	48
1907	8
1908	79
1909	14
1910	39
1911	7
1912	85
1913	8
1914	46
1915	3
1916	71
1917	7
1918	48
1919	6
1920	2060
1921	8
1922	44
1923	9
1924	168
1925	32
1926	98
1927	6
1928	328
1929	19
1930	148
1931	9
1932	188
1933	27
1934	55
1935	43
1936	261
1937	19
1938	89
1939	15
1940	208
1941	42
1942	48
1943	17
1944	250
1945	14
1946	68
1947	16
1948	131
1949	13
1950	106
1951	19
1952	185
1953	8
1954	74
1955	12
1956	162
1957	15
1958	57
1959	19
1960	192
1961	6
1962	72
1963	6
1964	106
1965	20
1966	60
1967	16
1968	209
1969	12
1970	70
1971	14
1972	88
1973	16
1974	68
1975	13
1976	103
1977	9
1978	83
1979	6
1980	128
1981	8
1982	47
1983	10
1984	131
1985	10
1986	61
1987	5
1988	85
1989	16
1990	49
1991	6
1992	103
1993	7
1994	65
1995	15
1996	80
1997	8
1998	60
1999	6
2000	107
2001	6
2002	42
2003	8
2004	101
2005	12
2006	47
2007	12
2008	89
2009	10
2010	64
2011	4
2012	92
2013	10
2014	48
2015	5
2016	119
2017	3
2018	42
2019	6
2020	78
2021	13
2022	56
2023	8
2024	75
2025	3
2026	58
2027	5
2028	83
2029	4
2030	42
2031	7
2032	83
2033	5
2034	52
2035	11
2036	61
2037	9
2038	39
2039	6
2040	110
2041	3
2042	32
2043	11
2044	50
2045	8
2046	45
2047	6
2048	94
2049	8
2050	33
2051	5
2052	84
2053	4
2054	29
2055	6
2056	69
2057	8
2058	41
2059	2
2060	68
2061	3
2062	37
2063	8
2064	101
2065	10
2066	31
2067	11
2068	53
2069	12
2070	44
2071	5
2072	55
2073	4
2074	38
2075	7
2076	53
2077	4
2078	27
2079	4
2080	81
2081	3
2082	45
2083	9
2084	54
2085	3
2086	33
2087	6
2088	73
2089	5
2090	37
2091	5
2092	56
2093	7
2094	40
2095	3
2096	68
2097	3
2098	29
2099	5
2100	55
2101	3
2102	42
2103	9
2104	58
2105	5
2106	43
2107	4
2108	46
2109	10
2110	35
2111	4
2112	66
2113	2
2114	31
2115	4
2116	49
2117	9
2118	33
2119	4
2120	68
2121	4
2122	31
2123	3
2124	51
2125	5
2126	16
2127	4
2128	44
2129	6
2130	33
2131	4
2132	38
2133	6
2134	21
2135	1
2136	51
2137	4
2138	22
2139	8
2140	42
2141	8
2142	26
2143	4
2144	56
2145	3
2146	24
2147	2
2148	46
2149	1
2150	27
2151	3
2152	44
2153	1
2154	26
2155	7
2156	33
2157	5
2158	23
2159	3
2160	773
2161	7
2162	25
2163	7
2164	88
2165	16
2166	48
2167	4
2168	131
2169	12
2170	58
2171	3
2172	114
2173	10
2174	25
2175	21
2176	105
2177	6
2178	47
2179	3
2180	77
2181	10
2182	24
2183	9
2184	85
2185	7
2186	32
2187	9
2188	45
2189	8
2190	62
2191	5
2192	66
2193	5
2194	33
2195	6
2196	62
2197	6
2198	33
2199	7
2200	87
2201	12
2202	33
2203	5
2204	55
2205	9
2206	36
2207	8
2208	96
2209	2
2210	34
2211	1
2212	64
2213	5
2214	41
2215	5
2216	59
2217	3
2218	28
2219	1
2220	80
2221	6
2222	38
2223	5
2224	57
2225	3
2226	39
2227	3
2228	58
2229	7
2230	33
2231	2
2232	84
2233	9
2234	31
2235	6
2236	56
2237	4
2238	27
2239	4
2240	69
2241	3
2242	33
2243	4
2244	59
2245	7
2246	30
2247	8
2248	63
2249	4
2250	30
2251	7
2252	43
2253	4
2254	17
2255	4
2256	72
2257	2
2258	24
2259	3
2260	54
2261	7
2262	28
2264	50
2265	6
2266	38
2267	4
2268	55
2269	2
2270	30
2271	5
2272	48
2273	5
2274	28
2275	2
2276	43
2277	8
2278	17
2279	4
2280	74
2282	38
2283	4
2284	43
2285	2
2286	34
2287	3
2288	53
2289	2
2290	26
2291	1
2292	41
2293	4
2294	20
2295	9
2296	46
2297	4
2298	16
2299	5
2300	51
2301	5
2302	20
2303	4
2304	121
2305	7
2306	26
2307	6
2308	47
2309	2
2310	27
2311	3
2312	60
2313	5
2314	26
2315	2
2316	49
2318	14
2319	6
2320	56
2321	4
2322	22
2323	2
2324	39
2325	5
2326	15
2327	8
2328	45
2329	5
2330	28
2332	36
2333	1
2334	23
2335	3
2336	32
2337	2
2338	20
2339	3
2340	38
2341	2
2342	27
2343	2
2344	48
2346	17
2347	3
2348	41
2349	9
2350	26
2351	5
2352	61
2353	5
2354	14
2355	1
2356	33
2357	5
2358	23
2359	2
2360	43
2361	3
2362	19
2363	3
2364	34
2365	2
2366	20
2367	2
2368	42
2369	4
2370	22
2371	3
2372	25
2373	7
2374	16
2375	4
2376	32
2377	3
2378	27
2379	2
2380	28
2382	26
2383	1
2384	44
2385	3
2386	26
2387	2
2388	35
2389	4
2390	21
2391	5
2392	30
2393	2
2394	22
2395	3
2396	26
2397	2
2398	12
2399	1
2400	855
2401	3
2402	23
2404	63
2405	10
2406	41
2407	6
2408	106
2409	4
2410	47
2411	3
2412	84
2413	1
2414	24
2415	4
2416	56
2417	3
2418	31
2419	2
2420	63
2421	4
2422	17
2423	3
2424	63
2425	5
2426	17
2427	5
2428	31
2429	7
2430	53
2431	4
2432	45
2433	7
2434	13
2435	3
2436	43
2437	4
2438	18
2439	1
2440	51
2441	2
2442	21
2443	2
2444	30
2445	3
2446	24
2447	3
2448	46
2449	5
2450	22
2451	3
2452	27
2453	2
2454	21
2455	5
2456	29
2457	3
2458	20
2459	2
2460	54
2461	1
2462	13
2463	3
2464	31
2465	1
2466	23
2468	27
2469	3
2470	13
2471	3
2472	40
2473	5
2474	18
2475	1
2476	19
2478	17
2479	4
2480	48
2481	1
2482	15
2484	42
2485	5
2486	19
2487	5
2488	22
2489	1
2490	17
2491	5
2492	27
2493	1
2494	15
2495	3
2496	36
2497	6
2498	22
2499	4
2500	28
2501	5
2502	22
2503	1
2504	21
2505	1
2506	19
2507	2
2508	26
2509	1
2510	14
2511	1
2512	29
2513	1
2514	15
2515	1
2516	22
2517	6
2518	15
2519	2
2520	36
2521	1
2522	22
2523	2
2524	15
2525	4
2526	20
2527	1
2528	28
2529	1
2530	12
2531	1
2532	25
2533	2
2534	13
2535	2
2536	22
2537	2
2538	16
2539	1
2540	23
2541	1
2542	11
2543	1
2544	26
2545	2
2546	11
2548	14
2549	1
2550	10
2551	1
2552	17
2553	1
2554	9
2555	2
2556	28
2557	4
2558	10
2559	2
2560	220
2561	2
2562	10
2563	2
2564	29
2565	1
2566	9
2567	1
2568	31
2569	1
2570	16
2571	1
2572	20
2573	2
2574	15
2575	3
2576	38
2577	4
2578	15
2579	3
2580	30
2581	1
2582	3
2583	4
2584	38
2585	5
2586	14
2587	1
2588	16
2589	5
2590	15
2591	3
2592	132
2593	3
2594	7
2595	4
2596	23
2597	2
2598	12
2600	34
2601	1
2602	13
2603	3
2604	19
2605	5
2606	9
2607	9
2608	29
2609	1
2610	11
2611	2
2612	19
2613	2
2614	11
2615	3
2616	24
2617	2
2618	15
2619	2
2620	23
2621	1
2622	27
2623	3
2624	29
2625	2
2626	14
2627	2
2628	29
2629	4
2630	15
2631	2
2632	23
2633	1
2634	16
2636	24
2637	9
2638	7
2639	3
2640	34
2641	3
2642	10
2643	2
2644	24
2646	17
2647	2
2648	26
2650	14
2652	25
2653	2
2654	16
2655	2
2656	40
2657	2
2658	17
2659	2
2660	39
2661	3
2662	15
2663	1
2664	32
2666	8
2668	25
2669	1
2670	14
2671	1
2672	33
2674	19
2675	4
2676	27
2677	4
2678	10
2679	2
2680	19
2681	3
2682	17
2683	2
2684	17
2685	1
2686	15
2687	1
2688	33
2689	1
2690	5
2692	25
2693	2
2694	15
2695	1
2696	18
2697	5
2698	12
2699	3
2700	41
2701	2
2702	15
2703	4
2704	30
2706	15
2707	2
2708	21
2709	5
2710	7
2711	1
2712	33
2713	1
2714	11
2715	1
2716	19
2717	2
2718	12
2720	26
2722	5
2723	1
2724	31
2726	8
2728	29
2729	1
2730	13
2732	14
2733	2
2734	5
2735	2
2736	20
2738	8
2739	2
2740	21
2741	1
2742	15
2743	3
2744	23
2745	2
2746	10
2747	1
2748	22
2749	2
2750	8
2751	5
2752	26
2753	2
2754	6
2756	12
2757	1
2758	7
2759	2
2760	19
2761	3
2762	7
2763	3
2764	15
2765	2
2766	7
2768	22
2770	12
2772	17
2773	2
2774	5
2775	1
2776	20
2777	3
2778	12
2779	3
2780	13
2782	5
2783	3
2784	23
2785	2
2786	9
2787	2
2788	12
2789	2
2790	12
2791	2
2792	17
2793	2
2794	11
2795	1
2796	13
2797	1
2798	10
2799	1
2800	19
2801	2
2802	16
2804	13
2805	3
2806	9
2807	1
2808	11
2809	5
2810	9
2811	1
2812	7
2813	3
2814	5
2815	1
2816	14
2818	10
2820	12
2821	2
2822	11
2823	4
2824	10
2825	2
2826	7
2827	1
2828	12
2829	2
2830	4
2832	11
2833	1
2834	7
2835	1
2836	14
2837	1
2838	9
2840	19
2842	10
2843	2
2844	14
2845	1
2846	10
2847	3
2848	16
2849	3
2850	7
2851	1
2852	6
2854	7
2855	3
2856	10
2857	3
2858	5
2860	12
2861	1
2862	6
2864	13
2866	5
2867	1
2868	11
2869	1
2870	4
2871	1
2872	11
2873	1
2874	5
2875	1
2876	12
2877	2
2878	10
2879	2
2880	635
2881	1
2882	5
2883	3
2884	30
2885	8
2886	16
2887	1
2888	70
2889	2
2890	38
2891	3
2892	64
2893	7
2894	16
2895	15
2896	59
2897	5
2898	21
2899	5
2900	51
2901	6
2902	11
2903	3
2904	52
2905	5
2906	15
2907	5
2908	27
2909	3
2910	32
2911	7
2912	43
2913	1
2914	17
2915	2
2916	42
2917	7
2918	19
2919	5
2920	51
2921	3
2922	20
2923	3
2924	27
2925	4
2926	14
2927	4
2928	55
2929	2
2930	14
2931	2
2932	19
2933	9
2934	14
2935	2
2936	22
2937	3
2938	12
2939	2
2940	49
2941	4
2942	12
2943	4
2944	25
2945	2
2946	11
2947	2
2948	28
2949	3
2950	12
2951	1
2952	23
2953	5
2954	15
2955	7
2956	14
2957	3
2958	15
2960	27
2961	2
2962	4
2963	4
2964	28
2965	2
2966	9
2967	4
2968	17
2969	3
2970	16
2971	5
2972	19
2973	6
2974	7
2975	3
2976	32
2978	13
2979	1
2980	18
2981	4
2982	11
2983	2
2984	13
2985	1
2986	10
2987	1
2988	20
2989	1
2990	8
2991	5
2992	21
2993	1
2994	12
2995	1
2996	19
2997	1
2998	6
2999	2
3000	34
3001	1
3002	9
3003	4
3004	12
3005	2
3006	18
3007	1
3008	24
3009	1
3010	6
3011	1
3012	15
3013	1
3014	4
3015	3
3016	15
3017	2
3018	11
3019	1
3020	18
3021	3
3022	7
3024	14
3026	2
3027	1
3028	9
3029	1
3030	5
3031	1
3032	11
3033	2
3034	10
3035	2
3036	17
3037	1
3038	4
3039	3
3040	21
3041	1
3042	7
3043	1
3044	11
3045	2
3046	9
3047	3
3048	18
3049	2
3050	9
3052	8
3053	4
3054	8
3055	1
3056	17
3058	6
3059	1
3060	16
3061	3
3062	8
3063	2
3064	11
3065	2
3066	9
3068	9
3070	9
3071	2
3072	20
3073	5
3074	5
3075	1
3076	9
3077	1
3078	10
3080	14
3082	10
3083	2
3084	12
3085	2
3086	6
3088	8
3090	2
3091	1
3092	11
3094	3
3096	9
3097	2
3098	4
3099	1
3100	15
3101	1
3102	5
3104	9
3106	9
3107	2
3108	16
3110	4
3111	5
3112	7
3113	1
3114	7
3115	1
3116	8
3117	1
3118	7
3119	2
3120	20
3121	1
3122	1
3124	6
3125	1
3126	5
3128	6
3129	2
3130	3
3131	1
3132	12
3133	2
3134	8
3136	16
3137	1
3138	5
3140	9
3142	3
3143	2
3144	6
3146	3
3147	1
3148	16
3149	1
3150	4
3152	16
3153	1
3154	5
3156	19
3158	3
3159	2
3160	8
3161	1
3162	3
3163	1
3164	10
3165	2
3166	4
3167	2
3168	17
3169	1
3170	5
3172	6
3173	3
3174	5
3175	1
3176	9
3177	2
3178	4
3179	2
3180	5
3182	2
3184	14
3185	1
3186	3
3187	3
3188	12
3190	3
3192	10
3193	1
3194	4
3196	6
3198	6
3200	180
3201	2
3202	8
3204	8
3205	2
3206	12
3208	25
3210	9
3211	1
3212	10
3213	2
3214	4
3216	15
3218	6
3219	2
3220	8
3221	1
3222	3
3224	16
3225	3
3226	2
3227	1
3228	7
3229	3
3230	6
3232	18
3234	4
3236	10
3238	6
3240	102
3241	2
3242	1
3243	2
3244	13
3245	2
3246	2
3248	21
3249	2
3250	5
3252	14
3253	3
3254	3
3255	3
3256	16
3257	3
3258	2
3260	8
3261	2
3262	4
3264	13
3265	1
3266	5
3267	5
3268	7
3269	1
3270	6
3271	1
3272	13
3273	3
3274	3
3276	12
3277	1
3278	7
3279	1
3280	12
3281	1
3282	4
3284	10
3285	4
3286	6
3288	16
3290	4
3291	1
3292	8
3293	1
3294	4
3296	11
3298	3
3299	1
3300	9
3302	5
3303	3
3304	9
3306	3
3307	1
3308	7
3309	2
3310	1
3312	6
3314	5
3316	7
3318	5
3320	15
3321	2
3322	4
3324	5
3326	6
3327	1
3328	10
3329	1
3330	5
3332	7
3333	3
3334	3
3336	4
3337	2
3338	5
3339	1
3340	9
3341	1
3342	3
3344	6
3346	3
3348	7
3350	2
3351	1
3352	7
3354	3
3355	1
3356	7
3358	1
3359	2
3360	8
3362	5
3363	2
3364	6
3366	6
3368	4
3370	7
3371	2
3372	10
3373	4
3374	3
3376	7
3378	1
3379	1
3380	6
3381	1
3382	4
3384	11
3386	3
3387	1
3388	5
3389	1
3390	4
3391	2
3392	6
3393	1
3394	5
3395	2
3396	5
3397	1
3398	4
3399	1
3400	10
3402	9
3403	1
3404	7
3405	1
3406	4
3408	6
3410	2
3412	4
3414	2
3416	9
3418	4
3420	2
3422	3
3424	3
3426	3
3427	1
3428	5
3430	7
3432	8
3435	1
3436	5
3438	3
3439	3
3440	5
3441	1
3442	3
3444	9
3445	1
3448	3
3450	6
3452	6
3453	1
3454	5
3455	2
3456	32
3458	6
3459	1
3460	6
3462	3
3463	1
3464	2
3465	1
3466	6
3467	2
3468	5
3470	2
3471	1
3472	9
3474	8
3475	2
3476	5
3478	4
3480	11
3481	1
3482	4
3484	9
3485	1
3486	6
3487	2
3488	6
3490	3
3491	2
3492	3
3494	5
3496	11
3497	2
3498	3
3500	5
3501	1
3502	5
3503	1
3504	9
3506	4
3508	4
3510	10
3511	1
3512	8
3514	4
3516	8
3518	4
3519	2
3520	12
3521	2
3522	2
3524	6
3525	3
3526	2
3527	1
3528	11
3530	3
3531	1
3532	4
3533	1
3534	5
3535	3
3536	8
3537	1
3538	4
3540	7
3541	1
3542	4
3543	2
3544	13
3545	1
3546	3
3547	1
3548	2
3549	1
3550	3
3551	1
3552	7
3554	5
3556	5
3557	1
3558	5
3559	1
3560	2
3562	3
3564	7
3566	1
3568	11
3570	6
3571	1
3572	5
3573	1
3574	3
3576	4
3578	3
3580	3
3581	1
3582	5
3584	6
3586	1
3587	1
3588	7
3590	1
3592	5
3594	2
3595	1
3596	5
3598	5
3599	1
3600	133
3601	1
3602	2
3604	11
3605	1
3606	11
3607	1
3608	19
3609	1
3610	6
3612	20
3613	2
3614	2
3615	2
3616	18
3618	5
3620	9
3621	2
3622	3
3623	2
3624	15
3626	2
3627	1
3628	7
3629	1
3630	13
3632	4
3634	2
3636	8
3638	3
3639	1
3640	12
3641	1
3642	5
3644	3
3647	1
3648	16
3652	7
3654	1
3655	2
3656	4
3659	1
3660	9
3662	2
3663	2
3664	6
3665	1
3666	2
3668	3
3669	1
3670	1
3672	9
3674	2
3675	2
3676	3
3677	1
3678	2
3679	1
3680	10
3684	4
3685	1
3686	2
3688	7
3690	3
3692	8
3694	2
3695	2
3696	6
3697	1
3698	5
3700	2
3702	1
3703	1
3704	7
3706	5
3708	6
3710	1
3712	5
3713	1
3714	2
3716	3
3718	1
3719	1
3720	8
3723	1
3724	3
3726	1
3727	2
3728	6
3730	3
3731	1
3732	3
3734	1
3735	1
3736	5
3737	1
3738	4
3740	4
3742	2
3744	5
3746	4
3748	4
3749	1
3750	3
3751	1
3752	10
3754	1
3755	1
3756	5
3758	3
3759	1
3760	3
3762	7
3763	1
3764	1
3767	1
3768	1
3769	1
3770	1
3772	4
3774	2
3775	1
3776	3
3778	3
3780	4
3782	2
3784	2
3786	2
3787	1
3788	1
3790	1
3791	1
3792	6
3794	1
3795	1
3797	1
3798	1
3799	2
3800	3
3801	1
3802	2
3803	1
3804	4
3805	1
3806	2
3807	1
3808	3
3809	2
3810	1
3811	1
3812	2
3814	1
3816	2
3817	1
3820	3
3826	1
3828	4
3832	2
3834	1
3836	4
3837	1
3840	123
3842	1
3844	9
3846	5
3848	22
3850	5
3851	1
3852	9
3853	2
3854	3
3855	1
3856	17
3857	2
3858	6
3860	7
3861	7
3862	4
3863	1
3864	10
3865	1
3866	8
3868	7
3869	1
3870	4
3871	1
3872	18
3874	7
3876	12
3878	6
3879	1
3880	8
3881	1
3882	3
3884	3
3885	1
3886	1
3887	2
3888	19
3890	2
3891	1
3892	5
3893	1
3894	3
3895	1
3896	2
3898	6
3899	1
3900	9
3902	1
3903	1
3904	11
3905	1
3906	5
3908	7
3910	3
3911	1
3912	7
3913	1
3914	1
3916	8
3917	1
3918	3
3919	2
3920	6
3922	3
3924	3
3925	1
3926	2
3928	4
3930	2
3931	1
3932	3
3933	1
3934	2
3936	7
3937	1
3938	2
3939	1
3940	1
3941	1
3942	2
3943	1
3944	8
3945	2
3946	7
3948	6
3950	3
3951	1
3952	5
3953	2
3954	7
3956	6
3957	2
3960	8
3962	5
3964	6
3965	1
3966	2
3968	5
3970	3
3972	2
3975	4
3976	5
3977	1
3978	2
3980	2
3982	4
3984	3
3985	1
3986	2
3988	3
3990	1
3992	3
3993	1
3994	1
3996	2
3998	3
3999	3
4000	7
4002	2
4004	5
4006	2
4008	4
4010	2
4011	1
4014	2
4016	3
4018	1
4020	3
4022	3
4023	1
4024	4
4025	2
4026	1
4027	1
4028	4
4030	1
4031	1
4032	5
4033	1
4034	3
4035	1
4036	1
4038	3
4040	6
4041	1
4042	1
4044	1
4045	1
4048	2
4049	1
4052	2
4054	3
4055	1
4056	5
4058	2
4060	2
4061	1
4062	1
4064	1
4066	2
4067	1
4068	4
4069	2
4070	4
4071	2
4072	5
4074	4
4076	2
4078	1
4080	6
4081	1
4082	2
4083	1
4084	1
4086	1
4087	1
4088	3
4090	1
4092	1
4096	4
4098	1
4100	6
4101	1
4102	3
4104	1
4106	1
4108	3
4110	1
4112	4
4113	1
4114	1
4116	1
4117	2
4118	2
4120	2
4122	2
4124	3
4125	2
4127	1
4128	2
4130	3
4131	1
4132	2
4135	1
4136	2
4137	1
4138	1
4140	3
4142	2
4143	1
4144	6
4146	2
4148	2
4149	2
4150	1
4152	6
4154	1
4155	1
4158	1
4159	1
4160	2
4162	1
4164	1
4166	1
4168	8
4169	2
4170	1
4171	1
4173	1
4174	1
4176	3
4177	1
4178	1
4180	4
4182	1
4184	2
4187	1
4188	6
4190	1
4192	5
4194	1
4196	2
4198	1
4200	3
4202	1
4208	6
4209	1
4210	1
4212	1
4214	1
4216	1
4218	1
4220	2
4221	1
4222	2
4224	3
4226	1
4228	1
4230	2
4231	1
4232	4
4234	1
4236	2
4237	2
4238	2
4239	1
4240	2
4243	1
4246	1
4248	6
4249	1
4250	2
4252	3
4256	3
4257	1
4258	2
4260	2
4262	2
4264	2
4272	5
4276	1
4277	1
4280	2
4282	1
4287	1
4288	1
4291	1
4292	1
4296	2
4298	2
4300	1
4303	1
4306	1
4308	2
4312	2
4316	3
4318	1
4320	93
4324	1
4325	1
4326	5
4328	5
4329	1
4330	11
4332	9
4333	1
4334	3
4335	2
4336	13
4337	1
4338	3
4340	9
4341	1
4342	1
4343	1
4344	5
4346	3
4347	1
4348	8
4349	1
4350	9
4351	2
4352	12
4354	4
4355	2
4356	7
4357	1
4358	3
4359	1
4360	8
4361	2
4362	1
4364	7
4365	2
4368	8
4369	1
4370	5
4372	3
4373	3
4374	1
4376	6
4380	6
4381	2
4382	2
4383	2
4384	2
4385	1
4386	1
4388	1
4390	2
4392	5
4394	2
4395	1
4396	2
4398	5
4400	1
4401	3
4402	2
4404	1
4406	2
4407	1
4408	3
4410	2
4412	6
4414	2
4415	1
4416	8
4417	1
4418	1
4420	1
4424	1
4426	2
4428	1
4430	1
4432	3
4433	1
4434	1
4435	1
4436	2
4437	1
4438	2
4440	1
4443	1
4444	2
4446	2
4448	3
4449	1
4450	1
4452	2
4453	1
4454	3
4455	2
4456	1
4457	1
4458	1
4460	4
4462	2
4463	1
4464	4
4466	1
4467	1
4468	1
4470	4
4472	6
4474	1
4476	2
4478	1
4479	3
4480	4
4484	1
4485	1
4486	1
4488	8
4490	2
4496	1
4498	1
4499	1
4500	2
4502	2
4503	1
4504	4
4505	1
4506	2
4508	2
4510	3
4511	1
4512	2
4513	1
4514	2
4516	2
4518	1
4520	1
4522	3
4524	4
4526	1
4528	3
4530	1
4534	3
4536	2
4538	2
4542	1
4544	2
4546	2
4548	2
4550	1
4552	2
4554	2
4560	4
4563	2
4564	2
4566	1
4568	2
4569	1
4572	4
4574	1
4576	1
4581	1
4582	2
4587	1
4588	2
4592	2
4594	1
4596	4
4598	1
4600	1
4602	1
4604	1
4608	4
4610	3
4612	1
4614	1
4617	1
4620	4
4624	3
4626	1
4628	2
4632	1
4639	1
4640	2
4644	5
4646	1
4651	1
4652	2
4653	1
4654	2
4656	1
4657	1
4660	1
4662	1
4668	1
4670	2
4673	1
4674	1
4676	1
4678	2
4680	3
4684	1
4688	6
4689	1
4692	1
4694	1
4695	2
4702	1
4704	1
4706	1
4708	2
4710	2
4712	3
4713	1
4716	2
4717	1
4718	1
4720	2
4722	1
4724	2
4726	1
4728	1
4731	1
4736	1
4738	1
4740	1
4744	2
4748	1
4750	2
4753	1
4756	1
4757	1
4758	1
4760	1
4764	1
4766	1
4772	2
4774	1
4776	3
4779	1
4783	1
4784	1
4787	1
4788	1
4790	1
4792	1
4793	1
4798	2
4800	121
4802	3
4804	5
4806	2
4808	10
4809	1
4810	5
4812	8
4813	1
4814	2
4815	1
4816	6
4818	3
4820	2
4822	1
4824	9
4826	1
4828	4
4830	6
4834	1
4836	1
4838	1
4840	2
4842	1
4844	2
4848	4
4850	1
4852	3
4858	1
4860	8
4864	3
4865	1
4866	1
4868	4
4872	5
4875	2
4876	1
4880	1
4884	3
4886	1
4888	1
4892	1
4894	1
4896	1
4898	1
4906	1
4910	2
4916	2
4920	2
4925	1
4926	1
4928	1
4929	1
4930	1
4933	1
4937	1
4940	1
4942	1
4944	2
4946	1
4950	1
4952	3
4954	2
4956	2
4962	2
4963	1
4964	2
4966	1
4968	1
4977	1
4978	1
4984	1
4986	1
4988	1
4992	1
4994	1
4996	2
5001	1
5002	3
5004	2
5007	1
5012	1
5018	2
5024	3
5026	1
5027	1
5028	3
5032	1
5036	2
5042	1
5048	2
5055	1
5056	1
5059	2
5064	1
5066	1
5070	1
5072	1
5073	1
5074	2
5077	1
5081	1
5098	3
5100	1
5101	1
5108	2
5116	2
5120	7
5122	2
5124	2
5126	2
5128	1
5129	1
5131	1
5132	1
5134	1
5135	1
5140	1
5143	1
5148	1
5150	1
5152	1
5154	2
5155	1
5156	1
5160	3
5165	1
5166	1
5168	2
5169	1
5170	1
5172	3
5174	2
5176	1
5180	1
5184	5
5185	1
5194	3
5198	1
5200	1
5204	1
5206	1
5209	1
5221	1
5226	1
5228	1
5229	1
5230	1
5234	1
5238	1
5240	1
5241	1
5246	2
5248	1
5250	1
5255	1
5259	1
5270	1
5272	1
5273	1
5274	1
5276	1
5280	1
5283	1
5284	3
5285	1
5286	2
5288	2
5290	1
5292	2
5294	1
5297	1
5298	2
5299	2
5302	1
5304	1
5312	1
5316	2
5320	1
5322	1
5324	2
5326	1
5331	1
5334	1
5340	1
5344	1
5347	1
5348	2
5352	2
5364	1
5367	1
5379	1
5380	1
5386	1
5388	1
5400	10
5404	1
5412	1
5414	2
5416	2
5419	1
5420	1
5424	1
5428	1
5430	1
5435	1
5436	1
5440	1
5446	1
5448	1
5456	1
5457	1
5461	1
5468	1
5475	1
5476	1
5480	1
5484	1
5488	2
5497	1
5508	1
5510	1
5512	1
5514	1
5516	1
5518	1
5520	1
5523	1
5526	1
5532	2
5534	1
5536	2
5538	1
5540	1
5556	1
5559	1
5564	1
5566	2
5568	1
5570	1
5582	1
5598	1
5612	1
5616	1
5628	1
5630	1
5636	1
5653	1
5656	1
5698	1
5700	1
5714	1
5724	1
5740	1
5748	1
5760	51
5762	1
5766	2
5768	5
5769	1
5770	2
5772	6
5773	2
5774	1
5775	1
5776	2
5777	1
5778	1
5780	3
5781	2
5783	1
5784	5
5786	1
5789	1
5790	2
5792	3
5796	5
5800	1
5801	1
5806	3
5808	1
5810	1
5817	1
5818	4
5820	1
5821	1
5823	1
5825	1
5826	1
5827	1
5828	3
5830	3
5832	2
5833	1
5836	1
5837	1
5840	2
5844	1
5847	1
5850	1
5852	1
5853	1
5856	1
5858	1
5864	1
5866	1
5868	3
5870	1
5871	1
5875	1
5878	1
5885	1
5888	1
5889	1
5892	1
5896	1
5898	1
5900	1
5904	1
5906	1
5907	2
5909	1
5910	1
5914	1
5917	1
5920	1
5922	1
5924	1
5928	1
5932	1
5938	1
5940	3
5942	1
5944	1
5950	2
5952	2
5960	2
5962	1
5966	1
5968	1
5970	2
5972	1
5975	1
5978	1
5990	1
6005	1
6010	1
6012	1
6017	1
6021	2
6025	1
6033	1
6046	1
6047	1
6048	2
6051	1
6055	2
6060	1
6064	1
6068	1
6071	1
6078	1
6079	1
6084	1
6092	3
6096	1
6102	1
6104	2
6114	1
6118	2
6120	2
6126	1
6130	1
6131	1
6134	1
6150	1
6152	2
6156	3
6164	3
6167	1
6172	1
6175	1
6184	1
6198	1
6202	2
6208	1
6216	3
6220	2
6222	1
6262	1
6264	1
6285	1
6305	1
6324	2
6344	1
6346	1
6360	1
6369	1
6400	11
6432	1
6454	1
6456	2
6462	1
6464	1
6474	1
6478	1
6480	10
6488	2
6490	1
6504	2
6505	1
6522	1
6526	1
6532	1
6534	4
6536	1
6537	1
6540	2
6541	1
6546	2
6548	1
6566	1
6572	1
6582	1
6584	1
6590	1
6594	1
6596	1
6600	1
6625	1
6627	1
6628	1
6629	1
6640	1
6642	1
6643	1
6662	1
6664	2
6668	1
6669	1
6676	1
6678	2
6681	1
6692	1
6696	1
6712	1
6716	1
6718	1
6726	1
6732	1
6734	1
6744	1
6749	1
6753	1
6757	1
6768	1
6772	1
6784	1
6800	1
6802	1
6804	1
6806	1
6818	1
6824	1
6844	1
6852	1
6868	1
6876	1
6892	1
6897	1
6904	1
6925	1
6928	1
6932	1
6938	1
6940	1
6942	1
6946	1
6960	1
6968	1
6975	1
6978	1
6986	1
7002	1
7039	1
7082	1
7100	1
7106	1
7108	1
7122	1
7146	1
7150	1
7200	29
7206	1
7208	1
7209	1
7212	4
7216	2
7218	1
7220	3
7233	1
7236	1
7240	1
7248	2
7250	1
7261	1
7264	1
7272	1
7308	1
7310	1
7321	1
7336	1
7337	1
7353	1
7359	1
7364	1
7398	1
7400	1
7402	1
7452	1
7465	1
7476	1
7524	2
7534	1
7594	1
7640	1
7644	1
7649	1
7656	1
7667	1
7686	1
7688	2
7692	1
7693	1
7696	2
7702	1
7716	1
7722	1
7723	1
7728	1
7743	1
7752	1
7753	1
7764	1
7776	3
7781	1
7800	1
7804	1
7836	1
7840	1
7856	1
7858	1
7862	1
7877	1
7892	1
7944	1
7956	1
7974	1
7986	1
7996	1
8036	1
8042	1
8083	1
8100	1
8123	1
8132	1
8152	1
8174	1
8178	1
8192	1
8214	1
8258	1
8354	1
8400	1
8420	1
8422	1
8470	1
8640	11
8648	3
8652	1
8670	1
8671	1
8678	1
8688	1
8710	1
8724	1
8732	1
8741	1
8758	2
8811	1
8930	1
8933	1
8944	1
9000	1
9015	1
9018	1
9028	1
9107	1
9207	1
9378	1
9388	1
9394	1
9486	1
9572	1
9580	1
9600	6
9604	2
9618	1
9624	1
9632	1
9666	1
9688	1
9689	1
9716	1
9718	1
9720	2
9744	1
9760	1
9807	1
9836	1
9859	1
9904	1
9928	1
10008	1
10013	1
10055	1
10068	1
10397	1
10800	2
10808	1
10812	1
10872	1
10892	1
10940	1
10958	1
11096	1
11140	1
11145	1
11322	1
11381	1
11488	1
11520	1
11532	1
11568	1
11636	1
11712	1
11772	1
11808	1
12149	1
12201	1
12464	1
12800	1
12806	1
12960	2
12968	1
12970	1
12999	1
13016	1
13020	1
13021	1
13084	1
13272	1
13812	1
14400	1
14445	1
14466	1
14506	1
16102	1
16200	2
16282	1
16326	1
16445	1
17920	1
20852	1
21790	1
21902	1
