RTP and Standard Deviation Breakdown
Name	RTP	StDev
Initial	0.318145	43.72
Tumbles	0.346891	53.2
Base Total	0.665036	71.7
Free Spins	0.300046	170.1
Total	0.965082	184.7
----------------------------------------
Iterations	1000000000
Total Pay	6.001e+09
Feature Hits
Feature	Hits	Hit Rate
Base	222195696	4.5005372
Base Win	219707346	4.5515092
FS Tease	35235083	28.380804
Free Spins	3029148	330.12583
FS Trigger 3	2894253	345.5123
FS Trigger 4	131675	7594.456
FS Trigger 5	3181	314366.55
FS Trigger 6	39	25641026
----------------------------------------
Base Hits
Symbol	1	2	3	4	5	6
WL	0	0	0	0	0	0
R1	0	0	31214880	14714982	8855734	2601651
R2	0	0	29073717	15489469	11278469	2483126
R3	0	0	44435600	22967134	17774385	6465821
R4	0	0	19786635	8898260	5333799	1576541
R5	0	0	61348364	38403370	16704689	8342416
R6	0	0	99049944	53461406	20886601	12017707
S1	0	0	69971203	40282239	19982376	13008261
S2	0	0	103696690	54882603	21138338	14370956
S3	0	0	33243494	15900581	8409901	5779309
S4	0	0	40376488	20117240	9643643	5996245
F1	0	0	0	0	0	0
F2	0	0	0	0	0	0
F3	0	0	0	0	0	0
----------------------------------------
Free Hits
Symbol	1	2	3	4	5	6
WL	0	0	0	0	0	0
R1	0	0	149302	43586	12090	6356
R2	0	0	237535	79505	23536	15941
R3	0	0	291255	100373	32496	22905
R4	0	0	174025	39063	10082	5762
R5	0	0	3661008	2412607	831543	568900
R6	0	0	6028520	3273397	857818	671893
S1	0	0	7306519	4747372	2420936	1967568
S2	0	0	10835459	6336774	2654597	2236148
S3	0	0	4127073	2648753	1663735	1503190
S4	0	0	5174781	3125712	1713995	1440665
F1	0	0	0	0	0	0
F2	0	0	0	0	0	0
F3	0	0	0	0	0	0
----------------------------------------
Average Free Spins: 	10.228041
----------------------------------------
Average Tumbles Base: 	1.7104626
----------------------------------------
Average Tumbles Free: 	1.9442839
----------------------------------------
Tumble Frequencies Base
Number Tumble	Frequency
1	131631661
2	47028501
3	23923207
4	10839861
5	3870092
6	1570588
7	601213
8	193482
9	38886
10	6188
11	2906
12	621
13	108
14	26
15	5
17	1
----------------------------------------
Multiplier Hit Rate: 	15.51817
Average Final Multiplier: 	1.1074006
Final Multiplier Frequencies
Multiplier	Frequency
1	935559410
2	40028891
3	13667356
4	6090240
5	2722831
6	1162042
7	476493
8	187236
9	70157
10	24174
11	7882
12	2380
13	655
14	182
15	40
16	23
17	6
18	1
20	1
----------------------------------------
Average Final Multiplier Free Spins: 	19.188634
Final Multiplier Frequencies Free Spins
Multiplier	Frequency
2	10448
3	13141
4	31218
5	36594
6	56225
7	63392
8	81633
9	89752
10	106196
11	112826
12	125843
13	130186
14	137746
15	139687
16	142208
17	140606
18	139177
19	134145
20	129720
21	123139
22	116196
23	107991
24	100780
25	91977
26	84125
27	76205
28	68107
29	60736
30	54019
31	47290
32	41013
33	36016
34	31473
35	26833
36	23150
37	19651
38	16604
39	13931
40	11905
41	10079
42	8283
43	6910
44	5773
45	4682
46	3880
47	3245
48	2661
49	2206
50	1849
51	1493
52	1148
53	974
54	778
55	639
56	507
57	440
58	358
59	255
60	224
61	167
62	145
63	104
64	87
65	75
66	59
67	46
68	47
69	32
70	26
71	12
72	14
73	12
74	17
75	4
76	8
77	6
78	9
79	3
81	2
82	2
85	1
90	1
102	1
----------------------------------------
Final Multiplier Frequencies Free Spins (split by initial multiplier)
Init Multiplier: 2
Average Final Multiplier (init 2):	18.760833
Final Mult	Frequency
2	10448
3	13115
4	31167
5	36460
6	56010
7	62991
8	81099
9	88973
10	105149
11	111501
12	124217
13	128158
14	135324
15	136811
16	139105
17	137056
18	135385
19	130060
20	125252
21	118478
22	111253
23	103059
24	95498
25	86756
26	78864
27	71147
28	63049
29	55806
30	49188
31	42709
32	36631
33	31847
34	27506
35	23192
36	19851
37	16612
38	13759
39	11393
40	9540
41	7954
42	6378
43	5186
44	4177
45	3281
46	2670
47	2215
48	1689
49	1408
50	1129
51	890
52	611
53	537
54	397
55	308
56	241
57	206
58	146
59	106
60	79
61	60
62	40
63	38
64	16
65	11
66	14
67	14
68	13
69	5
70	4
71	2
72	2
73	2
74	3
76	1
78	1
----------------------------------------
Init Multiplier: 3
Average Final Multiplier (init 3):	28.138363
Final Mult	Frequency
3	26
4	51
5	134
6	215
7	401
8	533
9	775
10	1043
11	1321
12	1623
13	2018
14	2407
15	2857
16	3081
17	3534
18	3769
19	4053
20	4432
21	4606
22	4900
23	4884
24	5213
25	5141
26	5195
27	4963
28	4967
29	4836
30	4728
31	4481
32	4270
33	4064
34	3860
35	3543
36	3186
37	2939
38	2739
39	2432
40	2266
41	2020
42	1824
43	1634
44	1509
45	1319
46	1135
47	956
48	896
49	733
50	655
51	549
52	496
53	405
54	350
55	294
56	240
57	208
58	183
59	121
60	127
61	92
62	91
63	59
64	61
65	50
66	34
67	29
68	24
69	23
70	15
71	9
72	8
73	9
74	8
75	3
76	5
77	4
78	4
79	2
81	1
82	2
85	1
90	1
----------------------------------------
Init Multiplier: 4
Average Final Multiplier (init 4):	37.609871
Final Mult	Frequency
8	1
9	4
10	4
11	4
12	3
13	10
14	15
15	19
16	22
17	16
18	23
19	31
20	36
21	54
22	43
23	48
24	69
25	79
26	66
27	95
28	91
29	93
30	102
31	100
32	112
33	105
34	107
35	96
36	112
37	99
38	105
39	106
40	98
41	101
42	80
43	90
44	86
45	82
46	75
47	73
48	75
49	62
50	64
51	53
52	39
53	32
54	30
55	36
56	26
57	25
58	29
59	24
60	18
61	15
62	13
63	7
64	10
65	13
66	10
67	2
68	10
69	4
70	7
71	1
72	4
73	1
74	6
75	1
76	1
77	2
78	3
79	1
81	1
102	1
----------------------------------------
Init Multiplier: 5
Average Final Multiplier (init 5):	47.641026
Final Mult	Frequency
19	1
21	1
25	1
29	1
30	1
35	2
36	1
37	1
38	1
40	1
41	4
42	1
44	1
47	1
48	1
49	3
50	1
51	1
52	2
54	1
55	1
57	1
59	4
62	1
65	1
66	1
67	1
76	1
78	1
----------------------------------------
Elapsed time: 592.17487 seconds
