Pay	Frequency
0	780292654
2	10643805
4	18726189
5	9210605
6	3035214
7	715777
8	15015754
9	942736
10	15428646
11	167861
12	5183201
13	979194
14	2720961
15	2299165
16	7893233
17	394943
18	2772625
19	334837
20	15022115
21	580211
22	1580339
23	419393
24	4514700
25	1064982
26	1636169
27	199158
28	2597536
29	373906
30	4812478
31	265032
32	3460233
33	235567
34	1367518
35	415442
36	2195317
37	251838
38	1076025
39	214602
40	9394406
41	177992
42	1177916
43	139709
44	1585576
45	1007378
46	872030
47	157825
48	2369330
49	168630
50	1896836
51	117328
52	1207598
53	213508
54	704957
55	311173
56	1254680
57	127476
58	662410
59	98367
60	4359635
61	118485
62	605076
63	120573
64	1359613
65	374312
66	541178
67	83827
68	977756
69	126629
70	1024265
71	79187
72	1069654
73	96905
74	457634
75	171170
76	750284
77	96647
78	447307
79	77862
80	4076230
81	76822
82	450799
83	66075
84	816275
85	419703
86	336224
87	73962
88	689084
89	75539
90	1260308
91	53017
92	568878
93	77196
94	334625
95	189520
96	841233
97	60538
98	318999
99	55999
100	1257978
101	73837
102	286082
103	51289
104	491495
105	153293
106	289862
107	43582
108	450597
109	52501
110	523794
111	50835
112	422210
113	46399
114	243210
115	88929
116	361507
117	46482
118	204046
119	37234
120	2329466
121	40654
122	237361
123	34855
124	411342
125	224023
126	212259
127	38281
128	446257
129	45076
130	507512
131	32034
132	326574
133	42425
134	180560
135	118265
136	339600
137	33815
138	186425
139	31709
140	607292
141	36675
142	155993
143	32693
144	402963
145	79998
146	151596
147	27908
148	250011
149	38008
150	311908
151	27770
152	258562
153	29483
154	147340
155	53826
156	228056
157	27821
158	125228
159	29537
160	1256221
161	24928
162	150153
163	22182
164	247778
165	136511
166	115220
167	24992
168	257171
169	27386
170	316937
171	21368
172	181638
173	25549
174	113342
175	69113
176	192832
177	22348
178	101940
179	20328
180	672071
181	21634
182	97415
183	20190
184	193899
185	70808
186	97631
187	17788
188	167335
189	22911
190	212112
191	18047
192	219861
193	18853
194	88851
195	43787
196	148517
197	20831
198	84791
199	17439
200	594599
201	17626
202	89654
203	15959
204	149624
205	60784
206	72922
207	17570
208	140004
209	16686
210	171712
211	14221
212	122383
213	16571
214	68316
215	34143
216	137044
217	14733
218	65841
219	13770
220	242083
221	14943
222	65347
223	13115
224	113889
225	31567
226	60276
227	12157
228	104095
229	13169
230	103924
231	12641
232	99031
233	12235
234	56578
235	21729
236	87845
237	12646
238	50530
239	10980
240	868187
241	11006
242	68000
243	10696
244	126278
245	82941
246	56106
247	12350
248	122402
249	14389
250	175782
251	10399
252	96854
253	12734
254	52314
255	39876
256	105294
257	10995
258	52498
259	10621
260	208173
261	11766
262	46113
263	10723
264	93676
265	28653
266	44332
267	9664
268	76081
269	10391
270	127793
271	9085
272	80895
273	9636
274	43003
275	20301
276	71502
277	9281
278	40069
279	9085
280	169741
281	8293
282	40899
283	7870
284	64945
285	25640
286	37157
287	7871
288	97737
289	8091
290	72882
291	7623
292	59290
293	9820
294	35353
295	16200
296	61547
297	7865
298	35754
299	6854
300	163258
301	7335
302	32288
303	7698
304	59648
305	16830
306	31678
307	6185
308	53729
309	7334
310	56364
311	6304
312	53580
313	6705
314	28227
315	11824
316	45157
317	6335
318	29090
319	5895
320	266824
321	6121
322	30978
323	5769
324	56409
325	25690
326	25763
327	6312
328	54291
329	6406
330	71636
331	5147
332	41082
333	6598
334	25418
335	15487
336	47370
337	5518
338	24500
339	5462
340	90322
341	5580
342	23645
343	5232
344	40585
345	12742
346	22085
347	4598
348	36487
349	5274
350	45890
351	4753
352	35757
353	4558
354	21221
355	9225
356	30938
357	4875
358	19034
359	4389
360	232390
361	4318
362	22520
363	4151
364	39864
365	23517
366	21068
367	4470
368	42999
369	5121
370	52761
371	3906
372	34481
373	4930
374	19077
375	12701
376	36204
377	4109
378	20036
379	4165
380	71346
381	4662
382	18327
383	4409
384	42725
385	9538
386	17737
387	3854
388	29358
389	4347
390	36576
391	4039
392	31221
393	3977
394	17393
395	6853
396	28160
397	3880
398	16465
399	3987
400	296530
401	3424
402	21749
403	3348
404	35274
405	26701
406	16255
407	3724
408	34734
409	4059
410	55080
411	3342
412	25394
413	3874
414	16392
415	10786
416	27419
417	3568
418	14135
419	3201
420	72249
421	3366
422	13865
423	3263
424	25650
425	8642
426	13933
427	2826
428	21968
429	3444
430	31137
431	2880
432	29121
433	2848
434	12353
435	5969
436	19962
437	3268
438	12667
439	2733
440	62216
441	2830
442	12136
443	2466
444	20696
445	8282
446	11022
447	2760
448	20782
449	2651
450	27803
451	2338
452	18134
453	2709
454	10376
455	5410
456	19235
457	2488
458	10158
459	2316
460	37060
461	2438
462	10380
463	2309
464	17525
465	5155
466	9340
467	2043
468	16071
469	2300
470	17235
471	2181
472	15900
473	2101
474	9055
475	3633
476	13964
477	2281
478	8347
479	2008
480	222987
481	1967
482	13061
483	1915
484	25492
485	20558
486	10247
487	2463
488	24929
489	2943
490	43722
491	1956
492	17364
493	2443
494	10077
495	10555
496	19608
497	2282
498	10066
499	2100
500	49305
501	2417
502	8533
503	2168
504	18469
505	7157
506	8570
507	2036
508	14765
509	2235
510	27257
511	1957
512	16277
513	1964
514	8466
515	4932
516	13852
517	2040
518	8024
519	2046
520	42903
521	1789
522	8204
523	1587
524	13394
525	6768
526	7656
527	1711
528	14981
529	1858
530	17909
531	1593
532	11582
533	1827
534	7316
535	4196
536	12849
537	1711
538	6704
539	1471
540	46312
541	1546
542	6786
543	1581
544	13118
545	4991
546	6801
547	1468
548	11447
549	1744
550	14830
551	1418
552	12089
553	1583
554	6289
555	3307
556	10509
557	1495
558	6445
559	1386
560	28296
561	1555
562	6001
563	1268
564	10739
565	3728
566	5768
567	1390
568	10681
569	1451
570	14212
571	1228
572	9516
573	1369
574	5558
575	2652
576	14676
577	1273
578	5460
579	1286
580	19280
581	1458
582	5619
583	1195
584	9686
585	2553
586	5564
587	1156
588	8881
589	1195
590	9276
591	1203
592	8985
593	1137
594	5013
595	1898
596	8267
597	1168
598	4634
599	1093
600	75555
601	1060
602	5662
603	1015
604	9708
605	5515
606	5106
607	1018
608	9579
609	1170
610	13780
611	1012
612	8087
613	1150
614	4401
615	2902
616	8389
617	935
618	4560
619	964
620	18763
621	1113
622	4140
623	956
624	8119
625	2148
626	4034
627	889
628	6782
629	942
630	8592
631	874
632	6958
633	877
634	3665
635	1515
636	6469
637	930
638	3536
639	898
640	39819
641	847
642	4372
643	810
644	7938
645	3395
646	3618
647	815
648	8742
649	904
650	9761
651	799
652	5925
653	943
654	3745
655	2187
656	6794
657	831
658	3475
659	802
660	15383
661	872
662	3245
663	793
664	6166
665	1925
666	3429
667	718
668	5481
669	867
670	7013
671	725
672	6162
673	697
674	3128
675	1528
676	5115
677	742
678	3140
679	715
680	14932
681	742
682	2945
683	640
684	5276
685	1759
686	2847
687	671
688	5502
689	665
690	6025
691	633
692	4375
693	758
694	2581
695	1259
696	4938
697	628
698	2727
699	571
700	9864
701	634
702	2620
703	582
704	4622
705	1159
706	2402
707	582
708	4326
709	654
710	4222
711	560
712	4117
713	577
714	2295
715	861
716	3712
717	565
718	2236
719	498
720	62660
721	550
722	3273
723	496
724	6830
725	5748
726	2903
727	679
728	7035
729	818
730	12085
731	551
732	5126
733	695
734	2806
735	2935
736	5645
737	637
738	2899
739	628
740	13412
741	703
742	2571
743	741
744	5647
745	1997
746	2647
747	567
748	4528
749	656
750	7937
751	696
752	5094
753	626
754	2652
755	1386
756	4597
757	599
758	2550
759	671
760	13232
761	530
762	2610
763	543
764	4542
765	2043
766	2553
767	549
768	5510
769	565
770	5545
771	516
772	4026
773	584
774	2470
775	1245
776	4449
777	555
778	2342
779	482
780	9967
781	538
782	2283
783	561
784	4454
785	1167
786	2202
787	463
788	3835
789	589
790	4166
791	495
792	4314
793	520
794	2134
795	903
796	3552
797	504
798	2171
799	451
800	130052
801	475
802	4829
803	430
804	8727
805	11163
806	2413
807	745
808	7006
809	738
810	20916
811	459
812	4242
813	611
814	2521
815	4199
816	4999
817	497
818	2133
819	578
820	20717
821	528
822	2057
823	487
824	4261
825	2626
826	1921
827	406
828	3478
829	496
830	9727
831	450
832	3651
833	405
834	2016
835	1594
836	2928
837	467
838	1669
839	384
840	17366
841	376
842	1843
843	378
844	3087
845	2649
846	1734
847	435
848	3465
849	468
850	6762
851	375
852	2815
853	429
854	1710
855	1459
856	2901
857	378
858	1637
859	363
860	10530
861	379
862	1541
863	339
864	4204
865	1422
866	1513
867	325
868	2487
869	412
870	4592
871	326
872	2492
873	322
874	1470
875	966
876	2253
877	324
878	1324
879	337
880	10093
881	292
882	1424
883	294
884	2449
885	1354
886	1271
887	300
888	2531
889	320
890	4651
891	280
892	2033
893	293
894	1386
895	901
896	2187
897	273
898	1209
899	281
900	11464
901	283
902	1241
903	291
904	2264
905	871
906	1226
907	230
908	1912
909	292
910	3134
911	250
912	2156
913	234
914	1092
915	613
916	1706
917	248
918	1127
919	250
920	7660
921	242
922	1016
923	211
924	1988
925	920
926	1042
927	263
928	1893
929	250
930	2917
931	208
932	1621
933	218
934	1017
935	666
936	1793
937	220
938	924
939	238
940	4231
941	218
942	978
943	204
944	1688
945	563
946	947
947	206
948	1522
949	205
950	2189
951	207
952	1532
953	197
954	944
955	408
956	1339
957	214
958	817
959	200
960	37248
961	179
962	1630
963	172
964	3487
965	2688
966	1095
967	299
968	3379
969	338
970	6787
971	228
972	2120
973	303
974	1166
975	1755
976	2529
977	284
978	1149
979	274
980	8451
981	287
982	981
983	273
984	2343
985	1241
986	1054
987	250
988	1883
989	291
990	4691
991	243
992	2065
993	258
994	1080
995	939
996	1815
997	244
998	958
999	261
1000	7704
1001	213
1002	1071
1003	187
1004	1801
1005	1125
1006	954
1007	224
1008	2079
1009	211
1010	2933
1011	215
1012	1595
1013	243
1014	980
1015	659
1016	1712
1017	202
1018	882
1019	183
1020	5463
1021	216
1022	889
1023	192
1024	1798
1025	637
1026	858
1027	209
1028	1477
1029	243
1030	2253
1031	167
1032	1690
1033	188
1034	878
1035	502
1036	1420
1037	199
1038	846
1039	183
1040	5188
1041	173
1042	698
1043	149
1044	1544
1045	584
1046	713
1047	187
1048	1456
1049	181
1050	2562
1051	135
1052	1254
1053	155
1054	749
1055	471
1056	1492
1057	151
1058	683
1059	192
1060	3273
1061	203
1062	676
1063	132
1064	1366
1065	375
1066	668
1067	122
1068	1187
1069	143
1070	1525
1071	147
1072	1180
1073	135
1074	615
1075	277
1076	1053
1077	146
1078	603
1079	145
1080	10378
1081	157
1082	679
1083	117
1084	1425
1085	922
1086	743
1087	153
1088	1457
1089	176
1090	2201
1091	114
1092	1216
1093	169
1094	658
1095	569
1096	1255
1097	142
1098	663
1099	131
1100	3156
1101	183
1102	668
1103	156
1104	1374
1105	365
1106	640
1107	153
1108	1193
1109	155
1110	1709
1111	156
1112	1181
1113	139
1114	638
1115	290
1116	1084
1117	161
1118	605
1119	146
1120	3307
1121	133
1122	687
1123	137
1124	1069
1125	453
1126	601
1127	148
1128	1270
1129	127
1130	1385
1131	114
1132	1007
1133	127
1134	656
1135	298
1136	1141
1137	158
1138	587
1139	121
1140	2769
1141	114
1142	584
1143	149
1144	1146
1145	293
1146	583
1147	113
1148	983
1149	146
1150	1119
1151	131
1152	1501
1153	113
1154	531
1155	232
1156	963
1157	135
1158	577
1159	126
1160	2602
1161	146
1162	556
1163	109
1164	931
1165	309
1166	520
1167	149
1168	1081
1169	114
1170	1128
1171	84
1172	851
1173	124
1174	488
1175	243
1176	1020
1177	118
1178	481
1179	108
1180	1637
1181	108
1182	509
1183	109
1184	905
1185	208
1186	491
1187	106
1188	902
1189	99
1190	735
1191	125
1192	899
1193	93
1194	470
1195	119
1196	765
1197	104
1198	418
1199	100
1200	37195
1201	83
1202	1113
1203	87
1204	2101
1205	2900
1206	636
1207	157
1208	1906
1209	186
1210	5144
1211	90
1212	1151
1213	153
1214	623
1215	990
1216	1216
1217	112
1218	529
1219	123
1220	5405
1221	126
1222	496
1223	117
1224	1084
1225	702
1226	455
1227	108
1228	807
1229	120
1230	2424
1231	101
1232	906
1233	96
1234	474
1235	400
1236	755
1237	103
1238	431
1239	111
1240	4469
1241	78
1242	477
1243	82
1244	803
1245	643
1246	406
1247	102
1248	940
1249	87
1250	1755
1251	73
1252	690
1253	97
1254	397
1255	359
1256	760
1257	94
1258	360
1259	87
1260	2930
1261	90
1262	348
1263	86
1264	800
1265	362
1266	361
1267	73
1268	667
1269	101
1270	1056
1271	73
1272	705
1273	89
1274	338
1275	219
1276	584
1277	92
1278	351
1279	90
1280	4438
1281	81
1282	312
1283	75
1284	840
1285	368
1286	334
1287	85
1288	785
1289	89
1290	1470
1291	73
1292	587
1293	105
1294	341
1295	296
1296	902
1297	54
1298	336
1299	74
1300	1924
1301	91
1302	320
1303	64
1304	663
1305	213
1306	287
1307	76
1308	564
1309	62
1310	787
1311	82
1312	592
1313	80
1314	344
1315	148
1316	542
1317	95
1318	307
1319	71
1320	2305
1321	73
1322	287
1323	59
1324	548
1325	282
1326	288
1327	73
1328	626
1329	70
1330	823
1331	61
1332	518
1333	65
1334	289
1335	191
1336	491
1337	69
1338	300
1339	60
1340	1194
1341	72
1342	263
1343	56
1344	557
1345	137
1346	291
1347	46
1348	460
1349	60
1350	810
1351	53
1352	454
1353	66
1354	235
1355	111
1356	473
1357	52
1358	243
1359	61
1360	1632
1361	54
1362	270
1363	41
1364	448
1365	184
1366	243
1367	48
1368	464
1369	56
1370	595
1371	53
1372	392
1373	67
1374	241
1375	127
1376	434
1377	38
1378	211
1379	50
1380	1068
1381	62
1382	221
1383	39
1384	436
1385	129
1386	216
1387	51
1388	331
1389	49
1390	480
1391	54
1392	417
1393	49
1394	188
1395	110
1396	348
1397	50
1398	199
1399	41
1400	1321
1401	45
1402	205
1403	47
1404	356
1405	99
1406	202
1407	43
1408	385
1409	50
1410	473
1411	47
1412	310
1413	46
1414	176
1415	87
1416	372
1417	43
1418	170
1419	42
1420	661
1421	46
1422	176
1423	48
1424	335
1425	91
1426	163
1427	37
1428	261
1429	64
1430	291
1431	37
1432	277
1433	33
1434	181
1435	79
1436	279
1437	39
1438	159
1439	36
1440	12305
1441	31
1442	415
1443	43
1444	990
1445	992
1446	284
1447	64
1448	1000
1449	94
1450	2256
1451	37
1452	545
1453	81
1454	299
1455	509
1456	628
1457	61
1458	310
1459	70
1460	2311
1461	68
1462	237
1463	90
1464	624
1465	337
1466	263
1467	70
1468	513
1469	85
1470	1436
1471	74
1472	548
1473	69
1474	321
1475	269
1476	472
1477	71
1478	272
1479	89
1480	2000
1481	38
1482	315
1483	52
1484	495
1485	323
1486	320
1487	76
1488	558
1489	74
1490	923
1491	61
1492	440
1493	66
1494	320
1495	186
1496	495
1497	64
1498	264
1499	54
1500	1651
1501	60
1502	270
1503	65
1504	484
1505	178
1506	294
1507	48
1508	445
1509	62
1510	711
1511	64
1512	550
1513	46
1514	267
1515	111
1516	428
1517	73
1518	245
1519	58
1520	1536
1521	45
1522	213
1523	51
1524	455
1525	171
1526	237
1527	57
1528	476
1529	55
1530	722
1531	34
1532	393
1533	57
1534	223
1535	126
1536	520
1537	48
1538	228
1539	57
1540	905
1541	56
1542	261
1543	53
1544	402
1545	115
1546	211
1547	42
1548	409
1549	52
1550	444
1551	31
1552	382
1553	46
1554	219
1555	83
1556	355
1557	57
1558	211
1559	49
1560	1260
1561	41
1562	192
1563	38
1564	364
1565	130
1566	211
1567	37
1568	417
1569	50
1570	455
1571	36
1572	359
1573	47
1574	193
1575	126
1576	344
1577	26
1578	201
1579	31
1580	682
1581	37
1582	180
1583	41
1584	398
1585	67
1586	161
1587	28
1588	289
1589	40
1590	371
1591	24
1592	342
1593	25
1594	143
1595	74
1596	286
1597	26
1598	147
1599	41
1600	39123
1601	33
1602	1098
1603	25
1604	2121
1605	3313
1606	335
1607	137
1608	1507
1609	155
1610	5608
1611	41
1612	612
1613	92
1614	399
1615	1305
1616	794
1617	62
1618	306
1619	87
1620	6060
1621	64
1622	244
1623	56
1624	645
1625	862
1626	269
1627	65
1628	455
1629	75
1630	3155
1631	34
1632	555
1633	49
1634	257
1635	557
1636	330
1637	48
1638	235
1639	60
1640	4157
1641	28
1642	247
1643	43
1644	417
1645	782
1646	192
1647	59
1648	471
1649	74
1650	1771
1651	37
1652	290
1653	54
1654	192
1655	360
1656	336
1657	39
1658	185
1659	56
1660	2963
1661	38
1662	203
1663	40
1664	419
1665	421
1666	139
1667	36
1668	301
1669	47
1670	1118
1671	29
1672	295
1673	40
1674	183
1675	246
1676	247
1677	20
1678	146
1679	42
1680	2543
1681	29
1682	163
1683	35
1684	329
1685	328
1686	156
1687	34
1688	295
1689	26
1690	1322
1691	22
1692	236
1693	44
1694	165
1695	215
1696	265
1697	36
1698	184
1699	32
1700	1620
1701	32
1702	125
1703	24
1704	279
1705	190
1706	148
1707	28
1708	222
1709	33
1710	677
1711	20
1712	204
1713	34
1714	125
1715	126
1716	196
1717	24
1718	108
1719	30
1720	1835
1721	25
1722	149
1723	21
1724	216
1725	232
1726	122
1727	21
1728	373
1729	42
1730	669
1731	23
1732	208
1733	27
1734	133
1735	178
1736	204
1737	23
1738	124
1739	22
1740	881
1741	13
1742	99
1743	27
1744	212
1745	106
1746	113
1747	25
1748	200
1749	28
1750	495
1751	23
1752	174
1753	22
1754	97
1755	85
1756	156
1757	16
1758	89
1759	25
1760	1017
1761	23
1762	96
1763	20
1764	209
1765	113
1766	94
1767	20
1768	168
1769	22
1770	390
1771	12
1772	141
1773	19
1774	106
1775	79
1776	175
1777	17
1778	97
1779	19
1780	851
1781	14
1782	83
1783	11
1784	174
1785	103
1786	77
1787	19
1788	170
1789	26
1790	357
1791	17
1792	154
1793	24
1794	84
1795	72
1796	128
1797	17
1798	84
1799	14
1800	4656
1801	15
1802	132
1803	16
1804	236
1805	280
1806	94
1807	16
1808	246
1809	31
1810	673
1811	17
1812	164
1813	20
1814	98
1815	119
1816	176
1817	17
1818	72
1819	19
1820	822
1821	25
1822	90
1823	24
1824	187
1825	104
1826	70
1827	18
1828	161
1829	17
1830	349
1831	21
1832	145
1833	15
1834	71
1835	54
1836	128
1837	17
1838	81
1839	13
1840	1175
1841	15
1842	95
1843	19
1844	132
1845	140
1846	68
1847	22
1848	189
1849	30
1850	419
1851	16
1852	126
1853	19
1854	83
1855	70
1856	159
1857	19
1858	80
1859	18
1860	572
1861	24
1862	78
1863	28
1864	147
1865	82
1866	79
1867	16
1868	127
1869	17
1870	296
1871	11
1872	136
1873	18
1874	75
1875	52
1876	140
1877	21
1878	77
1879	21
1880	586
1881	15
1882	73
1883	13
1884	142
1885	74
1886	87
1887	20
1888	182
1889	19
1890	236
1891	17
1892	117
1893	19
1894	73
1895	52
1896	147
1897	13
1898	69
1899	20
1900	484
1901	19
1902	86
1903	10
1904	131
1905	41
1906	60
1907	13
1908	152
1909	17
1910	149
1911	16
1912	122
1913	12
1914	85
1915	32
1916	105
1917	15
1918	68
1919	12
1920	3665
1921	14
1922	103
1923	7
1924	358
1925	175
1926	113
1927	19
1928	326
1929	24
1930	644
1931	13
1932	162
1933	25
1934	92
1935	149
1936	243
1937	22
1938	106
1939	24
1940	779
1941	18
1942	74
1943	15
1944	200
1945	100
1946	90
1947	18
1948	178
1949	22
1950	420
1951	17
1952	200
1953	22
1954	109
1955	98
1956	177
1957	31
1958	85
1959	26
1960	886
1961	22
1962	111
1963	19
1964	180
1965	133
1966	89
1967	22
1968	229
1969	19
1970	326
1971	19
1972	143
1973	22
1974	89
1975	77
1976	157
1977	25
1978	91
1979	17
1980	575
1981	20
1982	83
1983	23
1984	181
1985	55
1986	95
1987	25
1988	139
1989	22
1990	245
1991	20
1992	158
1993	15
1994	72
1995	44
1996	128
1997	21
1998	98
1999	17
2000	838
2001	20
2002	51
2003	15
2004	169
2005	57
2006	78
2007	13
2008	167
2009	8
2010	268
2011	12
2012	140
2013	28
2014	67
2015	56
2016	166
2017	16
2018	72
2019	12
2020	388
2021	18
2022	64
2023	18
2024	163
2025	39
2026	80
2027	11
2028	137
2029	23
2030	167
2031	8
2032	114
2033	11
2034	67
2035	19
2036	103
2037	12
2038	52
2039	13
2040	512
2041	9
2042	60
2043	8
2044	126
2045	42
2046	75
2047	15
2048	142
2049	13
2050	164
2051	7
2052	117
2053	9
2054	56
2055	45
2056	104
2057	11
2058	60
2059	19
2060	254
2061	11
2062	50
2063	15
2064	101
2065	26
2066	61
2067	8
2068	81
2069	12
2070	138
2071	6
2072	83
2073	9
2074	54
2075	21
2076	102
2077	21
2078	40
2079	17
2080	385
2081	16
2082	56
2083	9
2084	69
2085	41
2086	47
2087	16
2088	97
2089	13
2090	154
2091	11
2092	88
2093	8
2094	49
2095	28
2096	88
2097	6
2098	49
2099	10
2100	291
2101	6
2102	33
2103	10
2104	100
2105	15
2106	55
2107	6
2108	73
2109	11
2110	120
2111	6
2112	95
2113	13
2114	43
2115	22
2116	70
2117	8
2118	45
2119	10
2120	266
2121	12
2122	40
2123	4
2124	72
2125	32
2126	31
2127	7
2128	90
2129	3
2130	105
2131	8
2132	59
2133	15
2134	29
2135	16
2136	71
2137	11
2138	27
2139	9
2140	172
2141	17
2142	47
2143	9
2144	67
2145	16
2146	46
2147	10
2148	58
2149	3
2150	67
2151	7
2152	62
2153	4
2154	25
2155	13
2156	57
2157	10
2158	26
2159	6
2160	1826
2161	3
2162	65
2163	8
2164	167
2165	158
2166	57
2167	15
2168	185
2169	12
2170	332
2171	8
2172	99
2173	12
2174	53
2175	95
2176	123
2177	8
2178	54
2179	21
2180	389
2181	13
2182	40
2183	8
2184	117
2185	63
2186	55
2187	15
2188	105
2189	12
2190	262
2191	14
2192	96
2193	20
2194	63
2195	48
2196	90
2197	16
2198	48
2199	12
2200	423
2201	9
2202	65
2203	16
2204	121
2205	72
2206	49
2207	10
2208	99
2209	12
2210	151
2211	14
2212	99
2213	17
2214	66
2215	42
2216	109
2217	13
2218	58
2219	12
2220	275
2221	8
2222	57
2223	12
2224	100
2225	46
2226	55
2227	9
2228	92
2229	8
2230	134
2231	14
2232	106
2233	13
2234	55
2235	23
2236	91
2237	21
2238	56
2239	12
2240	288
2241	11
2242	42
2243	15
2244	121
2245	26
2246	46
2247	9
2248	102
2249	15
2250	126
2251	9
2252	87
2253	15
2254	45
2255	23
2256	113
2257	6
2258	52
2259	7
2260	187
2261	12
2262	44
2263	12
2264	89
2265	21
2266	47
2267	10
2268	89
2269	10
2270	96
2271	17
2272	74
2273	5
2274	48
2275	12
2276	91
2277	17
2278	49
2279	11
2280	293
2281	14
2282	48
2283	11
2284	83
2285	34
2286	58
2287	10
2288	88
2289	13
2290	87
2291	9
2292	87
2293	9
2294	48
2295	22
2296	62
2297	8
2298	32
2299	10
2300	157
2301	14
2302	34
2303	6
2304	107
2305	15
2306	48
2307	8
2308	84
2309	10
2310	71
2311	12
2312	83
2313	8
2314	29
2315	12
2316	51
2317	11
2318	36
2319	11
2320	199
2321	7
2322	37
2323	5
2324	71
2325	22
2326	38
2327	11
2328	69
2329	11
2330	77
2331	7
2332	68
2333	9
2334	34
2335	16
2336	81
2337	7
2338	27
2339	3
2340	146
2341	7
2342	33
2343	15
2344	69
2345	10
2346	37
2347	3
2348	47
2349	5
2350	73
2351	5
2352	56
2353	6
2354	34
2355	8
2356	62
2357	8
2358	25
2359	8
2360	124
2361	4
2362	26
2363	3
2364	56
2365	13
2366	28
2367	8
2368	59
2369	5
2370	61
2371	8
2372	53
2373	8
2374	29
2375	20
2376	60
2377	6
2378	26
2379	4
2380	86
2381	9
2382	33
2383	6
2384	56
2385	9
2386	28
2387	6
2388	43
2389	1
2390	44
2391	7
2392	66
2393	8
2394	25
2395	7
2396	43
2397	9
2398	17
2399	6
2400	13651
2401	2
2402	314
2403	8
2404	707
2405	1196
2406	129
2407	49
2408	512
2409	57
2410	2018
2411	11
2412	223
2413	23
2414	150
2415	415
2416	285
2417	22
2418	103
2419	18
2420	1806
2421	21
2422	62
2423	20
2424	207
2425	267
2426	63
2427	8
2428	125
2429	30
2430	983
2431	13
2432	129
2433	19
2434	88
2435	188
2436	89
2437	15
2438	66
2439	15
2440	1488
2441	9
2442	61
2443	11
2444	134
2445	229
2446	53
2447	17
2448	131
2449	19
2450	621
2451	11
2452	76
2453	12
2454	74
2455	123
2456	83
2457	8
2458	49
2459	17
2460	948
2461	10
2462	52
2463	8
2464	126
2465	118
2466	49
2467	10
2468	80
2469	11
2470	374
2471	8
2472	76
2473	10
2474	58
2475	90
2476	89
2477	12
2478	45
2479	7
2480	773
2481	6
2482	32
2483	9
2484	96
2485	101
2486	44
2487	12
2488	81
2489	12
2490	434
2491	6
2492	63
2493	10
2494	37
2495	70
2496	76
2497	8
2498	50
2499	6
2500	493
2501	12
2502	37
2503	9
2504	84
2505	53
2506	26
2507	8
2508	55
2509	11
2510	184
2511	5
2512	65
2513	6
2514	37
2515	33
2516	49
2517	7
2518	27
2519	8
2520	544
2521	6
2522	39
2523	9
2524	66
2525	74
2526	39
2527	16
2528	66
2529	6
2530	220
2531	2
2532	65
2533	7
2534	37
2535	60
2536	44
2537	2
2538	24
2539	12
2540	292
2541	9
2542	29
2543	7
2544	64
2545	37
2546	29
2547	9
2548	44
2549	8
2550	152
2551	3
2552	50
2553	6
2554	30
2555	41
2556	43
2557	7
2558	18
2559	5
2560	418
2561	9
2562	29
2563	8
2564	48
2565	48
2566	14
2567	11
2568	58
2569	6
2570	135
2571	4
2572	37
2573	8
2574	26
2575	27
2576	45
2577	3
2578	24
2579	2
2580	272
2581	4
2582	26
2583	3
2584	46
2585	27
2586	27
2587	6
2588	47
2589	6
2590	97
2591	3
2592	70
2593	4
2594	11
2595	26
2596	35
2597	6
2598	22
2599	5
2600	269
2601	1
2602	28
2603	9
2604	53
2605	17
2606	20
2607	7
2608	48
2609	4
2610	84
2611	6
2612	35
2613	5
2614	19
2615	17
2616	40
2617	4
2618	27
2619	4
2620	146
2621	11
2622	25
2623	2
2624	33
2625	25
2626	12
2627	5
2628	50
2629	5
2630	44
2631	3
2632	48
2633	5
2634	12
2635	11
2636	26
2637	8
2638	16
2639	5
2640	293
2641	6
2642	22
2643	5
2644	40
2645	38
2646	19
2647	6
2648	38
2649	6
2650	94
2651	1
2652	45
2653	6
2654	19
2655	25
2656	27
2657	5
2658	20
2659	5
2660	120
2661	1
2662	20
2663	5
2664	47
2665	17
2666	22
2667	2
2668	21
2669	5
2670	84
2671	4
2672	29
2673	4
2674	17
2675	6
2676	22
2678	10
2679	2
2680	105
2681	3
2682	14
2683	7
2684	25
2685	14
2686	23
2687	6
2688	34
2689	3
2690	45
2691	2
2692	20
2693	2
2694	15
2695	12
2696	27
2697	6
2698	10
2699	3
2700	316
2701	2
2702	11
2703	2
2704	30
2705	12
2706	12
2707	4
2708	21
2709	4
2710	55
2711	2
2712	31
2713	4
2714	12
2715	11
2716	21
2717	3
2718	12
2719	4
2720	123
2721	5
2722	14
2723	3
2724	28
2725	10
2726	10
2727	2
2728	26
2729	2
2730	55
2731	3
2732	15
2733	2
2734	7
2735	11
2736	19
2737	1
2738	12
2739	3
2740	91
2741	4
2742	16
2743	2
2744	15
2745	6
2746	6
2747	8
2748	29
2749	1
2750	51
2751	3
2752	20
2753	4
2754	17
2755	6
2756	20
2757	5
2758	12
2759	3
2760	103
2761	3
2762	8
2763	5
2764	34
2765	13
2766	15
2767	3
2768	22
2769	3
2770	43
2771	2
2772	26
2773	1
2774	19
2775	7
2776	19
2777	4
2778	19
2779	5
2780	72
2781	2
2782	10
2783	5
2784	27
2785	6
2786	13
2787	2
2788	23
2789	5
2790	36
2791	2
2792	19
2793	4
2794	15
2795	5
2796	22
2798	10
2799	2
2800	160
2801	2
2802	10
2803	1
2804	28
2805	15
2806	10
2808	33
2809	7
2810	46
2811	1
2812	28
2813	1
2814	17
2815	5
2816	21
2817	1
2818	15
2819	4
2820	90
2821	1
2822	6
2823	2
2824	22
2825	10
2826	5
2827	1
2828	17
2829	2
2830	27
2831	2
2832	28
2833	2
2834	6
2835	8
2836	21
2837	1
2838	4
2839	4
2840	64
2841	2
2842	10
2843	2
2844	17
2845	5
2846	11
2847	1
2848	25
2850	31
2851	3
2852	16
2853	6
2854	13
2855	6
2856	21
2857	5
2858	10
2859	1
2860	38
2861	3
2862	10
2863	4
2864	15
2865	4
2866	13
2867	2
2868	19
2870	29
2871	4
2872	23
2873	1
2874	9
2875	1
2876	11
2877	2
2878	15
2879	4
2880	1482
2881	1
2882	35
2883	2
2884	105
2885	92
2886	32
2887	6
2888	122
2889	8
2890	260
2891	2
2892	35
2893	7
2894	21
2895	69
2896	56
2897	7
2898	26
2899	3
2900	288
2901	13
2902	15
2903	7
2904	57
2905	49
2906	20
2907	3
2908	39
2909	8
2910	180
2911	7
2912	48
2913	2
2914	35
2915	39
2916	31
2917	1
2918	25
2919	15
2920	223
2921	2
2922	24
2923	7
2924	33
2925	39
2926	23
2927	4
2928	48
2929	3
2930	96
2931	6
2932	23
2933	4
2934	19
2935	19
2936	50
2937	7
2938	31
2939	4
2940	211
2941	4
2942	24
2943	8
2944	60
2945	26
2946	24
2947	4
2948	41
2949	9
2950	74
2951	8
2952	33
2953	8
2954	28
2955	21
2956	43
2957	6
2958	25
2959	5
2960	141
2961	4
2962	15
2963	1
2964	52
2965	10
2966	24
2967	5
2968	50
2969	1
2970	96
2971	6
2972	37
2973	4
2974	14
2975	11
2976	45
2977	1
2978	18
2979	3
2980	82
2981	9
2982	18
2983	10
2984	29
2985	8
2986	24
2987	2
2988	35
2989	2
2990	49
2991	4
2992	26
2993	4
2994	11
2995	6
2996	39
2997	5
2998	23
2999	9
3000	181
3001	2
3002	22
3003	3
3004	30
3005	18
3006	23
3007	3
3008	40
3009	2
3010	50
3011	3
3012	35
3013	6
3014	16
3015	15
3016	35
3017	2
3018	24
3019	5
3020	71
3021	7
3022	20
3023	9
3024	32
3025	8
3026	12
3027	3
3028	42
3029	2
3030	57
3031	4
3032	42
3033	1
3034	15
3035	9
3036	24
3037	6
3038	17
3039	2
3040	100
3041	2
3042	15
3043	2
3044	33
3045	11
3046	13
3047	3
3048	30
3049	7
3050	36
3051	3
3052	25
3053	6
3054	13
3055	8
3056	25
3057	4
3058	9
3060	84
3061	2
3062	16
3064	31
3065	4
3066	17
3067	1
3068	23
3069	5
3070	23
3071	2
3072	22
3073	3
3074	12
3075	4
3076	22
3077	5
3078	18
3079	3
3080	69
3081	2
3082	11
3083	1
3084	31
3085	4
3086	13
3087	3
3088	25
3089	2
3090	32
3091	3
3092	14
3094	9
3095	4
3096	24
3097	3
3098	13
3099	4
3100	41
3101	2
3102	8
3103	2
3104	20
3105	5
3106	7
3107	4
3108	7
3109	1
3110	20
3111	5
3112	22
3114	12
3115	2
3116	18
3118	11
3119	4
3120	91
3121	2
3122	8
3123	3
3124	19
3125	2
3126	7
3127	3
3128	17
3129	2
3130	25
3132	18
3133	2
3134	12
3135	3
3136	22
3137	1
3138	15
3139	1
3140	43
3141	3
3142	6
3143	1
3144	18
3145	3
3146	12
3147	4
3148	16
3149	2
3150	26
3151	4
3152	22
3153	1
3154	8
3156	17
3157	1
3158	7
3159	3
3160	44
3161	1
3162	10
3164	14
3165	5
3166	8
3167	1
3168	17
3169	1
3170	11
3171	2
3172	20
3173	2
3174	5
3175	2
3176	12
3177	2
3178	6
3179	1
3180	47
3181	1
3182	6
3183	3
3184	13
3185	2
3186	6
3187	3
3188	12
3190	13
3191	3
3192	15
3193	2
3194	4
3195	1
3196	10
3197	2
3198	5
3199	1
3200	7420
3201	1
3202	199
3204	423
3205	542
3206	46
3207	24
3208	288
3209	30
3210	1126
3211	4
3212	98
3213	10
3214	57
3215	280
3216	148
3217	10
3218	50
3219	15
3220	1086
3221	9
3222	36
3223	7
3224	89
3225	168
3226	19
3227	10
3228	52
3229	14
3230	614
3231	3
3232	73
3233	4
3234	42
3235	124
3236	31
3237	6
3238	23
3239	12
3240	948
3241	4
3242	24
3243	1
3244	53
3245	166
3246	19
3247	4
3248	70
3249	6
3250	376
3251	1
3252	25
3253	8
3254	19
3255	71
3256	41
3257	5
3258	23
3259	3
3260	648
3261	5
3262	20
3263	5
3264	54
3265	74
3266	22
3267	7
3268	38
3269	6
3270	270
3271	2
3272	36
3273	6
3274	24
3275	54
3276	28
3277	4
3278	25
3279	5
3280	467
3281	2
3282	18
3283	1
3284	40
3285	66
3286	19
3287	5
3288	34
3289	8
3290	257
3292	22
3293	3
3294	28
3295	35
3296	34
3297	1
3298	20
3299	8
3300	321
3301	5
3302	14
3303	2
3304	28
3305	45
3306	15
3307	1
3308	24
3309	5
3310	113
3311	3
3312	21
3313	3
3314	14
3315	14
3316	26
3317	2
3318	8
3319	3
3320	342
3321	1
3322	15
3323	1
3324	27
3325	38
3326	14
3327	4
3328	36
3329	2
3330	139
3332	18
3333	6
3334	17
3335	39
3336	17
3337	2
3338	15
3339	1
3340	170
3341	1
3342	12
3343	1
3344	31
3345	22
3346	14
3347	1
3348	22
3350	101
3351	1
3352	14
3353	1
3354	10
3355	9
3356	16
3358	9
3359	2
3360	195
3361	2
3362	13
3363	3
3364	15
3365	18
3366	6
3368	22
3369	1
3370	87
3371	2
3372	18
3373	4
3374	9
3375	10
3376	11
3377	3
3378	11
3380	175
3381	1
3382	12
3383	3
3384	27
3385	16
3386	9
3387	1
3388	18
3389	4
3390	66
3391	3
3392	16
3393	1
3394	13
3395	10
3396	18
3397	2
3398	7
3399	3
3400	183
3401	3
3402	7
3403	1
3404	16
3405	8
3406	5
3407	1
3408	21
3409	4
3410	59
3411	1
3412	20
3413	3
3414	5
3415	9
3416	20
3417	1
3418	14
3420	75
3421	1
3422	8
3423	4
3424	18
3425	8
3426	4
3427	2
3428	11
3429	2
3430	33
3431	1
3432	11
3433	3
3434	8
3435	5
3436	13
3437	1
3438	2
3439	3
3440	153
3442	6
3443	1
3444	11
3445	11
3446	5
3447	1
3448	13
3449	1
3450	54
3451	1
3452	12
3453	4
3454	4
3455	17
3456	27
3457	1
3458	7
3459	1
3460	83
3462	7
3463	1
3464	12
3465	6
3466	7
3467	1
3468	16
3469	1
3470	44
3472	11
3473	2
3474	7
3475	2
3476	11
3477	1
3478	4
3479	1
3480	75
3482	7
3484	13
3485	5
3486	4
3487	1
3488	13
3489	1
3490	32
3491	1
3492	12
3493	3
3494	3
3495	3
3496	12
3497	2
3498	8
3499	1
3500	74
3502	9
3503	3
3504	14
3505	4
3506	6
3507	2
3508	12
3510	23
3512	14
3513	1
3514	4
3515	4
3516	7
3518	8
3519	1
3520	70
3522	3
3523	1
3524	14
3525	5
3526	7
3527	1
3528	10
3529	1
3530	23
3531	3
3532	7
3534	6
3535	4
3536	9
3537	1
3538	6
3539	2
3540	35
3541	1
3542	3
3543	1
3544	9
3545	2
3546	8
3547	2
3548	10
3549	1
3550	22
3551	1
3552	3
3554	6
3556	8
3557	1
3558	2
3559	2
3560	72
3561	2
3562	4
3564	19
3565	6
3566	3
3567	1
3568	15
3569	1
3570	18
3572	5
3573	1
3574	4
3575	3
3576	4
3578	4
3579	1
3580	40
3582	2
3583	2
3584	10
3585	1
3586	4
3587	1
3588	10
3589	3
3590	15
3591	1
3592	4
3594	6
3595	1
3596	7
3598	1
3599	1
3600	1897
3601	1
3602	36
3603	1
3604	88
3605	158
3606	26
3607	3
3608	76
3609	8
3610	246
3612	40
3613	5
3614	19
3615	47
3616	53
3617	5
3618	13
3619	6
3620	265
3621	1
3622	5
3623	2
3624	35
3625	31
3626	8
3627	5
3628	21
3629	3
3630	116
3631	2
3632	18
3633	3
3634	19
3635	15
3636	11
3637	2
3638	12
3639	3
3640	195
3641	2
3642	11
3643	2
3644	15
3645	22
3646	7
3647	3
3648	19
3649	2
3650	90
3651	2
3652	8
3653	3
3654	18
3655	16
3656	7
3657	4
3658	10
3659	2
3660	120
3661	3
3662	8
3663	2
3664	20
3665	23
3666	7
3667	1
3668	17
3670	56
3671	2
3672	14
3673	3
3674	9
3675	12
3676	10
3677	3
3678	10
3679	6
3680	167
3681	4
3682	7
3683	1
3684	14
3685	21
3686	9
3687	1
3688	20
3689	3
3690	70
3691	3
3692	13
3693	5
3694	7
3695	7
3696	18
3698	14
3699	3
3700	88
3701	1
3702	7
3703	3
3704	13
3705	9
3706	5
3707	1
3708	14
3709	3
3710	25
3711	3
3712	8
3713	4
3714	9
3715	6
3716	6
3717	1
3718	11
3719	2
3720	116
3721	3
3722	7
3723	1
3724	21
3725	16
3726	9
3727	3
3728	9
3730	33
3731	1
3732	12
3734	8
3735	10
3736	15
3737	2
3738	2
3739	2
3740	63
3741	2
3742	5
3743	1
3744	11
3745	11
3746	5
3747	1
3748	9
3749	3
3750	27
3751	1
3752	19
3754	7
3755	7
3756	11
3757	1
3758	5
3759	2
3760	57
3762	8
3764	17
3765	11
3766	3
3767	2
3768	13
3769	2
3770	26
3772	8
3773	4
3774	3
3775	2
3776	6
3777	1
3778	5
3779	1
3780	51
3781	2
3782	3
3783	3
3784	18
3785	5
3786	7
3787	1
3788	8
3789	1
3790	22
3791	1
3792	12
3793	2
3794	4
3795	3
3796	13
3798	3
3800	61
3801	1
3802	5
3804	11
3805	3
3806	7
3807	2
3808	16
3809	2
3810	19
3812	12
3814	3
3815	2
3816	5
3817	2
3818	6
3820	33
3821	3
3822	5
3823	1
3824	10
3825	3
3826	5
3828	10
3829	3
3830	6
3831	3
3832	10
3833	1
3834	9
3835	1
3836	6
3838	3
3839	2
3840	206
3842	6
3844	18
3845	5
3846	4
3847	1
3848	15
3849	2
3850	35
3852	12
3853	1
3854	5
3855	7
3856	9
3858	6
3859	3
3860	50
3861	1
3862	2
3863	1
3864	18
3865	4
3866	5
3867	1
3868	8
3869	2
3870	36
3872	9
3873	1
3874	2
3875	3
3876	9
3878	3
3879	1
3880	53
3882	8
3883	1
3884	6
3885	4
3886	5
3887	4
3888	13
3889	1
3890	14
3892	7
3893	1
3894	5
3895	2
3896	8
3898	7
3900	29
3901	2
3902	5
3903	1
3904	6
3905	7
3906	7
3908	7
3909	3
3910	13
3911	1
3912	11
3914	8
3915	2
3916	12
3917	2
3918	3
3919	1
3920	55
3922	5
3923	2
3924	10
3925	2
3926	8
3927	2
3928	9
3929	2
3930	28
3931	1
3932	8
3933	1
3934	3
3935	4
3936	12
3937	3
3938	5
3939	2
3940	19
3941	1
3942	4
3943	2
3944	10
3945	2
3946	5
3947	2
3948	15
3949	2
3950	14
3951	2
3952	8
3953	2
3954	1
3955	1
3956	7
3958	6
3959	1
3960	31
3961	2
3962	4
3963	1
3964	9
3965	2
3966	4
3967	1
3968	11
3969	2
3970	9
3971	2
3972	9
3973	1
3974	5
3976	9
3978	4
3980	13
3982	7
3983	1
3984	11
3986	4
3987	1
3988	8
3990	7
3991	1
3992	5
3993	1
3994	2
3995	2
3996	11
3997	1
3998	1
4000	70
4001	2
4002	3
4004	7
4005	6
4006	1
4008	5
4009	1
4010	8
4011	4
4014	8
4015	1
4016	8
4018	3
4019	1
4020	31
4022	4
4024	3
4025	4
4026	4
4027	1
4028	6
4030	7
4031	1
4032	7
4034	3
4035	1
4036	7
4037	2
4038	1
4040	17
4042	3
4044	5
4045	2
4046	4
4047	1
4048	5
4050	13
4051	2
4052	4
4053	3
4054	1
4055	1
4056	6
4058	4
4059	1
4060	11
4061	1
4062	4
4064	6
4066	1
4068	3
4069	1
4070	7
4071	2
4072	5
4074	4
4075	1
4076	2
4078	4
4080	32
4082	3
4084	5
4085	1
4086	1
4088	4
4090	9
4091	1
4092	7
4093	1
4094	4
4095	3
4096	7
4097	1
4098	3
4100	20
4101	1
4102	3
4103	1
4104	6
4106	2
4107	1
4108	3
4109	1
4110	11
4112	5
4114	3
4115	2
4116	5
4118	3
4120	11
4122	3
4124	6
4125	1
4126	2
4128	2
4130	7
4132	5
4134	4
4135	6
4136	7
4139	1
4140	15
4142	4
4143	1
4145	1
4146	1
4148	4
4150	5
4151	1
4152	5
4153	1
4154	3
4158	3
4160	16
4164	6
4166	2
4168	6
4169	1
4170	7
4171	1
4172	2
4174	2
4175	3
4176	2
4178	1
4180	8
4184	6
4185	1
4186	3
4187	1
4188	6
4189	1
4190	1
4191	1
4192	2
4194	3
4196	1
4200	15
4201	1
4202	2
4204	5
4205	1
4206	2
4208	7
4210	3
4212	5
4215	2
4216	3
4217	1
4218	1
4219	2
4220	10
4221	1
4223	1
4224	3
4226	3
4227	1
4228	4
4230	6
4231	1
4232	2
4234	1
4236	3
4238	1
4239	1
4240	13
4244	2
4245	2
4248	7
4249	1
4250	3
4251	1
4252	1
4254	3
4258	3
4260	5
4261	2
4262	1
4264	1
4266	2
4270	3
4272	3
4274	2
4275	1
4280	5
4282	2
4284	3
4285	1
4288	1
4290	4
4292	3
4296	2
4298	2
4300	3
4301	1
4302	1
4304	1
4305	3
4306	1
4308	1
4309	1
4310	5
4311	1
4312	3
4313	1
4315	1
4316	2
4320	273
4321	1
4322	3
4324	24
4325	11
4326	5
4328	19
4329	4
4330	42
4332	14
4334	4
4335	10
4336	8
4337	2
4338	5
4340	53
4343	2
4344	4
4345	4
4346	3
4347	1
4348	5
4350	37
4352	9
4353	1
4354	6
4355	6
4356	3
4357	1
4358	6
4359	1
4360	40
4362	5
4364	4
4365	6
4366	7
4368	8
4369	1
4370	18
4371	1
4372	8
4374	5
4375	8
4376	4
4377	1
4378	1
4379	1
4380	40
4382	5
4383	1
4384	6
4385	5
4386	1
4388	9
4389	1
4390	9
4391	1
4392	12
4394	5
4395	5
4396	7
4398	3
4399	1
4400	42
4401	3
4402	9
4403	3
4404	7
4405	3
4406	3
4408	9
4409	2
4410	16
4412	6
4413	2
4414	5
4415	5
4416	10
4417	2
4418	4
4420	25
4422	5
4423	3
4424	9
4425	3
4426	1
4427	1
4428	6
4430	14
4431	5
4432	11
4433	2
4434	2
4435	1
4436	9
4438	5
4440	21
4441	3
4442	3
4443	3
4444	11
4445	5
4446	6
4448	7
4450	5
4451	2
4452	8
4453	1
4454	4
4455	5
4456	4
4457	1
4458	2
4460	18
4461	1
4462	6
4464	6
4465	1
4466	1
4467	1
4468	5
4469	2
4470	5
4471	1
4472	7
4473	1
4474	6
4475	1
4476	9
4477	1
4478	3
4479	1
4480	15
4481	2
4482	4
4483	2
4484	8
4485	1
4486	2
4488	6
4489	1
4490	11
4491	2
4492	2
4494	3
4496	4
4498	1
4500	17
4501	2
4502	2
4504	9
4506	5
4508	8
4509	2
4510	3
4511	1
4512	5
4513	1
4514	3
4515	3
4516	5
4518	8
4520	14
4522	4
4523	1
4524	3
4525	1
4526	5
4528	9
4529	1
4530	4
4531	2
4532	6
4534	6
4535	3
4536	3
4537	2
4538	5
4540	6
4542	4
4543	1
4544	7
4545	2
4546	3
4547	1
4548	7
4550	4
4551	2
4552	6
4554	5
4556	6
4560	22
4561	1
4564	2
4566	2
4567	1
4568	5
4569	1
4570	7
4572	4
4574	1
4575	3
4576	5
4578	5
4580	11
4581	2
4582	1
4584	4
4586	3
4588	7
4590	3
4592	6
4594	1
4596	2
4598	2
4600	5
4602	3
4604	4
4605	1
4606	1
4607	1
4609	1
4610	3
4611	1
4612	3
4614	2
4615	1
4616	3
4617	1
4618	1
4620	7
4621	1
4622	1
4624	4
4625	2
4626	1
4628	5
4630	6
4632	2
4633	1
4634	1
4635	1
4636	3
4637	1
4638	1
4640	12
4641	1
4642	1
4643	1
4644	7
4646	1
4647	1
4648	4
4649	1
4650	4
4655	1
4656	2
4658	2
4660	6
4662	1
4663	1
4664	1
4666	2
4667	1
4670	5
4671	1
4673	1
4674	2
4676	4
4680	7
4682	1
4684	3
4685	1
4686	2
4688	5
4690	4
4692	6
4693	1
4694	1
4696	2
4698	3
4700	2
4703	1
4704	5
4706	1
4708	3
4710	2
4712	4
4716	1
4718	1
4720	5
4724	5
4725	1
4728	2
4730	3
4732	5
4736	1
4738	1
4740	6
4742	1
4743	1
4744	1
4748	2
4749	1
4751	1
4752	2
4756	5
4758	1
4759	2
4760	4
4761	1
4764	1
4766	3
4767	2
4768	1
4770	4
4771	1
4772	1
4774	1
4777	1
4780	1
4782	1
4784	3
4786	1
4790	1
4792	2
4794	1
4795	1
4796	1
4798	1
4800	3105
4802	72
4804	163
4805	252
4806	26
4807	4
4808	133
4809	9
4810	473
4811	1
4812	46
4813	6
4814	31
4815	117
4816	65
4817	6
4818	22
4819	8
4820	454
4821	2
4822	15
4823	1
4824	55
4825	69
4826	9
4827	3
4828	25
4829	6
4830	298
4831	1
4832	29
4833	1
4834	24
4835	55
4836	19
4837	4
4838	12
4839	1
4840	337
4841	2
4842	18
4843	1
4844	42
4845	64
4846	5
4847	2
4848	32
4849	4
4850	175
4851	1
4852	20
4853	3
4854	11
4855	30
4856	17
4857	2
4858	12
4859	7
4860	270
4861	1
4862	13
4863	5
4864	18
4865	32
4866	8
4867	2
4868	18
4869	1
4870	120
4871	1
4872	14
4873	1
4874	11
4875	16
4876	11
4877	3
4878	9
4879	1
4880	211
4881	2
4882	7
4883	2
4884	18
4885	20
4886	7
4887	3
4888	19
4889	1
4890	119
4891	2
4892	6
4893	1
4894	7
4895	21
4896	17
4897	1
4898	10
4899	4
4900	133
4901	2
4902	11
4903	2
4904	16
4905	7
4906	7
4907	1
4908	10
4909	1
4910	51
4911	2
4912	9
4914	9
4915	8
4916	14
4917	1
4918	3
4920	146
4922	4
4923	1
4924	12
4925	21
4926	6
4927	3
4928	9
4929	3
4930	57
4931	1
4932	9
4933	1
4934	8
4935	15
4936	9
4937	3
4938	9
4939	1
4940	70
4941	1
4942	7
4943	3
4944	10
4945	8
4946	6
4947	1
4948	7
4950	49
4951	1
4952	10
4953	3
4954	6
4955	5
4956	5
4958	8
4960	84
4962	4
4964	4
4965	14
4966	3
4967	4
4968	7
4969	1
4970	21
4972	6
4973	1
4974	5
4975	3
4976	6
4977	3
4978	1
4979	1
4980	63
4981	1
4982	7
4984	4
4985	6
4986	1
4988	9
4989	2
4990	19
4992	8
4993	1
4994	2
4995	9
4996	4
4998	8
5000	71
5002	8
5003	1
5004	2
5005	4
5007	1
5008	3
5009	1
5010	24
5012	3
5013	1
5014	2
5015	2
5016	6
5018	1
5019	1
5020	21
5021	1
5022	3
5024	6
5025	1
5026	1
5028	5
5030	8
5031	1
5032	2
5034	1
5035	5
5036	1
5037	1
5038	2
5040	68
5042	2
5043	1
5044	2
5045	9
5046	5
5048	4
5049	2
5050	19
5052	1
5053	1
5054	3
5055	4
5056	3
5058	2
5060	22
5061	1
5062	1
5063	2
5064	5
5065	7
5066	3
5067	2
5068	4
5069	1
5070	22
5072	4
5073	1
5074	1
5075	5
5076	2
5077	1
5078	3
5080	29
5082	1
5084	8
5085	4
5086	1
5088	4
5089	1
5090	8
5091	1
5092	3
5093	1
5096	1
5098	4
5100	35
5101	2
5102	1
5103	1
5104	4
5106	2
5108	3
5110	6
5112	3
5115	1
5116	2
5117	2
5118	1
5120	19
5121	1
5122	2
5124	3
5125	2
5127	1
5128	1
5130	11
5132	4
5133	1
5134	1
5135	1
5136	3
5138	3
5140	13
5142	1
5144	3
5145	2
5146	2
5148	5
5150	1
5152	2
5155	1
5156	3
5158	2
5159	1
5160	29
5161	2
5164	4
5165	2
5166	4
5168	5
5169	1
5170	7
5171	2
5172	2
5174	1
5175	2
5176	4
5177	1
5178	2
5180	9
5182	1
5183	1
5184	2
5186	2
5187	2
5188	1
5190	6
5191	1
5192	4
5194	1
5195	2
5196	3
5199	1
5200	35
5202	2
5203	1
5204	3
5205	4
5206	1
5207	1
5208	6
5209	1
5210	9
5212	3
5214	1
5215	2
5219	1
5220	10
5222	1
5224	2
5228	2
5229	1
5230	4
5232	1
5235	1
5236	3
5237	1
5238	2
5240	14
5242	1
5246	1
5249	1
5250	5
5252	4
5254	1
5256	4
5260	6
5264	2
5268	5
5270	1
5272	1
5274	1
5278	1
5279	1
5280	16
5282	1
5284	3
5286	1
5287	1
5288	1
5290	6
5292	1
5295	1
5296	1
5300	7
5302	1
5306	1
5308	1
5310	7
5312	4
5314	1
5315	1
5316	1
5318	1
5320	6
5321	1
5322	2
5324	3
5326	2
5328	2
5330	2
5332	2
5334	1
5338	1
5340	10
5344	1
5346	1
5348	3
5350	3
5352	1
5354	1
5356	2
5358	1
5359	1
5360	6
5362	1
5364	2
5370	5
5371	1
5372	2
5374	1
5376	2
5380	1
5382	1
5384	1
5385	1
5390	2
5392	2
5394	1
5396	1
5398	1
5400	117
5402	3
5404	3
5405	7
5406	3
5408	5
5410	13
5412	3
5413	1
5415	2
5416	5
5419	2
5420	17
5421	1
5424	5
5428	1
5430	10
5432	1
5434	1
5435	2
5436	3
5440	17
5442	3
5443	1
5444	2
5445	1
5446	3
5447	1
5448	1
5450	6
5452	1
5455	1
5456	1
5458	2
5459	1
5460	17
5462	2
5464	2
5465	3
5466	1
5468	1
5470	6
5472	3
5474	2
5475	2
5476	1
5479	2
5480	10
5482	1
5483	2
5484	1
5488	3
5490	3
5491	1
5492	2
5493	1
5494	1
5495	2
5496	1
5500	6
5504	2
5508	3
5510	2
5512	3
5516	3
5518	1
5520	15
5522	1
5524	1
5525	3
5528	3
5529	1
5530	2
5532	1
5533	1
5534	1
5535	1
5536	1
5537	1
5540	6
5542	2
5546	2
5548	3
5550	4
5552	1
5553	1
5556	4
5558	3
5560	12
5562	3
5564	3
5565	1
5568	6
5569	1
5570	1
5572	1
5574	1
5575	1
5576	1
5579	1
5580	8
5582	2
5590	7
5591	2
5592	1
5593	1
5594	1
5595	1
5596	2
5600	12
5601	1
5602	1
5610	3
5612	1
5614	1
5615	1
5616	1
5618	3
5620	2
5621	1
5627	1
5628	2
5630	1
5632	2
5636	4
5638	3
5639	1
5640	8
5642	1
5644	1
5645	1
5646	1
5654	1
5656	2
5659	1
5660	1
5663	1
5664	2
5670	1
5672	1
5676	1
5680	3
5682	1
5683	1
5686	1
5688	4
5692	3
5693	1
5694	2
5700	3
5702	2
5704	3
5706	1
5712	3
5718	3
5719	2
5720	4
5725	1
5726	2
5728	3
5730	3
5736	1
5740	1
5741	1
5747	1
5748	1
5752	1
5756	1
5760	93
5762	2
5764	7
5766	3
5768	4
5770	13
5772	3
5774	4
5775	4
5776	6
5778	2
5780	21
5781	1
5782	2
5783	1
5784	2
5785	2
5786	2
5788	2
5789	1
5790	16
5792	5
5793	1
5794	4
5795	3
5796	2
5797	1
5800	17
5802	1
5804	3
5805	4
5806	2
5808	4
5810	6
5814	1
5816	1
5820	9
5824	4
5825	2
5828	3
5829	1
5830	9
5832	3
5833	1
5834	3
5835	3
5836	3
5840	10
5841	1
5842	2
5844	4
5846	1
5848	2
5850	1
5852	2
5853	1
5856	1
5858	4
5859	1
5860	6
5862	1
5864	2
5865	1
5866	1
5867	2
5868	1
5870	3
5871	2
5872	2
5874	2
5876	4
5880	7
5881	1
5884	4
5886	2
5887	2
5888	4
5890	4
5891	1
5892	2
5896	4
5897	1
5899	1
5900	11
5902	1
5903	1
5904	2
5905	1
5906	1
5908	2
5910	3
5912	2
5914	1
5915	1
5916	1
5917	1
5918	1
5920	11
5925	1
5926	3
5928	1
5930	1
5932	1
5933	1
5934	4
5936	1
5940	6
5943	1
5945	2
5946	1
5948	1
5949	2
5950	1
5952	3
5953	1
5955	3
5956	3
5958	2
5960	7
5962	2
5965	1
5968	1
5969	1
5970	2
5972	1
5974	1
5976	2
5980	5
5983	1
5984	2
5988	1
5992	2
5993	1
5994	2
5998	1
5999	2
6000	12
6003	2
6004	1
6006	2
6008	3
6010	4
6014	1
6015	1
6016	1
6017	1
6018	1
6020	6
6021	1
6022	1
6024	1
6028	2
6030	2
6033	1
6034	1
6036	2
6037	1
6040	5
6042	1
6048	1
6050	1
6052	1
6057	1
6058	1
6060	1
6063	1
6064	1
6067	1
6070	2
6072	3
6078	1
6079	1
6080	5
6084	2
6085	1
6088	2
6090	1
6092	1
6098	2
6100	2
6105	1
6114	1
6118	2
6120	1
6122	1
6128	2
6130	1
6133	1
6139	1
6140	2
6141	1
6142	1
6149	1
6150	1
6152	2
6160	1
6165	3
6170	3
6172	1
6174	1
6176	1
6178	1
6179	1
6180	1
6190	1
6195	1
6197	1
6200	2
6202	1
6203	1
6204	2
6210	1
6214	1
6215	1
6218	1
6219	1
6220	4
6224	1
6228	1
6243	1
6252	1
6262	1
6264	1
6265	1
6268	5
6270	1
6271	1
6272	1
6276	1
6280	1
6282	1
6284	1
6288	1
6292	2
6296	1
6304	1
6306	1
6310	1
6312	1
6313	1
6336	1
6338	2
6340	1
6342	1
6344	1
6352	1
6360	1
6364	2
6382	1
6400	831
6402	10
6404	49
6405	45
6406	3
6407	2
6408	33
6409	4
6410	121
6411	1
6412	8
6413	1
6414	5
6415	21
6416	16
6417	1
6418	3
6419	1
6420	114
6422	1
6423	3
6424	9
6425	10
6426	1
6428	11
6429	3
6430	73
6432	4
6434	4
6435	18
6436	2
6437	1
6438	4
6439	1
6440	88
6442	4
6444	4
6445	17
6446	1
6447	1
6448	6
6449	3
6450	35
6452	3
6453	1
6454	3
6455	7
6456	8
6458	3
6460	68
6462	1
6463	2
6464	1
6465	8
6466	3
6468	2
6470	29
6472	1
6474	4
6475	7
6476	2
6478	5
6479	1
6480	81
6482	2
6484	3
6485	7
6486	3
6487	2
6488	1
6489	1
6490	33
6491	1
6493	1
6494	5
6495	7
6496	4
6497	1
6498	2
6500	52
6502	1
6504	5
6505	1
6507	1
6508	1
6509	1
6510	17
6512	1
6514	1
6516	2
6517	1
6518	1
6519	2
6520	45
6522	1
6524	4
6525	1
6528	3
6529	1
6530	23
6532	4
6534	1
6535	4
6536	1
6538	1
6539	1
6540	16
6541	1
6544	1
6545	1
6546	1
6548	3
6550	8
6552	4
6553	1
6554	1
6555	1
6556	1
6558	2
6560	31
6562	1
6563	1
6564	3
6565	1
6566	3
6568	7
6570	11
6572	1
6574	1
6575	2
6576	1
6578	1
6580	29
6582	1
6584	4
6585	2
6588	2
6590	14
6591	1
6592	1
6594	1
6595	3
6596	4
6598	2
6600	23
6604	1
6608	1
6610	6
6612	3
6614	3
6615	1
6616	1
6618	1
6620	9
6622	1
6625	1
6626	1
6628	1
6630	4
6632	1
6637	1
6638	1
6640	11
6641	1
6642	1
6644	2
6645	2
6648	2
6650	4
6654	2
6655	1
6656	1
6657	1
6660	10
6662	2
6664	3
6668	7
6669	1
6670	8
6672	1
6674	4
6675	1
6676	1
6678	3
6679	1
6680	5
6682	1
6684	2
6685	1
6686	2
6690	2
6693	1
6695	1
6696	4
6697	1
6698	1
6700	9
6703	1
6704	2
6705	1
6708	1
6710	6
6712	1
6715	3
6717	1
6720	9
6724	1
6728	1
6730	4
6734	3
6740	3
6744	1
6745	1
6746	1
6750	1
6753	1
6756	1
6760	14
6764	1
6765	1
6766	1
6768	4
6770	1
6772	1
6775	1
6776	1
6777	1
6780	8
6781	1
6786	1
6787	1
6788	1
6790	2
6792	1
6796	2
6798	2
6800	8
6813	1
6816	1
6820	3
6833	1
6836	1
6840	7
6842	2
6844	1
6848	1
6850	1
6860	3
6862	1
6863	1
6864	1
6866	1
6870	1
6876	2
6880	4
6884	1
6888	2
6890	1
6894	1
6896	1
6900	4
6901	1
6902	1
6905	1
6908	1
6910	1
6914	2
6916	2
6920	3
6921	1
6924	1
6926	2
6928	1
6940	1
6944	2
6948	2
6950	2
6952	1
6954	1
6955	1
6960	7
6964	1
6968	1
6970	1
6972	1
6980	3
6990	2
7000	2
7004	1
7010	1
7012	1
7016	1
7020	1
7024	1
7030	1
7037	1
7040	1
7044	1
7045	1
7046	1
7052	1
7060	2
7071	1
7074	2
7076	1
7080	1
7086	1
7096	1
7100	1
7106	1
7110	1
7120	3
7140	3
7144	1
7150	1
7156	1
7160	1
7164	1
7166	1
7180	1
7200	558
7202	7
7204	26
7205	48
7206	5
7207	2
7208	27
7209	2
7210	65
7212	5
7214	4
7215	20
7216	19
7218	4
7219	3
7220	68
7221	2
7222	2
7223	1
7224	10
7225	11
7226	1
7228	4
7229	1
7230	62
7231	1
7232	9
7233	2
7234	2
7235	16
7236	6
7238	2
7240	64
7242	2
7244	7
7245	13
7246	1
7247	2
7248	8
7250	28
7252	3
7253	1
7254	4
7255	1
7256	3
7257	1
7258	3
7259	1
7260	41
7262	2
7264	5
7265	4
7266	1
7268	7
7270	12
7272	4
7273	1
7274	3
7275	5
7276	1
7277	2
7278	1
7280	38
7282	3
7284	5
7285	5
7286	1
7287	1
7288	2
7290	23
7292	4
7293	1
7294	1
7295	3
7296	10
7298	1
7300	20
7302	3
7304	5
7305	5
7308	4
7310	6
7314	5
7315	2
7316	1
7317	1
7318	4
7320	23
7322	1
7324	4
7325	5
7326	3
7327	1
7328	1
7329	1
7330	17
7332	2
7334	2
7335	3
7337	1
7338	3
7339	1
7340	11
7341	2
7342	1
7344	4
7345	2
7348	1
7349	1
7350	6
7351	2
7355	5
7356	3
7358	1
7360	18
7364	3
7366	2
7368	3
7370	9
7372	1
7375	3
7380	15
7382	1
7384	3
7385	1
7386	1
7388	3
7390	6
7392	2
7396	2
7398	1
7399	1
7400	7
7402	1
7404	3
7405	1
7408	1
7410	2
7412	1
7414	2
7416	1
7418	1
7420	2
7422	1
7423	1
7424	2
7426	1
7428	1
7430	3
7432	2
7434	1
7436	2
7437	1
7440	15
7444	2
7445	1
7446	1
7448	2
7449	1
7450	4
7452	4
7456	1
7460	4
7462	1
7463	1
7464	2
7470	4
7472	2
7476	2
7480	4
7482	1
7484	1
7485	1
7488	1
7490	1
7496	1
7500	2
7504	1
7505	2
7506	1
7507	1
7508	1
7510	1
7515	1
7520	2
7522	1
7524	1
7529	1
7530	2
7540	2
7541	1
7544	1
7548	1
7550	2
7554	1
7558	1
7560	4
7565	2
7566	2
7568	2
7575	1
7576	1
7580	1
7584	1
7590	2
7596	1
7599	1
7600	4
7610	1
7612	3
7618	1
7620	5
7625	1
7630	4
7632	1
7640	1
7642	1
7644	1
7648	1
7650	1
7658	1
7660	2
7668	1
7670	1
7676	1
7678	1
7680	5
7682	1
7684	2
7685	1
7686	1
7688	1
7689	1
7690	1
7695	1
7696	1
7698	1
7700	3
7701	2
7702	1
7704	2
7710	1
7713	1
7714	1
7720	3
7725	1
7732	1
7734	1
7742	1
7750	2
7760	1
7764	1
7770	2
7792	1
7795	1
7797	1
7800	2
7806	1
7808	1
7815	1
7820	1
7824	2
7830	1
7833	1
7834	1
7840	2
7845	1
7846	1
7850	1
7860	1
7870	1
7872	2
7880	1
7900	1
7908	1
7930	1
7932	1
7939	1
7940	1
7944	1
7952	1
7956	1
7960	2
7962	1
7970	1
7972	1
7980	1
7988	1
7996	1
7997	1
8000	6
8001	1
8008	1
8010	1
8018	1
8020	2
8024	2
8030	1
8040	2
8066	1
8068	1
8072	1
8078	1
8090	1
8098	1
8100	4
8127	1
8130	4
8140	1
8161	1
8167	1
8176	1
8200	1
8204	1
8216	2
8260	1
8268	1
8296	1
8311	1
8329	1
8330	1
8335	1
8348	1
8350	1
8362	1
8368	1
8378	1
8387	1
8396	1
8398	1
8406	1
8408	1
8422	1
8430	1
8440	1
8448	1
8484	1
8497	1
8506	1
8510	1
8524	1
8526	1
8535	1
8540	1
8562	1
8573	1
8580	2
8603	1
8622	1
8640	14
8648	1
8650	3
8652	1
8654	1
8655	2
8656	1
8660	1
8669	1
8670	1
8674	1
8680	5
8682	1
8685	1
8688	1
8690	1
8696	1
8697	1
8698	1
8700	2
8710	2
8720	3
8728	1
8735	1
8736	1
8740	1
8760	2
8764	1
8768	1
8770	4
8772	1
8777	1
8780	1
8781	1
8782	1
8792	1
8796	1
8798	1
8800	3
8804	1
8805	1
8812	1
8814	1
8820	1
8822	1
8824	1
8825	1
8830	1
8844	1
8848	1
8852	2
8858	1
8864	1
8866	1
8868	1
8870	1
8873	1
8880	3
8884	1
8892	2
8898	1
8904	1
8917	1
8918	1
8920	1
8924	1
8936	2
8940	1
8944	2
8946	1
8948	1
8960	2
8964	1
8968	1
8984	1
8988	1
9004	1
9015	1
9024	1
9040	2
9060	2
9064	1
9076	1
9100	1
9120	1
9154	1
9184	1
9208	1
9232	1
9242	1
9260	1
9272	1
9308	1
9330	1
9336	1
9384	1
9400	1
9546	1
9548	1
9576	1
9600	374
9602	8
9604	26
9605	13
9606	4
9607	1
9608	20
9609	1
9610	64
9612	5
9613	2
9614	5
9615	15
9616	11
9617	1
9618	5
9619	1
9620	63
9623	1
9624	5
9625	12
9626	1
9628	7
9629	1
9630	35
9631	1
9632	5
9633	1
9634	2
9635	6
9636	2
9638	2
9639	1
9640	55
9642	3
9643	2
9644	6
9645	3
9646	1
9648	4
9649	1
9650	13
9652	3
9654	4
9655	4
9656	1
9658	2
9659	1
9660	39
9662	2
9664	5
9665	5
9666	1
9667	1
9668	4
9670	14
9672	1
9674	5
9675	5
9676	6
9678	1
9680	27
9681	1
9684	1
9685	3
9688	4
9690	15
9692	3
9695	3
9698	1
9700	20
9701	2
9704	3
9705	1
9706	1
9710	6
9712	1
9715	1
9716	1
9718	2
9720	30
9722	4
9724	3
9725	1
9726	1
9728	3
9730	8
9732	1
9734	1
9735	2
9738	2
9740	10
9741	1
9742	1
9744	2
9745	2
9746	1
9748	2
9750	5
9752	1
9754	1
9756	2
9757	1
9758	1
9760	17
9762	1
9764	2
9765	1
9766	1
9767	1
9768	1
9770	4
9772	1
9775	1
9776	1
9780	13
9784	1
9786	4
9790	3
9795	2
9796	2
9800	17
9804	1
9810	4
9818	1
9820	3
9821	1
9824	1
9828	2
9830	2
9837	1
9840	10
9844	1
9849	1
9850	2
9852	1
9855	1
9856	1
9858	2
9860	5
9864	1
9868	2
9870	5
9872	1
9876	2
9880	5
9884	2
9885	1
9888	1
9890	3
9892	1
9894	1
9896	2
9900	5
9904	1
9906	1
9908	1
9910	1
9915	1
9920	1
9924	1
9930	3
9940	2
9944	1
9945	1
9950	1
9960	5
9970	1
9975	1
9980	2
9992	1
9996	1
10000	6
10002	1
10008	1
10010	1
10014	1
10020	1
10030	1
10036	1
10040	2
10060	1
10070	1
10080	5
10082	1
10087	1
10088	1
10100	3
10120	4
10132	1
10148	1
10150	1
10170	1
10172	2
10180	1
10184	1
10188	1
10192	1
10200	3
10202	1
10204	1
10220	1
10226	1
10230	3
10234	1
10238	1
10246	1
10248	2
10252	1
10260	2
10264	1
10270	1
10276	1
10280	1
10290	1
10300	1
10320	1
10358	1
10392	1
10400	3
10416	1
10440	2
10443	1
10445	1
10446	1
10451	1
10456	1
10472	1
10510	1
10512	1
10525	1
10535	1
10545	1
10586	1
10620	1
10638	1
10720	1
10764	1
10800	36
10802	2
10804	1
10805	2
10808	6
10810	4
10812	1
10815	3
10818	1
10820	2
10822	1
10824	1
10828	2
10830	3
10834	2
10835	4
10836	2
10840	2
10845	1
10846	1
10848	1
10850	4
10860	1
10865	1
10876	1
10880	9
10888	1
10890	3
10895	2
10900	2
10910	1
10916	1
10920	4
10926	1
10940	2
10948	1
10950	1
10954	1
10960	1
10964	1
10982	1
10983	1
11036	1
11040	1
11048	1
11070	1
11082	1
11085	1
11100	3
11120	2
11126	1
11130	1
11146	1
11150	1
11152	1
11172	1
11175	2
11180	1
11200	2
11208	1
11210	1
11246	1
11280	1
11320	1
11353	1
11355	1
11364	1
11400	3
11520	2
11526	1
11536	1
11540	1
11541	1
11552	1
11554	1
11566	1
11610	1
11752	1
11756	1
11760	1
11786	1
12000	3
12012	1
12030	1
12048	1
12109	1
12182	1
12193	1
12300	1
12360	1
12400	1
12406	1
12451	1
12586	1
12590	1
12778	1
12800	57
12805	3
12808	3
12810	8
12812	1
12814	1
12820	7
12824	1
12830	2
12832	1
12839	1
12840	5
12844	2
12847	1
12850	2
12855	3
12860	1
12866	1
12868	1
12870	5
12875	1
12880	2
12888	1
12890	2
12900	1
12904	1
12910	3
12920	2
12930	1
12940	2
12956	1
12960	4
12970	1
12990	2
13000	3
13020	2
13025	1
13030	1
13040	3
13048	2
13050	1
13060	1
13064	1
13072	1
13080	1
13110	1
13130	1
13140	1
13152	1
13160	2
13172	1
13200	1
13276	1
13360	1
13400	1
13446	1
13480	1
13490	1
13520	1
13527	1
13532	1
13630	1
13664	1
13700	1
13726	1
13904	1
13944	1
14000	1
14166	1
14400	65
14402	1
14404	1
14405	5
14406	1
14408	10
14409	1
14410	11
14414	1
14415	7
14416	1
14418	2
14420	13
14421	1
14424	3
14425	3
14430	9
14432	5
14434	1
14435	2
14440	11
14444	1
14445	1
14447	2
14450	7
14456	1
14458	1
14460	6
14464	1
14466	1
14470	3
14480	6
14484	1
14485	2
14488	1
14490	1
14491	1
14494	1
14496	2
14500	3
14504	1
14508	1
14510	2
14512	1
14517	1
14520	7
14526	1
14528	3
14530	4
14532	1
14540	4
14542	1
14547	1
14548	2
14549	1
14550	2
14560	1
14564	1
14570	1
14572	1
14580	3
14584	1
14591	1
14596	1
14600	5
14608	1
14610	1
14624	1
14628	1
14630	1
14640	3
14646	1
14650	1
14653	1
14658	1
14660	1
14682	1
14685	1
14693	1
14710	1
14720	2
14734	1
14744	1
14780	1
14800	1
14830	1
14840	1
14860	1
14880	1
14900	2
14910	1
14964	1
15032	1
15080	2
15124	1
15280	1
15385	1
15660	1
15664	1
16000	1
16004	1
16010	1
16200	1
16230	1
16272	1
16360	1
16530	1
16620	1
17248	1
17309	1
17496	1
19200	19
19204	1
19208	2
19210	3
19215	2
19216	1
19220	6
19224	1
19230	3
19238	1
19240	1
19244	1
19245	1
19250	1
19260	2
19275	1
19280	1
19282	1
19290	2
19293	1
19300	1
19308	1
19310	1
19320	4
19324	1
19325	1
19330	1
19360	2
19363	1
19368	1
19380	1
19384	1
19390	1
19398	1
19400	1
19420	1
19428	1
19440	1
19450	1
19490	1
19520	1
19524	1
19542	1
19548	1
19560	1
19569	1
19584	1
19590	1
19620	1
19633	1
19665	1
19752	1
19760	1
19800	1
19872	1
20052	1
20480	1
21600	13
21605	1
21609	1
21610	1
21615	1
21616	1
21620	1
21660	2
21664	1
21668	1
21675	1
21680	3
21690	1
21696	1
21700	1
21720	1
21750	2
21754	1
21766	1
21950	1
21970	1
22060	1
22086	1
22110	1
22146	1
22686	1
22945	1
24016	1
24182	1
25660	1
25736	1
26036	1
26422	1
28800	7
28810	1
28820	3
28824	1
28844	1
28860	2
28870	1
28880	1
28884	1
28890	1
28896	1
28938	1
28946	1
29000	1
29179	1
29366	1
32616	1
32700	1
38410	1
38420	1
38464	1
43200	1
43208	1
44920	1
57620	1
57725	1
65061	1
