Pay	Frequency
0	911924315
2	2097580
4	4736020
5	2953063
6	842347
7	184038
8	4881141
9	149306
10	4665427
11	51160
12	2320604
13	142321
14	912937
15	789901
16	3661091
17	87230
18	882584
19	108471
20	4878318
21	217481
22	512108
23	116472
24	2636118
25	247534
26	526289
27	78854
28	1368673
29	105164
30	1797928
31	80276
32	2142584
33	87395
34	505885
35	129311
36	1286827
37	71503
38	420759
39	72556
40	3390666
41	46290
42	584958
43	42982
44	832161
45	308720
46	356249
47	50804
48	1704261
49	47151
50	615314
51	58486
52	734343
53	67688
54	358022
55	100348
56	905287
57	55857
58	290293
59	30446
60	1869846
61	41869
62	275016
63	67312
64	940741
65	106879
66	286667
67	27277
68	579121
69	59467
70	357202
71	27774
72	873586
73	31126
74	200551
75	70961
76	486399
77	37072
78	254232
79	29533
80	1620988
81	36961
82	179447
83	22844
84	547999
85	115134
86	152016
87	41817
88	502872
89	24673
90	529874
91	18756
92	383699
93	45009
94	154229
95	68048
96	672629
97	20461
98	145355
99	27664
100	566070
101	26942
102	178191
103	19993
104	376506
105	62181
106	138080
107	15609
108	350169
109	20384
110	197323
111	28415
112	351509
113	17087
114	147770
115	33325
116	243175
117	27846
118	97328
119	15665
120	1046758
121	14725
122	115282
123	19130
124	254222
125	62320
126	135926
127	16142
128	339527
129	20864
130	185422
131	13094
132	250847
133	16429
134	90047
135	51457
136	273292
137	12666
138	119859
139	12732
140	284836
141	22620
142	76722
143	14249
144	337206
145	30215
146	75952
147	16460
148	161564
149	14881
150	143663
151	12349
152	216181
153	16525
154	71860
155	21732
156	180244
157	11821
158	64387
159	17825
160	562380
161	9992
162	85302
163	9915
164	138106
165	46472
166	56759
167	11520
168	218347
169	10142
170	124324
171	12372
172	117664
173	11301
174	70909
175	25607
176	161032
177	11587
178	51788
179	9153
180	344423
181	9926
182	48676
183	12934
184	150200
185	23626
186	66882
187	8409
188	111085
189	12737
190	83870
191	9129
192	191168
193	7977
194	45305
195	20032
196	104040
197	8731
198	53590
199	8371
200	263407
201	10434
202	43313
203	7656
204	114500
205	19380
206	37671
207	10385
208	114374
209	7106
210	75907
211	6794
212	88663
213	9355
214	33959
215	12645
216	126541
217	6333
218	34154
219	7910
220	117537
221	6938
222	42580
223	6534
224	94075
225	13720
226	31132
227	5912
228	89260
229	6158
230	43756
231	7845
232	81568
233	5805
234	36758
235	8769
236	61697
237	7740
238	26418
239	5670
240	404067
241	5121
242	31908
243	6695
244	74301
245	23059
246	33987
247	5785
248	90898
249	7023
250	68152
251	4983
252	79489
253	5627
254	26677
255	16090
256	89458
257	4789
258	31161
259	4888
260	101665
261	6960
262	22464
263	4955
264	85311
265	10626
266	22539
267	5576
268	52404
269	4871
270	60764
271	4459
272	71857
273	5201
274	21514
275	7914
276	59240
277	4193
278	21248
279	5077
280	93717
281	4078
282	27380
283	3966
284	43079
285	10235
286	20797
287	3942
288	82871
289	3799
290	29248
291	4559
292	39884
293	4229
294	24360
295	6194
296	48454
297	4305
298	18514
299	3430
300	83910
301	3695
302	18336
303	4525
304	50627
305	6459
306	21393
307	3320
308	35388
309	4313
310	23963
311	3255
312	50209
313	3170
314	15484
315	5390
316	31683
317	3145
318	20451
319	2985
320	131448
321	3533
322	14919
323	2949
324	39445
325	9407
326	14595
327	3453
328	37458
329	3087
330	35097
331	2649
332	28031
333	3778
334	14297
335	6412
336	44726
337	2596
338	12916
339	3227
340	45582
341	2897
342	15983
343	2515
344	30444
345	5283
346	12170
347	2425
348	29418
349	2523
350	20040
351	2856
352	31122
353	2448
354	13245
355	3500
356	21443
357	2831
358	10731
359	2226
360	124477
361	2176
362	11360
363	2452
364	25333
365	7013
366	15499
367	2358
368	34333
369	2716
370	20797
371	2109
372	30434
373	2212
374	11089
375	5568
376	31957
377	2084
378	13407
379	2109
380	35837
381	2998
382	10181
383	2244
384	40222
385	3609
386	9169
387	2224
388	21484
389	2201
390	19153
391	1923
392	29176
393	2337
394	9338
395	2755
396	25026
397	1897
398	9338
399	2225
400	110226
401	1806
402	11818
403	1722
404	19139
405	7500
406	8490
407	1801
408	32286
409	1836
410	18620
411	1971
412	17002
413	1968
414	10231
415	3803
416	23187
417	1953
418	7261
419	1531
420	36254
421	1699
422	7623
423	1979
424	21195
425	3332
426	8816
427	1506
428	14590
429	2113
430	12398
431	1426
432	26972
433	1525
434	6455
435	2517
436	14201
437	1543
438	8112
439	1316
440	32576
441	1715
442	6179
443	1354
444	16894
445	3043
446	5896
447	1810
448	17051
449	1290
450	12807
451	1225
452	12384
453	1663
454	5687
455	2056
456	19413
457	1284
458	5453
459	1427
460	17606
461	1322
462	6850
463	1237
464	14875
465	2455
466	5122
467	1070
468	13466
469	1244
470	7235
471	1394
472	13104
473	1110
474	6322
475	1549
476	9192
477	1515
478	4618
479	1008
480	110116
481	1026
482	5894
483	1226
484	13290
485	6686
486	6795
487	1167
488	17904
489	1484
490	18528
491	990
492	13707
493	1212
494	5423
495	4441
496	17669
497	1103
498	6535
499	1077
500	24098
501	1558
502	4618
503	1113
504	18404
505	2589
506	4745
507	1171
508	9962
509	1061
510	12621
511	1003
512	15637
513	1240
514	4639
515	1753
516	11318
517	966
518	4354
519	1105
520	24070
521	880
522	5583
523	803
524	8400
525	2559
526	4126
527	886
528	16406
529	879
530	7003
531	959
532	7892
533	966
534	4598
535	1342
536	10554
537	943
538	3666
539	789
540	25254
541	909
542	3592
543	899
544	11818
545	1665
546	4728
547	719
548	7953
549	1031
550	5836
551	807
552	12921
553	766
554	3501
555	1458
556	8147
557	745
558	4469
559	693
560	16916
561	958
562	3292
563	761
564	9816
565	1337
566	3191
567	861
568	9153
569	686
570	6742
571	683
572	7155
573	887
574	2978
575	1031
576	12704
577	620
578	3116
579	667
580	9994
581	689
582	3806
583	611
584	7773
585	1183
586	3100
587	602
588	8763
589	632
590	3896
591	664
592	7897
593	560
594	3571
595	795
596	6068
597	724
598	2458
599	497
600	31186
601	549
602	2858
603	683
604	6235
605	1464
606	3347
607	525
608	7561
609	685
610	4832
611	520
612	7168
613	536
614	2376
615	1113
616	6447
617	510
618	3044
619	497
620	8680
621	671
622	2197
623	494
624	8499
625	907
626	2201
627	567
628	4712
629	508
630	4245
631	476
632	5758
633	582
634	2090
635	675
636	6077
637	505
638	2101
639	544
640	20479
641	445
642	2691
643	389
644	4653
645	1417
646	1944
647	423
648	7663
649	502
650	4267
651	489
652	4283
653	494
654	2544
655	899
656	5386
657	496
658	1909
659	442
660	9140
661	388
662	1746
663	507
664	5062
665	661
666	2358
667	359
668	4036
669	481
670	3041
671	384
672	6420
673	388
674	1678
675	633
676	3645
677	368
678	2202
679	369
680	8147
681	395
682	1665
683	347
684	4670
685	674
686	1503
687	434
688	4239
689	356
690	2816
691	326
692	3414
693	394
694	1484
695	437
696	4899
697	345
698	1462
699	380
700	4888
701	355
702	1764
703	312
704	3818
705	560
706	1352
707	285
708	3683
709	317
710	1818
711	345
712	3388
713	300
714	1584
715	388
716	2593
717	374
718	1244
719	263
720	33271
721	276
722	1520
723	347
724	3806
725	1767
726	2089
727	303
728	5239
729	395
730	5127
731	327
732	4868
733	311
734	1670
735	1320
736	6043
737	299
738	2096
739	361
740	6903
741	509
742	1418
743	384
744	6523
745	746
746	1381
747	413
748	3757
749	336
750	3963
751	341
752	5923
753	351
754	1395
755	554
756	4609
757	332
758	1449
759	369
760	7784
761	292
762	2050
763	292
764	3065
765	798
766	1451
767	281
768	6941
769	281
770	2083
771	360
772	2944
773	292
774	1796
775	408
776	4113
777	380
778	1237
779	287
780	6406
781	289
782	1245
783	401
784	4386
785	421
786	1508
787	252
788	2806
789	355
790	1664
791	260
792	4857
793	251
794	1092
795	423
796	2629
797	264
798	1435
799	267
800	46871
801	280
802	1420
803	239
804	4187
805	2802
806	1116
807	356
808	3750
809	251
810	7739
811	210
812	2460
813	355
814	1117
815	1411
816	4732
817	216
818	1097
819	274
820	8124
821	274
822	1279
823	228
824	2991
825	975
826	1071
827	240
828	2802
829	230
830	3538
831	254
832	3030
833	189
834	1238
835	548
836	1786
837	240
838	903
839	196
840	9009
841	195
842	1017
843	255
844	1956
845	805
846	1225
847	209
848	2759
849	242
850	2185
851	188
852	2355
853	197
854	819
855	511
856	2229
857	163
858	1202
859	189
860	4396
861	238
862	834
863	180
864	3332
865	522
866	846
867	193
868	1558
869	186
870	1770
871	157
872	1991
873	203
874	808
875	352
876	1911
877	157
878	731
879	188
880	5169
881	150
882	1047
883	157
884	1472
885	451
886	756
887	168
888	2541
889	159
890	1640
891	187
892	1278
893	140
894	898
895	250
896	1903
897	161
898	650
899	137
900	4786
901	141
902	623
903	171
904	1699
905	309
906	859
907	133
908	1239
909	178
910	1128
911	139
912	2274
913	141
914	609
915	304
916	1173
917	111
918	805
919	137
920	3610
921	154
922	597
923	138
924	1689
925	280
926	539
927	156
928	1645
929	132
930	1348
931	107
932	1150
933	159
934	538
935	257
936	1826
937	114
938	569
939	127
940	1950
941	108
942	705
943	117
944	1406
945	231
946	551
947	107
948	1416
949	114
950	811
951	130
952	1280
953	112
954	695
955	179
956	1039
957	153
958	477
959	116
960	20541
961	100
962	615
963	141
964	1665
965	1105
966	711
967	145
968	2257
969	158
970	3212
971	99
972	1822
973	149
974	679
975	823
976	2362
977	134
978	819
979	124
980	4416
981	191
982	517
983	144
984	2532
985	375
986	600
987	155
988	1405
989	128
990	2070
991	126
992	2241
993	144
994	521
995	226
996	1701
997	121
998	593
999	133
1000	3981
1001	114
1002	813
1003	83
1004	1215
1005	392
1006	566
1007	109
1008	2548
1009	117
1010	1069
1011	129
1012	1148
1013	120
1014	644
1015	177
1016	1430
1017	152
1018	507
1019	107
1020	3114
1021	129
1022	481
1023	149
1024	1700
1025	193
1026	596
1027	74
1028	1061
1029	147
1030	789
1031	87
1032	1921
1033	90
1034	420
1035	159
1036	1008
1037	97
1038	522
1039	96
1040	2861
1041	109
1042	345
1043	109
1044	1325
1045	181
1046	403
1047	94
1048	1181
1049	69
1050	1044
1051	96
1052	911
1053	104
1054	401
1055	115
1056	1656
1057	89
1058	368
1059	84
1060	1455
1061	84
1062	497
1063	78
1064	1050
1065	164
1066	372
1067	77
1068	1075
1069	61
1070	555
1071	99
1072	1078
1073	71
1074	493
1075	90
1076	711
1077	87
1078	288
1079	76
1080	5566
1081	69
1082	353
1083	79
1084	864
1085	304
1086	569
1087	57
1088	1254
1089	95
1090	901
1091	96
1092	1201
1093	81
1094	348
1095	268
1096	1309
1097	73
1098	543
1099	86
1100	1546
1101	135
1102	344
1103	94
1104	1823
1105	140
1106	316
1107	107
1108	959
1109	95
1110	789
1111	84
1112	1311
1113	104
1114	362
1115	128
1116	1145
1117	69
1118	407
1119	96
1120	2081
1121	70
1122	549
1123	62
1124	843
1125	168
1126	366
1127	78
1128	1738
1129	73
1130	510
1131	89
1132	785
1133	89
1134	492
1135	92
1136	1182
1137	82
1138	312
1139	69
1140	1722
1141	83
1142	311
1143	85
1144	1038
1145	115
1146	439
1147	56
1148	719
1149	94
1150	445
1151	61
1152	1505
1153	70
1154	274
1155	117
1156	753
1157	71
1158	406
1159	78
1160	1576
1161	90
1162	281
1163	58
1164	947
1165	103
1166	295
1167	87
1168	919
1169	49
1170	613
1171	52
1172	626
1173	97
1174	261
1175	82
1176	1251
1177	62
1178	260
1179	72
1180	859
1181	54
1182	345
1183	66
1184	844
1185	86
1186	240
1187	53
1188	860
1189	54
1190	307
1191	63
1192	784
1193	41
1194	309
1195	57
1196	494
1197	70
1198	201
1199	48
1200	13443
1201	45
1202	324
1203	71
1204	724
1205	675
1206	369
1207	61
1208	930
1209	86
1210	1666
1211	37
1212	822
1213	64
1214	241
1215	410
1216	847
1217	44
1218	354
1219	45
1220	2179
1221	96
1222	209
1223	48
1224	1071
1225	258
1226	224
1227	73
1228	525
1229	55
1230	1031
1231	53
1232	722
1233	61
1234	241
1235	153
1236	685
1237	50
1238	213
1239	71
1240	2184
1241	49
1242	342
1243	41
1244	474
1245	246
1246	236
1247	39
1248	983
1249	53
1250	530
1251	70
1252	416
1253	56
1254	281
1255	115
1256	646
1257	68
1258	200
1259	41
1260	1499
1261	41
1262	197
1263	75
1264	592
1265	105
1266	276
1267	38
1268	413
1269	50
1270	390
1271	43
1272	848
1273	43
1274	186
1275	96
1276	442
1277	53
1278	242
1279	29
1280	2363
1281	51
1282	185
1283	40
1284	587
1285	133
1286	166
1287	62
1288	592
1289	36
1290	623
1291	31
1292	395
1293	67
1294	157
1295	76
1296	897
1297	43
1298	153
1299	55
1300	785
1301	53
1302	214
1303	32
1304	466
1305	84
1306	160
1307	39
1308	506
1309	47
1310	316
1311	62
1312	521
1313	40
1314	229
1315	68
1316	371
1317	42
1318	153
1319	30
1320	1444
1321	35
1322	158
1323	45
1324	371
1325	82
1326	235
1327	36
1328	506
1329	47
1330	301
1331	31
1332	475
1333	31
1334	136
1335	76
1336	474
1337	36
1338	198
1339	36
1340	545
1341	67
1342	128
1343	38
1344	568
1345	41
1346	134
1347	34
1348	278
1349	21
1350	329
1351	37
1352	406
1353	38
1354	133
1355	48
1356	433
1357	35
1358	124
1359	34
1360	889
1361	34
1362	175
1363	23
1364	243
1365	77
1366	139
1367	27
1368	548
1369	34
1370	241
1371	38
1372	265
1373	31
1374	205
1375	32
1376	337
1377	33
1378	138
1379	30
1380	569
1381	29
1382	130
1383	39
1384	279
1385	50
1386	178
1387	27
1388	242
1389	42
1390	197
1391	33
1392	437
1393	31
1394	105
1395	44
1396	212
1397	33
1398	141
1399	32
1400	625
1401	24
1402	117
1403	27
1404	337
1405	39
1406	106
1407	34
1408	314
1409	24
1410	246
1411	26
1412	199
1413	34
1414	100
1415	32
1416	382
1417	23
1418	111
1419	24
1420	294
1421	21
1422	162
1423	27
1424	243
1425	41
1426	106
1427	15
1428	279
1429	17
1430	133
1431	31
1432	234
1433	27
1434	146
1435	28
1436	176
1437	27
1438	98
1439	17
1440	6931
1441	23
1442	147
1443	19
1444	395
1445	365
1446	200
1447	29
1448	514
1449	39
1450	1094
1451	26
1452	490
1453	41
1454	195
1455	276
1456	666
1457	30
1458	238
1459	27
1460	1252
1461	58
1462	165
1463	31
1464	779
1465	124
1466	168
1467	61
1468	389
1469	35
1470	714
1471	55
1472	769
1473	42
1474	198
1475	69
1476	534
1477	34
1478	198
1479	41
1480	1144
1481	39
1482	266
1483	37
1484	366
1485	129
1486	213
1487	42
1488	905
1489	36
1490	324
1491	44
1492	328
1493	37
1494	234
1495	48
1496	520
1497	50
1498	171
1499	26
1500	1037
1501	38
1502	182
1503	42
1504	619
1505	51
1506	166
1507	29
1508	357
1509	59
1510	234
1511	25
1512	679
1513	22
1514	127
1515	63
1516	321
1517	26
1518	227
1519	13
1520	936
1521	48
1522	114
1523	36
1524	465
1525	56
1526	134
1527	35
1528	424
1529	16
1530	356
1531	26
1532	330
1533	41
1534	130
1535	39
1536	662
1537	22
1538	131
1539	18
1540	467
1541	28
1542	180
1543	23
1544	386
1545	52
1546	116
1547	29
1548	391
1549	29
1550	192
1551	34
1552	382
1553	15
1554	167
1555	29
1556	238
1557	34
1558	100
1559	23
1560	918
1561	18
1562	104
1563	27
1564	233
1565	33
1566	190
1567	28
1568	401
1569	29
1570	152
1571	19
1572	332
1573	20
1574	122
1575	43
1576	331
1577	12
1578	154
1579	25
1580	272
1581	43
1582	112
1583	22
1584	456
1585	30
1586	87
1587	19
1588	183
1589	16
1590	168
1591	22
1592	276
1593	21
1594	84
1595	14
1596	251
1597	17
1598	76
1599	14
1600	15988
1601	22
1602	283
1603	11
1604	485
1605	1037
1606	91
1607	37
1608	591
1609	40
1610	2377
1611	37
1612	261
1613	37
1614	188
1615	529
1616	399
1617	26
1618	139
1619	33
1620	2823
1621	23
1622	97
1623	37
1624	311
1625	298
1626	162
1627	29
1628	225
1629	28
1630	1172
1631	25
1632	397
1633	19
1634	99
1635	152
1636	214
1637	16
1638	117
1639	18
1640	1885
1641	27
1642	101
1643	18
1644	320
1645	226
1646	91
1647	31
1648	262
1649	25
1650	549
1651	19
1652	200
1653	24
1654	82
1655	85
1656	322
1657	25
1658	80
1659	13
1660	1219
1661	17
1662	122
1663	18
1664	194
1665	139
1666	116
1667	12
1668	287
1669	15
1670	330
1671	21
1672	198
1673	13
1674	124
1675	76
1676	141
1677	28
1678	69
1679	11
1680	1327
1681	23
1682	70
1683	25
1684	197
1685	73
1686	91
1687	17
1688	191
1689	22
1690	432
1691	8
1692	214
1693	13
1694	63
1695	75
1696	220
1697	19
1698	102
1699	10
1700	544
1701	24
1702	70
1703	10
1704	270
1705	58
1706	57
1707	13
1708	134
1709	13
1710	215
1711	12
1712	205
1713	19
1714	59
1715	38
1716	171
1717	10
1718	51
1719	10
1720	776
1721	15
1722	94
1723	13
1724	148
1725	61
1726	56
1727	8
1728	267
1729	11
1730	210
1731	12
1732	131
1733	10
1734	81
1735	44
1736	155
1737	18
1738	62
1739	8
1740	327
1741	11
1742	51
1743	17
1744	150
1745	37
1746	67
1747	7
1748	129
1749	16
1750	134
1751	8
1752	176
1753	10
1754	57
1755	37
1756	119
1757	15
1758	80
1759	9
1760	483
1761	16
1762	47
1763	8
1764	158
1765	30
1766	49
1767	12
1768	138
1769	12
1770	148
1771	13
1772	107
1773	13
1774	44
1775	33
1776	214
1777	15
1778	43
1779	8
1780	330
1781	17
1782	64
1783	5
1784	137
1785	34
1786	33
1787	6
1788	131
1789	13
1790	100
1791	10
1792	122
1793	5
1794	49
1795	16
1796	93
1797	14
1798	33
1799	10
1800	1698
1801	10
1802	51
1803	14
1804	95
1805	69
1806	91
1807	8
1808	124
1809	18
1810	199
1811	6
1812	149
1813	12
1814	41
1815	56
1816	121
1817	7
1818	66
1819	11
1820	329
1821	19
1822	39
1823	14
1824	193
1825	36
1826	44
1827	14
1828	96
1829	9
1830	135
1831	7
1832	118
1833	17
1834	47
1835	17
1836	129
1837	8
1838	48
1839	11
1840	544
1841	14
1842	88
1843	13
1844	101
1845	37
1846	68
1847	11
1848	209
1849	11
1850	102
1851	13
1852	101
1853	9
1854	69
1855	22
1856	124
1857	25
1858	52
1859	3
1860	319
1861	10
1862	39
1863	15
1864	138
1865	30
1866	56
1867	5
1868	104
1869	14
1870	104
1871	12
1872	212
1873	9
1874	42
1875	20
1876	93
1877	9
1878	57
1879	13
1880	295
1881	15
1882	51
1883	8
1884	146
1885	22
1886	42
1887	13
1888	123
1889	10
1890	129
1891	8
1892	83
1893	10
1894	24
1895	12
1896	186
1897	4
1898	33
1899	8
1900	207
1901	9
1902	59
1903	3
1904	99
1905	24
1906	45
1907	8
1908	142
1909	8
1910	62
1911	9
1912	107
1913	8
1914	48
1915	17
1916	88
1917	8
1918	33
1919	14
1920	2307
1921	7
1922	55
1923	8
1924	168
1925	87
1926	68
1927	16
1928	205
1929	21
1930	322
1931	8
1932	167
1933	12
1934	58
1935	99
1936	233
1937	11
1938	74
1939	8
1940	389
1941	29
1942	37
1943	10
1944	290
1945	32
1946	57
1947	10
1948	122
1949	9
1950	218
1951	14
1952	205
1953	23
1954	60
1955	22
1956	145
1957	12
1958	57
1959	15
1960	456
1961	16
1962	72
1963	4
1964	115
1965	32
1966	49
1967	13
1968	287
1969	7
1970	104
1971	15
1972	107
1973	10
1974	73
1975	20
1976	179
1977	13
1978	54
1979	8
1980	292
1981	17
1982	57
1983	14
1984	160
1985	18
1986	59
1987	8
1988	95
1989	22
1990	82
1991	6
1992	189
1993	9
1994	34
1995	18
1996	104
1997	8
1998	56
1999	9
2000	418
2001	10
2002	37
2003	6
2004	136
2005	18
2006	38
2007	13
2008	150
2009	7
2010	130
2011	5
2012	95
2013	14
2014	40
2015	7
2016	207
2017	6
2018	24
2019	10
2020	166
2021	10
2022	49
2023	5
2024	122
2025	11
2026	32
2027	3
2028	106
2029	7
2030	61
2031	10
2032	108
2033	3
2034	42
2035	9
2036	61
2037	10
2038	32
2039	4
2040	308
2041	6
2042	30
2043	10
2044	71
2045	7
2046	47
2047	11
2048	100
2049	10
2050	80
2051	5
2052	114
2053	6
2054	26
2055	17
2056	72
2057	10
2058	45
2059	7
2060	88
2061	12
2062	31
2063	8
2064	128
2065	7
2066	32
2067	3
2068	55
2069	5
2070	49
2071	6
2072	101
2073	14
2074	30
2075	5
2076	72
2077	8
2078	20
2079	7
2080	211
2081	3
2082	40
2083	10
2084	52
2085	9
2086	35
2087	5
2088	118
2089	6
2090	42
2091	7
2092	39
2093	6
2094	37
2095	8
2096	70
2097	4
2098	24
2099	5
2100	146
2101	8
2102	24
2103	6
2104	67
2105	6
2106	37
2107	7
2108	35
2109	11
2110	32
2111	4
2112	96
2113	9
2114	23
2115	9
2116	46
2117	7
2118	39
2119	2
2120	115
2121	5
2122	21
2123	2
2124	77
2125	5
2126	20
2127	11
2128	58
2129	6
2130	33
2131	6
2132	49
2133	7
2134	16
2135	9
2136	83
2137	1
2138	15
2139	5
2140	60
2141	9
2142	33
2143	7
2144	51
2145	10
2146	26
2147	6
2148	58
2149	4
2150	14
2151	10
2152	44
2153	6
2154	27
2155	2
2156	30
2157	5
2158	17
2159	7
2160	1134
2161	1
2162	29
2163	7
2164	78
2165	50
2166	31
2167	7
2168	81
2169	10
2170	167
2171	3
2172	71
2173	2
2174	27
2175	64
2176	100
2177	6
2178	58
2179	2
2180	198
2181	12
2182	31
2183	6
2184	161
2185	22
2186	25
2187	9
2188	80
2189	6
2190	133
2191	8
2192	105
2193	17
2194	29
2195	15
2196	114
2197	8
2198	35
2199	15
2200	233
2201	12
2202	47
2203	4
2204	78
2205	22
2206	37
2207	14
2208	201
2209	8
2210	55
2211	8
2212	69
2213	14
2214	51
2215	17
2216	124
2217	21
2218	47
2219	6
2220	188
2221	8
2222	27
2223	5
2224	126
2225	12
2226	41
2227	7
2228	84
2229	16
2230	41
2231	6
2232	143
2233	14
2234	23
2235	21
2236	78
2237	10
2238	44
2239	5
2240	176
2241	7
2242	23
2243	6
2244	113
2245	13
2246	21
2247	17
2248	86
2249	2
2250	73
2251	6
2252	65
2253	8
2254	23
2255	14
2256	158
2257	9
2258	28
2259	3
2260	84
2261	13
2262	57
2263	8
2264	112
2265	16
2266	21
2267	4
2268	81
2269	6
2270	37
2271	9
2272	91
2273	1
2274	40
2275	6
2276	43
2277	9
2278	18
2279	7
2280	193
2281	6
2282	28
2283	2
2284	60
2285	4
2286	45
2287	4
2288	78
2289	10
2290	30
2291	5
2292	76
2293	3
2294	14
2295	11
2296	69
2297	6
2298	36
2299	4
2300	68
2301	10
2302	21
2303	5
2304	130
2305	5
2306	14
2307	4
2308	41
2309	2
2310	36
2311	3
2312	53
2313	4
2314	19
2315	6
2316	61
2317	2
2318	15
2319	5
2320	140
2321	2
2322	28
2323	4
2324	46
2325	5
2326	17
2327	8
2328	89
2329	4
2330	23
2331	9
2332	41
2333	4
2334	28
2335	6
2336	81
2337	4
2338	12
2339	2
2340	103
2341	3
2342	12
2343	7
2344	47
2345	5
2346	40
2347	5
2348	27
2349	7
2350	29
2351	1
2352	88
2353	3
2354	12
2355	6
2356	31
2357	1
2358	22
2359	1
2360	88
2361	4
2362	18
2363	2
2364	45
2365	9
2366	15
2367	5
2368	54
2370	25
2371	2
2372	22
2373	4
2374	14
2375	3
2376	80
2377	5
2378	17
2379	3
2380	34
2381	5
2382	22
2383	5
2384	47
2385	8
2386	12
2387	2
2388	40
2389	6
2390	21
2391	5
2392	29
2393	1
2394	23
2395	7
2396	32
2397	7
2398	8
2399	2
2400	5569
2401	2
2402	56
2403	4
2404	142
2405	320
2406	47
2407	6
2408	115
2409	12
2410	870
2411	2
2412	115
2413	8
2414	47
2415	176
2416	108
2417	3
2418	51
2419	8
2420	807
2421	14
2422	27
2423	8
2424	114
2425	98
2426	20
2427	9
2428	63
2429	10
2430	448
2431	7
2432	86
2433	3
2434	26
2435	61
2436	60
2437	3
2438	18
2439	8
2440	659
2441	8
2442	38
2443	6
2444	56
2445	78
2446	20
2447	3
2448	124
2449	8
2450	172
2451	5
2452	47
2453	5
2454	37
2455	26
2456	60
2457	9
2458	31
2459	1
2460	491
2461	8
2462	21
2463	3
2464	72
2465	36
2466	27
2467	3
2468	32
2469	13
2470	99
2471	5
2472	70
2474	16
2475	31
2476	36
2477	6
2478	24
2479	1
2480	349
2481	4
2482	17
2484	55
2485	39
2486	16
2487	9
2488	51
2489	6
2490	145
2491	5
2492	36
2493	4
2494	16
2495	20
2496	81
2498	11
2499	7
2500	171
2501	6
2502	22
2503	3
2504	42
2505	13
2506	13
2507	2
2508	43
2509	4
2510	52
2511	9
2512	49
2513	4
2514	24
2515	15
2516	28
2517	12
2518	20
2519	2
2520	372
2521	2
2522	15
2523	2
2524	35
2525	19
2526	23
2527	2
2528	44
2529	9
2530	67
2531	2
2532	48
2533	2
2534	11
2535	23
2536	38
2537	2
2538	19
2539	5
2540	83
2541	5
2542	9
2543	2
2544	77
2545	11
2546	13
2547	5
2548	26
2549	2
2550	57
2551	4
2552	28
2553	5
2554	8
2555	7
2556	34
2558	9
2559	2
2560	189
2561	2
2562	21
2563	2
2564	15
2565	15
2566	9
2567	3
2568	47
2569	2
2570	40
2571	3
2572	28
2573	1
2574	20
2575	12
2576	31
2577	4
2578	7
2579	4
2580	130
2581	2
2582	15
2583	6
2584	32
2585	8
2586	11
2587	1
2588	21
2589	4
2590	31
2591	4
2592	59
2593	4
2594	9
2595	5
2596	23
2597	3
2598	11
2599	2
2600	112
2601	4
2602	11
2603	3
2604	29
2605	8
2606	9
2607	8
2608	36
2609	1
2610	43
2611	1
2612	15
2613	2
2614	12
2615	4
2616	45
2617	4
2618	12
2619	4
2620	54
2621	2
2622	18
2623	2
2624	28
2625	7
2626	7
2627	5
2628	28
2629	2
2630	24
2631	3
2632	32
2633	5
2634	14
2635	7
2636	20
2637	2
2638	5
2639	1
2640	158
2641	6
2642	7
2643	1
2644	24
2645	5
2646	16
2647	2
2648	20
2649	3
2650	39
2652	36
2653	3
2654	5
2655	11
2656	37
2658	10
2659	1
2660	39
2661	6
2662	8
2663	1
2664	28
2665	1
2666	5
2667	4
2668	15
2669	1
2670	31
2671	4
2672	24
2673	4
2674	7
2675	3
2676	24
2677	4
2678	8
2679	3
2680	35
2681	2
2682	7
2684	13
2685	4
2686	10
2687	1
2688	39
2689	3
2690	12
2691	1
2692	12
2694	7
2695	2
2696	14
2698	2
2699	1
2700	137
2701	1
2702	7
2703	5
2704	16
2705	11
2706	6
2708	20
2709	5
2710	19
2711	1
2712	26
2714	5
2715	2
2716	17
2717	2
2718	3
2719	1
2720	71
2721	2
2722	8
2723	4
2724	17
2725	2
2726	9
2727	5
2728	19
2729	2
2730	37
2732	16
2733	5
2734	6
2735	1
2736	27
2737	3
2738	6
2739	1
2740	33
2742	9
2743	3
2744	20
2745	1
2746	4
2747	2
2748	19
2749	1
2750	13
2751	2
2752	13
2753	3
2754	16
2756	11
2757	1
2758	6
2759	1
2760	101
2761	2
2762	10
2763	3
2764	12
2765	1
2766	11
2767	1
2768	24
2769	1
2770	21
2771	3
2772	31
2773	2
2774	12
2775	2
2776	25
2777	2
2778	6
2779	1
2780	34
2781	4
2782	10
2784	31
2785	2
2786	5
2787	2
2788	19
2789	1
2790	18
2791	1
2792	22
2793	1
2794	4
2795	3
2796	26
2797	2
2798	3
2799	1
2800	81
2801	3
2802	5
2803	4
2804	16
2805	5
2806	7
2807	1
2808	28
2810	15
2812	17
2814	9
2815	4
2816	20
2817	2
2818	6
2820	40
2821	1
2822	7
2823	3
2824	15
2825	1
2826	11
2827	1
2828	13
2829	3
2830	10
2831	1
2832	29
2834	5
2835	6
2836	9
2837	2
2838	9
2839	1
2840	31
2841	4
2842	5
2844	14
2845	2
2846	5
2847	4
2848	10
2849	2
2850	15
2851	4
2852	11
2854	9
2855	1
2856	19
2857	1
2858	6
2859	2
2860	32
2862	12
2864	14
2865	1
2866	3
2867	1
2868	20
2869	1
2870	5
2871	1
2872	8
2874	10
2875	1
2876	16
2878	5
2879	3
2880	968
2881	1
2882	7
2883	1
2884	43
2885	39
2886	23
2888	55
2889	5
2890	131
2891	2
2892	43
2893	4
2894	16
2895	33
2896	39
2897	1
2898	22
2899	6
2900	166
2901	4
2902	9
2903	5
2904	62
2905	6
2906	11
2907	2
2908	41
2909	2
2910	93
2911	9
2912	55
2913	6
2914	19
2915	3
2916	47
2917	5
2918	20
2919	2
2920	130
2921	3
2922	21
2923	1
2924	43
2925	15
2926	16
2927	5
2928	109
2929	5
2930	33
2931	8
2932	43
2933	5
2934	32
2935	5
2936	37
2937	8
2938	20
2939	2
2940	126
2941	1
2942	11
2943	6
2944	47
2945	7
2946	12
2947	1
2948	37
2949	3
2950	28
2952	62
2953	1
2954	10
2955	7
2956	27
2957	2
2958	15
2959	3
2960	112
2961	1
2962	19
2963	3
2964	32
2965	3
2966	6
2967	7
2968	43
2969	1
2970	36
2971	2
2972	25
2973	5
2974	12
2975	5
2976	68
2977	1
2978	5
2979	3
2980	43
2981	2
2982	20
2983	2
2984	28
2985	6
2986	11
2987	3
2988	45
2990	17
2991	3
2992	37
2994	14
2995	2
2996	26
2997	7
2998	11
2999	2
3000	132
3001	1
3002	5
3003	1
3004	14
3005	3
3006	10
3007	2
3008	39
3009	5
3010	20
3011	3
3012	37
3014	11
3015	5
3016	48
3017	2
3018	12
3019	2
3020	40
3021	4
3022	6
3023	1
3024	44
3025	2
3026	6
3027	7
3028	24
3029	2
3030	23
3031	3
3032	22
3033	7
3034	7
3035	1
3036	30
3037	2
3038	6
3039	1
3040	57
3041	2
3042	9
3043	2
3044	15
3045	4
3046	5
3048	45
3049	3
3050	9
3052	13
3053	1
3054	11
3055	1
3056	33
3058	10
3059	2
3060	48
3061	3
3062	10
3063	4
3064	19
3065	1
3066	14
3067	2
3068	20
3069	3
3070	8
3071	3
3072	37
3073	2
3074	2
3075	2
3076	15
3078	4
3079	1
3080	18
3081	2
3082	7
3084	25
3085	2
3086	3
3087	5
3088	19
3090	11
3091	4
3092	10
3093	1
3094	4
3096	24
3097	1
3098	5
3099	2
3100	20
3101	1
3102	13
3103	1
3104	16
3105	2
3106	3
3107	1
3108	23
3109	1
3110	4
3111	5
3112	12
3114	6
3115	1
3116	6
3117	3
3118	4
3119	1
3120	68
3121	2
3122	5
3123	1
3124	10
3125	3
3126	5
3127	1
3128	12
3130	13
3131	2
3132	17
3133	1
3134	2
3135	1
3136	13
3138	7
3140	17
3142	2
3143	1
3144	19
3145	1
3146	1
3147	1
3148	6
3149	1
3150	5
3151	2
3152	15
3154	3
3156	12
3157	1
3158	2
3159	2
3160	18
3162	5
3164	8
3165	4
3166	3
3167	1
3168	22
3169	1
3170	9
3171	2
3172	10
3173	1
3174	2
3175	1
3176	11
3177	1
3178	4
3179	1
3180	22
3182	5
3183	1
3184	10
3185	2
3186	3
3187	2
3188	7
3189	3
3190	6
3192	18
3193	1
3194	1
3195	2
3196	6
3197	1
3198	2
3199	2
3200	3600
3201	2
3202	38
3203	1
3204	97
3205	223
3206	12
3207	8
3208	89
3209	6
3210	584
3211	1
3212	29
3213	5
3214	20
3215	130
3216	56
3217	7
3218	16
3219	7
3220	572
3221	2
3222	7
3223	6
3224	39
3225	55
3226	7
3227	3
3228	19
3229	2
3230	252
3231	1
3232	17
3233	2
3234	11
3235	21
3236	22
3238	9
3239	1
3240	454
3241	2
3242	12
3243	1
3244	19
3245	47
3246	8
3247	3
3248	35
3249	5
3250	107
3251	3
3252	17
3253	3
3254	5
3255	20
3256	18
3257	1
3258	19
3259	3
3260	290
3261	1
3262	6
3263	1
3264	43
3265	24
3266	4
3268	11
3269	3
3270	87
3271	2
3272	17
3273	2
3274	3
3275	9
3276	12
3278	4
3279	2
3280	199
3281	1
3282	11
3283	6
3284	13
3285	12
3286	5
3287	2
3288	36
3290	85
3291	1
3292	19
3294	11
3295	8
3296	26
3297	4
3298	6
3300	127
3301	1
3302	6
3303	6
3304	23
3305	10
3306	4
3308	6
3309	2
3310	32
3311	1
3312	25
3313	1
3314	4
3315	6
3316	9
3318	8
3320	172
3321	1
3322	8
3324	20
3325	8
3326	5
3328	16
3330	48
3331	1
3332	13
3334	1
3335	8
3336	20
3337	1
3338	3
3340	41
3341	1
3342	8
3344	19
3345	4
3346	6
3348	21
3349	2
3350	25
3351	1
3352	19
3353	1
3354	7
3355	3
3356	10
3357	2
3358	4
3360	93
3361	2
3362	7
3363	1
3364	11
3365	5
3366	8
3367	1
3368	17
3369	2
3370	19
3372	9
3373	1
3374	5
3375	3
3376	13
3378	2
3380	71
3381	2
3382	6
3383	1
3384	17
3385	5
3386	4
3388	11
3389	2
3390	16
3392	13
3394	4
3395	1
3396	11
3398	3
3399	1
3400	65
3402	11
3403	3
3404	10
3405	4
3406	4
3408	17
3410	13
3411	1
3412	9
3413	2
3414	6
3415	3
3416	11
3417	2
3418	3
3419	1
3420	30
3421	1
3422	2
3423	1
3424	10
3425	3
3426	6
3428	4
3429	1
3430	8
3432	13
3434	2
3435	1
3436	4
3438	2
3440	70
3442	3
3444	10
3445	4
3446	3
3448	6
3449	1
3450	23
3451	1
3452	5
3454	2
3455	1
3456	12
3458	3
3460	35
3462	4
3464	16
3465	1
3466	4
3467	1
3468	12
3470	13
3471	1
3472	7
3474	4
3475	1
3476	8
3477	2
3478	2
3480	35
3482	2
3484	6
3486	4
3488	10
3490	10
3491	1
3492	13
3494	4
3495	2
3496	14
3497	1
3498	2
3499	1
3500	25
3502	1
3503	2
3504	10
3505	1
3506	1
3507	1
3508	1
3510	12
3512	8
3514	2
3515	1
3516	11
3518	3
3519	1
3520	22
3522	8
3524	2
3525	3
3526	2
3527	1
3528	16
3530	7
3531	2
3532	2
3534	2
3535	2
3536	7
3538	1
3539	1
3540	21
3542	1
3544	7
3546	4
3548	4
3549	1
3550	4
3552	9
3554	2
3556	6
3558	2
3559	1
3560	37
3562	2
3564	7
3565	1
3566	1
3567	1
3568	8
3569	1
3570	6
3572	2
3575	2
3576	4
3577	2
3578	1
3579	1
3580	9
3582	5
3584	4
3585	1
3588	7
3590	4
3591	1
3592	4
3594	2
3595	1
3596	3
3597	1
3598	2
3600	729
3602	7
3604	20
3605	38
3606	6
3607	2
3608	20
3609	1
3610	93
3612	14
3613	1
3614	8
3615	24
3616	7
3618	4
3619	1
3620	111
3621	2
3622	2
3623	3
3624	27
3625	10
3626	1
3627	3
3628	8
3630	55
3631	3
3632	20
3633	4
3634	9
3635	5
3636	11
3637	1
3638	5
3639	2
3640	90
3641	2
3642	6
3643	1
3644	6
3645	9
3646	5
3647	1
3648	16
3649	3
3650	21
3651	2
3652	11
3653	1
3654	5
3655	5
3656	10
3658	3
3659	1
3660	70
3661	2
3662	3
3663	2
3664	8
3665	7
3666	10
3667	2
3668	7
3669	3
3670	10
3672	22
3673	1
3674	2
3675	5
3676	12
3677	1
3678	6
3680	74
3682	1
3683	1
3684	11
3685	6
3686	2
3687	3
3688	10
3689	3
3690	32
3692	10
3695	3
3696	19
3697	2
3698	1
3699	1
3700	35
3701	2
3702	5
3703	2
3704	12
3705	3
3706	4
3707	1
3708	12
3709	2
3710	12
3711	2
3712	8
3714	7
3715	4
3716	5
3717	1
3718	2
3719	2
3720	64
3722	3
3723	1
3724	16
3725	5
3726	3
3727	1
3728	9
3729	4
3730	12
3731	2
3732	16
3733	1
3734	3
3735	3
3736	7
3737	3
3738	6
3740	18
3741	4
3742	2
3744	14
3745	2
3746	3
3747	1
3748	8
3750	10
3751	2
3752	8
3753	1
3754	1
3755	2
3756	7
3757	1
3758	3
3760	24
3762	7
3763	1
3764	8
3765	4
3766	1
3767	2
3768	16
3769	2
3770	6
3772	6
3774	6
3775	1
3776	10
3777	2
3778	2
3780	30
3783	2
3784	4
3785	2
3786	7
3788	7
3789	2
3790	2
3791	1
3792	7
3794	2
3796	3
3798	5
3800	35
3802	1
3803	1
3804	9
3806	3
3808	7
3810	5
3811	2
3812	7
3813	1
3814	1
3815	2
3816	11
3817	2
3818	1
3819	1
3820	10
3821	1
3822	4
3824	1
3825	2
3826	3
3828	10
3830	5
3831	2
3832	4
3834	2
3836	1
3837	1
3838	1
3840	143
3844	5
3845	4
3846	4
3848	10
3850	13
3852	8
3854	2
3855	5
3856	19
3858	1
3859	2
3860	26
3862	3
3864	17
3865	1
3866	1
3867	1
3868	7
3869	2
3870	11
3871	1
3872	11
3873	1
3874	1
3875	1
3876	7
3878	3
3879	3
3880	21
3882	5
3884	10
3886	5
3888	21
3889	1
3890	6
3892	8
3893	1
3894	5
3895	3
3896	12
3898	1
3900	31
3901	1
3902	1
3903	2
3904	13
3905	1
3906	5
3907	1
3908	9
3909	3
3910	8
3911	1
3912	17
3913	1
3914	3
3915	1
3916	8
3918	5
3919	1
3920	33
3922	4
3924	11
3926	8
3927	1
3928	9
3929	2
3930	11
3932	10
3934	2
3935	1
3936	13
3938	1
3939	2
3940	11
3941	1
3942	2
3943	1
3944	10
3945	1
3948	4
3950	2
3951	1
3952	4
3954	4
3956	4
3957	2
3958	1
3959	1
3960	38
3962	1
3964	6
3966	2
3968	5
3970	5
3972	11
3974	1
3975	1
3976	7
3978	3
3979	1
3980	4
3984	10
3985	1
3986	1
3988	4
3990	1
3991	2
3992	7
3994	1
3995	1
3996	4
3997	1
3998	1
4000	26
4001	1
4002	2
4003	1
4004	6
4005	1
4008	8
4009	1
4010	7
4011	1
4012	7
4013	1
4014	2
4015	1
4016	9
4017	1
4018	1
4020	17
4021	1
4022	1
4024	1
4026	3
4027	1
4028	2
4030	1
4032	5
4033	1
4034	1
4035	1
4036	4
4038	1
4040	13
4042	1
4043	1
4044	9
4045	1
4046	1
4048	4
4050	5
4052	3
4054	2
4055	1
4056	7
4060	3
4062	2
4064	8
4066	2
4068	4
4070	2
4072	3
4074	1
4076	3
4080	26
4084	3
4085	2
4086	1
4087	1
4088	3
4090	7
4091	1
4092	4
4093	1
4095	1
4096	5
4098	2
4100	7
4102	1
4104	2
4105	1
4110	2
4112	3
4116	5
4118	1
4119	1
4120	8
4122	2
4124	3
4126	1
4127	1
4128	4
4129	1
4130	2
4132	1
4134	3
4136	2
4138	2
4140	5
4143	1
4144	3
4149	1
4150	2
4152	1
4153	2
4155	1
4156	2
4158	2
4160	2
4162	1
4166	1
4167	1
4168	2
4170	3
4171	2
4172	3
4173	1
4176	4
4178	1
4179	1
4180	4
4182	1
4184	1
4186	1
4188	3
4193	1
4194	2
4195	2
4196	3
4199	1
4200	9
4204	2
4208	6
4209	1
4210	2
4213	1
4214	1
4215	1
4216	1
4218	4
4220	3
4223	1
4224	4
4226	1
4228	2
4230	2
4231	1
4232	3
4238	1
4240	3
4241	1
4242	1
4244	1
4247	1
4250	2
4252	2
4256	2
4258	1
4260	2
4261	1
4262	1
4264	1
4266	2
4272	4
4276	1
4278	1
4280	2
4284	6
4286	2
4288	2
4290	3
4292	1
4293	1
4296	3
4300	5
4301	1
4302	2
4304	1
4306	1
4308	2
4310	1
4311	1
4320	184
4324	5
4325	6
4326	3
4328	8
4330	32
4332	7
4334	1
4335	9
4336	8
4337	1
4338	2
4339	1
4340	31
4342	2
4344	8
4345	3
4346	1
4348	4
4349	1
4350	21
4351	1
4352	11
4353	3
4354	2
4356	9
4358	4
4359	1
4360	29
4361	3
4362	4
4363	1
4364	5
4365	1
4366	3
4367	2
4368	17
4369	2
4370	2
4371	2
4372	10
4374	3
4375	2
4376	7
4378	3
4380	27
4381	1
4382	6
4384	15
4385	3
4386	5
4388	7
4390	6
4392	15
4394	1
4395	3
4396	6
4398	3
4399	1
4400	25
4401	5
4402	1
4403	1
4404	9
4405	1
4406	4
4407	2
4408	14
4410	15
4411	1
4412	6
4413	1
4414	2
4415	2
4416	20
4417	2
4418	2
4420	8
4421	2
4422	6
4424	6
4425	2
4428	9
4429	1
4430	6
4431	1
4432	7
4433	1
4434	4
4436	3
4437	2
4438	3
4440	25
4442	3
4445	2
4446	4
4447	1
4448	5
4449	1
4450	4
4452	4
4455	1
4456	2
4457	2
4458	4
4459	1
4460	7
4462	1
4463	1
4464	12
4465	1
4466	1
4467	2
4468	4
4470	4
4472	8
4473	1
4475	2
4476	5
4478	1
4479	1
4480	13
4482	4
4483	1
4484	4
4485	1
4486	3
4488	9
4489	1
4490	2
4491	1
4492	4
4494	2
4496	12
4498	1
4500	15
4501	1
4503	2
4504	3
4505	1
4506	6
4507	2
4508	4
4510	3
4512	9
4514	1
4515	1
4516	2
4518	3
4520	3
4521	1
4522	2
4524	8
4525	1
4526	1
4527	1
4528	3
4529	1
4530	4
4532	5
4534	1
4536	9
4537	1
4538	2
4540	5
4542	1
4544	1
4548	3
4550	2
4551	1
4552	6
4554	3
4555	1
4556	2
4558	2
4560	20
4562	1
4564	3
4565	1
4566	1
4570	1
4572	4
4574	1
4575	1
4576	5
4578	1
4580	1
4583	1
4584	7
4588	4
4589	1
4590	4
4591	2
4592	2
4593	1
4596	3
4600	1
4602	2
4604	2
4605	1
4606	1
4608	4
4612	4
4613	1
4614	1
4620	12
4622	1
4624	1
4626	3
4628	2
4629	1
4630	2
4632	3
4633	1
4636	2
4638	1
4640	6
4646	1
4647	2
4648	1
4650	7
4652	2
4654	1
4656	4
4658	2
4660	5
4661	2
4664	1
4666	1
4668	5
4669	1
4672	2
4674	3
4676	2
4677	1
4679	1
4680	9
4684	2
4685	2
4686	1
4688	1
4692	3
4695	2
4696	1
4698	1
4700	3
4704	4
4710	1
4712	1
4716	4
4719	1
4720	1
4722	2
4726	1
4728	3
4734	3
4736	1
4739	1
4740	3
4743	1
4744	1
4749	1
4750	1
4752	3
4758	2
4760	5
4761	1
4764	1
4767	1
4768	1
4776	2
4779	1
4781	1
4782	2
4784	1
4788	1
4791	1
4792	1
4797	1
4800	1589
4802	13
4804	30
4805	104
4806	12
4807	2
4808	29
4809	3
4810	256
4811	1
4812	17
4813	3
4814	13
4815	58
4816	27
4817	2
4818	7
4819	2
4820	244
4821	3
4822	8
4823	2
4824	22
4825	23
4826	3
4827	2
4828	12
4830	139
4831	3
4832	12
4833	3
4834	6
4835	10
4836	9
4838	7
4839	3
4840	193
4841	1
4842	10
4844	9
4845	20
4846	6
4847	4
4848	14
4849	2
4850	42
4851	2
4852	3
4854	5
4855	4
4856	6
4858	3
4860	123
4861	2
4862	3
4863	1
4864	9
4865	9
4866	4
4868	9
4869	1
4870	29
4872	11
4873	1
4874	3
4875	3
4876	4
4878	3
4880	81
4881	1
4882	6
4883	1
4884	6
4885	7
4886	2
4888	8
4890	55
4892	9
4894	6
4895	6
4896	10
4898	2
4899	1
4900	39
4901	1
4902	3
4904	7
4905	6
4906	2
4908	5
4910	8
4911	1
4912	6
4914	1
4915	3
4916	1
4920	102
4921	1
4922	4
4924	4
4925	6
4926	5
4928	6
4929	1
4930	15
4932	5
4933	1
4934	1
4935	9
4936	6
4938	1
4940	23
4942	3
4943	1
4944	8
4945	1
4946	1
4948	2
4950	19
4952	4
4954	1
4955	1
4956	4
4958	2
4959	1
4960	26
4962	2
4964	2
4965	2
4968	7
4970	6
4972	2
4973	1
4974	4
4975	2
4976	2
4977	2
4978	1
4980	47
4983	1
4985	2
4986	1
4987	1
4988	4
4990	9
4992	6
4994	1
4995	2
4998	3
5000	27
5001	1
5004	3
5008	6
5010	5
5014	1
5015	1
5016	5
5018	1
5020	9
5022	2
5024	6
5025	2
5026	1
5028	1
5030	1
5032	1
5034	1
5036	2
5038	2
5040	25
5042	1
5044	2
5045	4
5046	2
5048	4
5049	1
5050	7
5052	1
5053	1
5055	3
5056	2
5057	1
5058	1
5060	12
5062	2
5064	4
5065	2
5068	1
5070	11
5072	2
5076	4
5078	1
5079	1
5080	12
5085	1
5086	2
5088	6
5090	1
5092	5
5095	2
5096	3
5098	3
5100	12
5102	2
5105	2
5108	1
5110	2
5112	1
5115	1
5116	1
5118	1
5120	12
5122	1
5123	1
5124	4
5128	1
5130	3
5132	2
5133	1
5134	1
5135	2
5136	5
5140	5
5142	1
5143	1
5144	1
5145	1
5148	1
5150	1
5152	1
5157	1
5159	1
5160	12
5165	1
5166	1
5168	1
5169	1
5170	2
5172	1
5173	1
5178	3
5180	5
5184	2
5188	2
5191	1
5192	4
5196	3
5200	15
5202	2
5205	1
5208	1
5211	1
5214	1
5216	1
5218	1
5220	6
5224	2
5226	2
5232	3
5236	3
5240	1
5244	3
5245	1
5248	1
5250	1
5252	1
5256	3
5259	1
5260	3
5264	1
5268	1
5270	1
5280	9
5286	1
5288	1
5290	2
5295	1
5296	1
5300	1
5301	1
5304	4
5309	1
5310	4
5315	1
5316	2
5318	1
5320	1
5322	1
5330	2
5332	1
5335	1
5338	1
5340	1
5344	2
5350	2
5352	1
5360	3
5362	1
5365	1
5366	1
5370	2
5372	2
5376	1
5378	1
5380	2
5384	1
5385	1
5387	1
5388	1
5390	1
5392	1
5394	1
5400	52
5402	1
5404	2
5405	1
5408	2
5410	1
5411	1
5412	3
5414	1
5415	1
5416	2
5420	6
5424	1
5425	1
5427	1
5428	2
5430	3
5432	2
5435	1
5436	2
5438	2
5440	13
5441	1
5445	1
5448	2
5450	2
5454	2
5455	1
5457	1
5459	1
5460	5
5464	2
5468	1
5472	5
5474	1
5475	2
5480	4
5482	1
5484	1
5487	1
5488	1
5490	2
5491	1
5492	3
5496	3
5498	1
5500	3
5502	2
5505	1
5510	3
5512	4
5514	2
5520	13
5521	1
5522	1
5524	1
5526	1
5528	3
5529	1
5530	1
5534	1
5536	2
5538	1
5540	3
5542	1
5544	3
5548	4
5550	3
5552	3
5556	2
5558	1
5560	6
5561	2
5562	1
5564	1
5568	3
5570	1
5572	2
5576	2
5577	1
5579	1
5580	3
5582	1
5585	1
5590	1
5592	3
5594	1
5596	1
5600	2
5604	3
5610	2
5616	1
5620	2
5621	1
5622	3
5636	1
5638	1
5640	4
5644	1
5646	1
5648	1
5655	1
5659	1
5661	1
5662	1
5664	3
5667	1
5668	2
5670	1
5676	1
5678	1
5680	4
5686	1
5688	4
5690	1
5692	2
5696	2
5700	5
5704	1
5709	1
5710	2
5712	1
5716	1
5718	2
5720	3
5724	1
5730	1
5736	1
5740	1
5742	2
5744	2
5748	2
5752	1
5760	77
5764	2
5765	2
5766	3
5768	2
5770	10
5772	4
5774	1
5775	2
5776	4
5778	1
5780	11
5781	1
5784	5
5785	1
5786	1
5788	2
5790	6
5792	3
5794	1
5796	4
5798	1
5800	7
5802	3
5804	4
5808	3
5810	1
5812	4
5813	1
5815	3
5817	1
5820	13
5822	1
5824	1
5826	2
5827	1
5830	2
5832	4
5833	1
5834	1
5835	1
5836	1
5837	1
5838	2
5840	4
5844	5
5845	1
5846	2
5848	7
5850	3
5852	2
5856	4
5859	2
5860	1
5862	1
5864	2
5865	2
5866	1
5868	3
5870	1
5871	1
5872	3
5873	1
5874	1
5876	4
5880	12
5884	2
5888	2
5892	1
5895	1
5896	3
5898	1
5900	4
5902	1
5904	9
5905	1
5909	1
5910	1
5912	2
5913	1
5916	2
5920	4
5924	1
5928	2
5930	4
5932	1
5933	1
5934	1
5936	1
5938	1
5940	5
5942	2
5943	2
5950	1
5952	3
5955	1
5956	2
5959	1
5964	2
5970	1
5972	1
5976	5
5978	1
5980	2
5982	1
5984	1
5985	1
5991	1
5999	1
6000	10
6004	1
6006	1
6007	1
6012	2
6013	1
6024	2
6032	1
6036	1
6040	3
6044	1
6048	1
6049	1
6051	1
6052	2
6054	1
6055	1
6056	1
6060	1
6063	1
6068	1
6072	3
6076	1
6080	1
6081	1
6086	1
6088	1
6090	1
6092	2
6094	1
6096	2
6105	2
6110	1
6112	1
6115	1
6120	1
6123	1
6130	1
6144	3
6158	1
6168	1
6171	1
6174	1
6180	2
6188	1
6192	1
6193	1
6196	1
6197	1
6200	1
6204	2
6210	1
6216	3
6240	4
6244	1
6252	2
6254	1
6258	1
6260	1
6266	1
6282	1
6294	1
6297	1
6300	1
6330	1
6332	1
6336	1
6342	1
6348	1
6352	1
6356	1
6360	1
6372	1
6397	1
6400	407
6402	2
6404	17
6405	22
6406	1
6408	11
6410	67
6412	2
6413	1
6414	4
6415	13
6416	6
6418	2
6419	3
6420	76
6422	2
6424	6
6425	1
6426	2
6428	1
6429	2
6430	40
6432	4
6434	2
6435	1
6436	3
6437	1
6438	1
6440	49
6442	1
6444	1
6445	9
6447	2
6448	3
6450	13
6452	2
6455	1
6456	1
6458	1
6459	1
6460	30
6463	1
6464	1
6465	3
6468	6
6469	1
6470	11
6472	2
6474	2
6475	1
6476	2
6480	49
6483	1
6484	1
6485	2
6486	3
6488	2
6490	10
6492	2
6495	2
6496	3
6500	9
6501	1
6510	4
6512	2
6514	1
6515	1
6516	1
6518	1
6520	21
6522	1
6524	2
6528	1
6530	7
6533	1
6534	1
6536	1
6540	9
6542	1
6544	3
6548	1
6550	5
6552	1
6554	1
6555	1
6556	1
6558	2
6560	8
6564	1
6565	1
6566	2
6568	2
6570	1
6572	1
6575	1
6576	1
6580	6
6582	1
6584	1
6588	1
6590	3
6592	1
6594	1
6596	1
6600	11
6604	2
6605	1
6610	1
6614	1
6616	2
6620	3
6622	1
6624	1
6628	2
6630	4
6632	2
6634	1
6637	1
6638	1
6640	7
6641	2
6644	2
6646	1
6648	3
6650	4
6652	2
6654	1
6656	1
6658	1
6660	7
6664	2
6666	3
6670	6
6675	2
6680	3
6690	2
6692	1
6696	2
6699	1
6700	4
6702	1
6703	1
6704	1
6708	2
6716	1
6720	4
6730	1
6740	3
6744	1
6750	1
6760	3
6762	1
6771	1
6772	1
6776	1
6780	1
6784	1
6788	1
6790	1
6792	2
6798	1
6800	2
6805	1
6808	1
6816	2
6817	1
6820	1
6824	1
6832	2
6840	2
6846	1
6850	1
6855	1
6856	2
6860	2
6875	1
6876	1
6880	5
6884	1
6888	2
6896	2
6897	1
6900	2
6904	2
6906	1
6912	3
6924	1
6926	1
6934	1
6944	1
6960	5
6972	1
6973	1
6984	2
6996	1
7000	3
7008	1
7010	1
7014	2
7025	1
7026	1
7032	1
7056	1
7066	1
7067	1
7068	1
7074	1
7080	2
7098	1
7104	1
7120	1
7130	1
7140	3
7160	1
7176	3
7200	261
7202	1
7204	10
7205	15
7206	4
7208	2
7210	35
7212	2
7214	1
7215	14
7216	1
7218	1
7220	47
7223	1
7224	7
7225	3
7226	1
7228	4
7230	26
7232	4
7233	1
7234	5
7235	4
7236	2
7240	30
7242	2
7244	5
7245	3
7248	2
7249	1
7250	9
7254	2
7256	1
7260	35
7262	1
7264	3
7265	2
7266	1
7268	1
7269	1
7270	3
7272	4
7274	2
7276	1
7278	4
7279	1
7280	19
7284	5
7286	1
7288	1
7290	9
7291	1
7292	2
7295	1
7296	2
7297	1
7298	2
7300	7
7303	1
7305	1
7306	1
7307	1
7308	4
7310	7
7314	1
7315	2
7317	1
7320	13
7321	1
7324	4
7326	1
7328	4
7329	1
7330	3
7332	1
7335	1
7336	4
7338	1
7339	1
7340	1
7346	1
7348	1
7350	1
7354	1
7356	2
7358	1
7359	1
7360	7
7370	1
7372	1
7374	1
7378	1
7380	9
7382	1
7385	1
7386	2
7387	1
7389	1
7392	1
7394	1
7395	2
7396	2
7400	3
7405	1
7413	1
7416	2
7420	1
7422	1
7424	1
7432	2
7438	1
7440	9
7443	1
7444	1
7448	2
7452	1
7456	1
7464	1
7468	1
7470	4
7488	1
7494	1
7495	1
7500	1
7502	2
7504	1
7512	1
7520	1
7524	1
7528	1
7536	2
7545	1
7556	1
7560	6
7562	1
7568	1
7580	2
7588	1
7600	7
7606	1
7608	1
7613	1
7618	1
7630	1
7636	1
7638	1
7640	1
7644	1
7650	2
7656	1
7662	1
7665	1
7666	1
7668	2
7680	4
7684	1
7686	1
7688	1
7704	1
7706	1
7707	1
7710	1
7730	1
7736	2
7776	1
7782	1
7788	1
7800	5
7810	1
7818	1
7828	1
7830	1
7840	2
7852	1
7868	1
7890	1
7896	1
7904	1
7916	1
7920	1
7928	1
7935	1
7948	1
7950	1
7952	1
7956	2
7989	1
8000	1
8004	1
8016	1
8018	1
8020	1
8032	1
8040	2
8044	1
8050	1
8055	1
8058	1
8070	1
8072	1
8090	1
8093	1
8100	2
8159	1
8160	1
8164	1
8196	1
8260	2
8271	1
8284	1
8298	1
8307	1
8313	1
8316	1
8334	1
8352	1
8370	1
8379	1
8382	2
8384	1
8400	2
8412	1
8442	1
8445	1
8452	1
8468	1
8481	1
8508	2
8510	1
8571	1
8634	1
8640	13
8648	2
8650	1
8655	2
8656	1
8660	1
8666	1
8670	1
8672	1
8680	4
8686	2
8693	1
8696	1
8700	2
8704	1
8706	1
8716	1
8718	1
8720	3
8725	1
8728	1
8732	1
8736	1
8740	3
8746	1
8752	1
8756	1
8760	3
8772	1
8788	1
8790	1
8792	1
8796	1
8804	2
8806	1
8808	1
8812	1
8814	2
8820	1
8826	1
8829	1
8834	1
8840	1
8848	2
8856	1
8862	1
8866	1
8880	2
8896	1
8916	2
8928	1
8940	1
8952	1
8956	1
8960	1
8976	2
8980	1
8988	1
8992	1
8999	1
9024	1
9040	1
9042	1
9060	1
9128	1
9154	1
9180	1
9192	1
9264	1
9298	1
9300	1
9320	1
9376	1
9384	1
9440	1
9516	1
9568	1
9600	233
9604	2
9605	10
9606	1
9607	1
9608	3
9610	34
9612	5
9614	1
9615	16
9616	4
9618	1
9620	39
9624	4
9625	1
9626	2
9628	3
9630	20
9632	3
9634	2
9635	1
9636	2
9638	1
9639	1
9640	29
9642	2
9644	1
9645	2
9648	2
9650	7
9658	1
9660	19
9661	1
9662	1
9664	4
9668	2
9670	6
9672	1
9676	1
9677	1
9680	17
9684	2
9686	1
9688	3
9690	4
9696	2
9700	9
9702	1
9708	1
9710	1
9714	1
9720	16
9724	2
9727	1
9730	2
9732	1
9733	1
9736	3
9738	1
9752	1
9756	2
9760	5
9768	1
9770	2
9776	1
9778	1
9780	5
9790	2
9795	1
9800	3
9808	1
9820	2
9832	1
9840	3
9846	1
9848	1
9850	3
9860	3
9864	1
9870	1
9880	2
9884	1
9890	1
9900	3
9920	4
9930	1
9950	1
9965	1
9972	1
9980	1
10000	2
10028	1
10055	1
10062	1
10076	1
10090	1
10140	2
10164	4
10170	1
10172	2
10186	1
10188	2
10200	3
10230	1
10240	1
10248	1
10252	1
10272	1
10352	1
10400	1
10412	1
10413	1
10419	1
10428	1
10432	1
10436	1
10494	1
10496	1
10509	1
10520	1
10588	1
10606	1
10800	26
10802	1
10805	2
10806	1
10810	5
10815	2
10820	3
10826	1
10830	1
10840	1
10842	1
10845	1
10855	1
10860	6
10866	1
10880	2
10904	1
10908	1
10910	1
10932	1
10946	1
10950	1
11004	1
11028	1
11040	2
11042	1
11055	1
11115	1
11130	1
11140	1
11148	1
11190	1
11200	1
11238	1
11320	1
11329	1
11360	1
11518	1
11530	1
11548	1
11550	1
11558	1
11724	1
11728	1
11732	1
12030	1
12100	1
12120	1
12121	1
12150	1
12435	1
12442	1
12564	1
12714	1
12800	25
12807	1
12808	1
12810	3
12815	2
12820	4
12830	2
12839	1
12840	7
12848	1
12850	1
12860	2
12868	1
12870	1
12880	3
12892	1
12900	1
12910	1
12920	1
12928	1
12950	1
12960	4
12970	1
12980	1
13000	1
13024	2
13048	1
13120	1
13132	1
13140	1
13384	1
13470	1
13511	1
13524	1
13614	1
13632	1
13710	1
13856	1
13880	1
14112	1
14400	52
14405	2
14408	1
14410	6
14412	1
14413	1
14414	1
14415	4
14416	4
14420	14
14428	1
14430	3
14431	1
14436	2
14438	1
14439	1
14440	3
14442	1
14448	1
14450	1
14460	4
14470	5
14472	1
14476	1
14480	2
14488	1
14489	1
14500	2
14508	1
14513	1
14526	1
14535	1
14544	1
14548	1
14550	1
14552	1
14560	2
14564	1
14570	1
14580	2
14588	1
14590	1
14610	1
14640	3
14680	1
14685	1
14700	1
14720	1
14760	1
14800	1
14820	1
14880	1
14948	1
15000	1
15024	1
15060	1
15264	1
15370	1
15600	1
15648	1
15884	1
16200	1
16480	1
16596	1
17184	1
17288	1
17456	1
19200	17
19204	1
19208	2
19210	3
19218	2
19220	3
19240	2
19270	1
19273	1
19280	2
19284	1
19290	1
19320	3
19330	1
19348	1
19358	1
19380	2
19444	1
19460	1
19470	1
19500	1
19512	1
19560	1
19564	1
19620	1
19688	1
19824	1
21600	9
21620	2
21640	1
21646	1
21660	4
21742	1
21748	1
21930	1
21960	1
21966	1
22038	1
22238	1
22825	1
24000	1
24166	1
25600	1
25920	1
26412	1
28800	3
28840	3
28860	1
28920	1
28936	1
29175	1
29358	1
32496	1
32640	1
38400	3
44836	1
57600	1
57717	1
64965	1
