RTP and Standard Deviation Breakdown
Name	RTP	StDev
Initial	0.381289	59.91
Tumbles	0.375614	64.3
Base Total	0.756903	91.05
Free Spins	0.291989	184
Total	1.04889	205.6
----------------------------------------
Iterations	1000000000
Total Pay	5.84e+09
Feature Hits
Feature	Hits	Hit Rate
Base	199952696	5.0011829
Base Win	197834557	5.0547286
FS Tease	31024804	32.232275
Free Spins	2478358	403.49296
FS Trigger 3	2373600	421.30098
FS Trigger 4	102309	9774.3112
FS Trigger 5	2417	413736.04
FS Trigger 6	32	31250000
----------------------------------------
Base Hits
Symbol	1	2	3	4	5	6
WL	0	0	0	0	0	0
R1	0	0	44942402	21483749	12985977	3801243
R2	0	0	41390930	22813276	16962498	3631478
R3	0	0	59169947	31027497	24606097	8821925
R4	0	0	1447692	242789	50200	41540
R5	0	0	4477222	1142744	175750	196370
R6	0	0	5335024	1768000	303166	341029
S1	0	0	76093106	47282356	16760189	10792193
S2	0	0	116981138	61757072	16091244	12370402
S3	0	0	55604897	29498408	18049123	12313200
S4	0	0	73979253	39664078	19996275	12823156
F1	0	0	0	0	0	0
F2	0	0	0	0	0	0
F3	0	0	0	0	0	0
----------------------------------------
Free Hits
Symbol	1	2	3	4	5	6
WL	0	0	0	0	0	0
R1	0	0	209461	63837	17418	9915
R2	0	0	302776	110810	33865	24425
R3	0	0	360966	135746	44478	33772
R4	0	0	82463	3051	380	67
R5	0	0	5378678	3622336	1247837	852646
R6	0	0	8929228	4924354	1279934	1009281
S1	0	0	5287437	3278437	2140199	1771248
S2	0	0	7457332	4458882	2430548	1942931
S3	0	0	1607281	1092703	613878	676426
S4	0	0	1451145	946026	546298	574511
F1	0	0	0	0	0	0
F2	0	0	0	0	0	0
F3	0	0	0	0	0	0
----------------------------------------
Average Free Spins: 	10.216351
----------------------------------------
Average Tumbles Base: 	1.7106772
----------------------------------------
Average Tumbles Free: 	1.9444847
----------------------------------------
Tumble Frequencies Base
Number Tumble	Frequency
2	42310702
1	118531264
3	21555131
4	9779666
5	3487217
6	1411892
7	540326
8	174061
10	5734
9	35172
11	2681
12	543
13	121
14	38
17	1
16	3
15	5
----------------------------------------
Average Final Multiplier: 	1.1988587
Final Multiplier Frequencies
Multiplier	Frequency
1	899255928
2	53268991
3	22469954
4	11468138
5	6767525
6	3655151
7	1779931
8	790574
11	51751
9	330543
10	133166
12	18888
14	2089
13	6460
16	204
15	630
18	19
17	57
19	1
----------------------------------------
Average Final Multiplier Free Spins: 	19.173415
Final Multiplier Frequencies Free Spins
Multiplier	Frequency
14	113088
16	116853
19	110331
11	92169
10	86246
28	55424
12	102913
7	51517
8	67205
9	73086
27	61710
17	115451
23	88742
13	106793
39	11488
18	113976
15	114311
26	68353
25	75178
30	44244
20	106460
31	38811
22	95241
37	15928
21	101260
32	33884
24	82508
2	8446
42	6763
4	25399
68	30
36	18602
3	11025
67	40
29	49524
6	46280
33	29356
38	13575
5	29967
69	21
34	25200
46	3125
45	3952
41	8224
48	2230
44	4655
51	1205
53	767
35	21625
47	2627
49	1715
40	9750
43	5537
52	985
54	610
56	394
57	330
55	487
50	1428
59	217
60	183
61	145
58	299
65	73
62	98
63	88
64	78
72	9
82	2
70	16
66	40
88	2
78	2
79	3
81	2
75	8
76	7
74	6
71	20
73	5
95	1
77	3
83	1
90	1
80	2
87	1
85	1
84	1
----------------------------------------
Final Multiplier Frequencies Free Spins (split by initial multiplier)
Init Multiplier: 2
Average Final Multiplier (init 2):	18.767539
Final Mult	Frequency
2	8446
3	11001
4	25359
5	29843
6	46104
7	51183
8	66739
9	72461
10	85457
11	91109
12	101651
13	105269
14	111246
15	112125
16	114400
17	112791
18	110975
19	107008
20	102955
21	97663
22	91408
23	84811
24	78622
25	71117
26	64373
27	57666
28	51505
29	45776
30	40558
31	35217
32	30458
33	26135
34	22252
35	18858
36	15991
37	13563
38	11336
39	9473
40	7870
41	6492
42	5289
43	4215
44	3438
45	2854
46	2247
47	1764
48	1478
49	1103
50	887
51	701
52	563
53	416
54	320
55	241
56	194
57	146
58	132
59	93
60	72
61	47
62	26
63	30
64	27
65	21
66	9
67	8
68	3
69	2
70	1
71	2
73	1
74	1
75	3
----------------------------------------
Init Multiplier: 3
Average Final Multiplier (init 3):	28.145784
Final Mult	Frequency
3	24
4	40
5	124
6	176
7	332
8	466
9	624
10	789
11	1057
12	1258
13	1520
14	1830
15	2168
16	2435
17	2642
18	2978
19	3297
20	3477
21	3561
22	3802
23	3884
24	3835
25	3994
26	3921
27	3971
28	3868
29	3676
30	3618
31	3523
32	3342
33	3134
34	2861
35	2687
36	2520
37	2291
38	2160
39	1943
40	1806
41	1656
42	1406
43	1254
44	1160
45	1031
46	814
47	799
48	704
49	576
50	512
51	461
52	383
53	320
54	257
55	224
56	179
57	161
58	155
59	108
60	93
61	85
62	60
63	51
64	43
65	49
66	23
67	24
68	20
69	17
70	11
71	8
72	5
73	3
74	3
75	3
76	5
77	2
78	1
79	2
80	2
81	1
82	2
88	1
90	1
----------------------------------------
Init Multiplier: 4
Average Final Multiplier (init 4):	37.556061
Final Mult	Frequency
7	2
9	1
11	3
12	4
13	4
14	12
15	18
16	18
17	18
18	23
19	26
20	28
21	36
22	31
23	47
24	51
25	67
26	59
27	73
28	51
29	72
30	68
31	71
32	84
33	87
34	86
35	78
36	91
37	72
38	79
39	69
40	71
41	75
42	67
43	68
44	57
45	67
46	61
47	62
48	46
49	36
50	28
51	43
52	37
53	30
54	33
55	21
56	21
57	23
58	12
59	16
60	18
61	13
62	12
63	6
64	8
65	3
66	7
67	8
68	7
69	2
70	4
71	9
72	3
73	1
74	2
75	1
76	2
77	1
78	1
79	1
81	1
83	1
84	1
85	1
88	1
----------------------------------------
Init Multiplier: 5
Average Final Multiplier (init 5):	50.53125
Final Mult	Frequency
34	1
35	2
37	2
39	3
40	3
41	1
42	1
46	3
47	2
48	2
50	1
52	2
53	1
55	1
63	1
66	1
71	1
72	1
75	1
87	1
95	1
----------------------------------------
Elapsed time: 705.8158 seconds
