Pay	Frequency
0	920696707
2	1175532
4	3075392
5	1745527
6	1264970
7	79269
8	3479713
9	22286
10	3054163
11	14721
12	2728862
13	14441
14	462910
15	454603
16	2959793
17	7315
18	798304
19	14655
20	4230921
21	168118
22	293986
23	16508
24	2946699
25	169268
26	263484
27	39696
28	1114427
29	15576
30	1534133
31	10834
32	1966046
33	57329
34	256510
35	88497
36	1367810
37	21153
38	258292
39	15583
40	3837958
41	11978
42	546978
43	6813
44	740266
45	284812
46	217673
47	8345
48	1749793
49	14072
50	646494
51	16523
52	627445
53	24575
54	353827
55	97541
56	969402
57	30481
58	191008
59	9952
60	1992636
61	16543
62	182401
63	30185
64	1026473
65	86988
66	275185
67	10180
68	483834
69	34590
70	393793
71	9977
72	976043
73	10077
74	161602
75	76269
76	450834
77	13092
78	211442
79	12043
80	2177263
81	18058
82	153285
83	12162
84	544868
85	110812
86	135347
87	18090
88	548213
89	9333
90	593096
91	10256
92	344325
93	19981
94	123117
95	62332
96	728182
97	7618
98	130839
99	16676
100	700121
101	10518
102	162982
103	8739
104	426433
105	57705
106	115547
107	9768
108	372426
109	8352
110	228301
111	12429
112	421559
113	6541
114	143605
115	33468
116	237010
117	14070
118	95762
119	7638
120	1299848
121	6366
122	100065
123	10506
124	231760
125	55950
126	124041
127	7487
128	363973
129	10728
130	208957
131	8760
132	255378
133	7109
134	81017
135	48497
136	274670
137	6414
138	104901
139	7368
140	356526
141	10471
142	70740
143	6798
144	377065
145	27278
146	72662
147	9301
148	163228
149	6650
150	177691
151	6362
152	228671
153	8242
154	66259
155	19457
156	182416
157	5506
158	63639
159	7686
160	805014
161	5189
162	79520
163	6260
164	138392
165	44408
166	60336
167	5544
168	234796
169	5457
170	157594
171	6725
172	126025
173	5172
174	66196
175	23424
176	179004
177	5886
178	52589
179	5914
180	424684
181	5245
182	50168
183	5667
184	154021
185	20946
186	64397
187	4682
188	108185
189	5829
190	103132
191	4513
192	207155
193	4270
194	43633
195	17182
196	102548
197	3981
198	54986
199	4052
200	360014
201	5479
202	42203
203	4418
204	116478
205	16506
206	39517
207	4230
208	128189
209	3555
210	96108
211	3822
212	83997
213	4727
214	36383
215	10275
216	148823
217	3318
218	36071
219	4141
220	148288
221	3396
222	43583
223	3285
224	111814
225	12357
226	32364
227	3827
228	91292
229	2919
230	54302
231	3444
232	89754
233	2976
234	38458
235	7117
236	64050
237	3914
238	29406
239	2806
240	548362
241	2901
242	30772
243	3371
244	67775
245	22281
246	37474
247	2635
248	87809
249	3528
250	85629
251	2641
252	78022
253	2716
254	26663
255	16414
256	87748
257	2660
258	32432
259	2696
260	126902
261	3721
262	23721
263	2376
264	87191
265	9681
266	24755
267	3098
268	50267
269	2383
270	76554
271	2073
272	69623
273	2979
274	22194
275	6631
276	56761
277	2186
278	21379
279	2392
280	128030
281	2202
282	27396
283	1934
284	42379
285	9408
286	20796
287	1942
288	88541
289	2207
290	37242
291	2508
292	40344
293	1960
294	24326
295	4678
296	53506
297	2486
298	18718
299	1834
300	114177
301	2015
302	17931
303	2023
304	55365
305	5135
306	22116
307	1801
308	36426
309	2299
310	28989
311	1636
312	56951
313	1667
314	15751
315	5296
316	34069
317	1560
318	19106
319	1386
320	201058
321	2197
322	15451
323	1696
324	42236
325	8561
326	15236
327	1625
328	41665
329	1608
330	48910
331	1431
332	31190
333	1760
334	14319
335	5774
336	51717
337	1427
338	14035
339	1624
340	64722
341	1468
342	15935
343	1257
344	35251
345	4884
346	12682
347	1482
348	32077
349	1266
350	26261
351	1480
352	35091
353	1411
354	14110
355	2910
356	24356
357	1531
358	11611
359	1190
360	173944
361	1200
362	11569
363	1458
364	25690
365	5918
366	15354
367	1105
368	34166
369	1423
370	26956
371	1252
372	29987
373	1126
374	10375
375	6043
376	30556
377	1027
378	13421
379	1061
380	48228
381	1456
382	9532
383	1036
384	39713
385	2953
386	9570
387	1355
388	20265
389	991
390	23816
391	974
392	27352
393	1233
394	8963
395	2357
396	24033
397	875
398	9044
399	1106
400	155789
401	875
402	11196
403	944
404	19104
405	7590
406	8638
407	929
408	29940
409	975
410	24003
411	1051
412	17020
413	979
414	9718
415	3322
416	23981
417	1071
418	7598
419	1005
420	47835
421	902
422	7333
423	931
424	20702
425	2832
426	8787
427	807
428	14796
429	936
430	14804
431	747
432	29287
433	861
434	6617
435	2918
436	14144
437	706
438	8347
439	674
440	43929
441	895
442	6488
443	761
444	17431
445	2526
446	6263
447	762
448	19309
449	668
450	17729
451	668
452	12927
453	820
454	5894
455	1604
456	21293
457	701
458	5570
459	883
460	23164
461	612
462	7219
463	542
464	16318
465	2251
466	5669
467	675
468	14047
469	625
470	9076
471	688
472	14497
473	592
474	6554
475	1236
476	10536
477	755
478	5211
479	549
480	172781
481	613
482	5573
483	610
484	12604
485	6961
486	7559
487	531
488	16250
489	771
490	26060
491	557
492	14586
493	607
494	4997
495	5634
496	15583
497	550
498	6772
499	590
500	34546
501	824
502	4629
503	526
504	17750
505	2354
506	4871
507	659
508	9483
509	500
510	17620
511	478
512	13842
513	608
514	4630
515	1629
516	11151
517	473
518	4481
519	594
520	34069
521	447
522	5627
523	427
524	8376
525	2753
526	4155
527	433
528	14500
529	474
530	9536
531	527
532	8201
533	479
534	4598
535	1136
536	10155
537	558
538	3729
539	412
540	36177
541	398
542	3463
543	448
544	10461
545	1404
546	4956
547	424
548	7195
549	483
550	7150
551	351
552	11760
553	384
554	3395
555	1764
556	7136
557	342
558	4028
559	341
560	24114
561	440
562	3269
563	378
564	8738
565	1080
566	3008
567	437
568	8198
569	338
570	9685
571	351
572	6633
573	436
574	3071
575	817
576	12628
577	298
578	2984
579	419
580	12311
581	323
582	3571
583	271
584	7883
585	1196
586	2928
587	353
588	7735
589	299
590	4740
591	343
592	8151
593	284
594	3250
595	625
596	5619
597	376
598	2456
599	276
600	49253
601	309
602	2716
603	328
604	6004
605	1357
606	3643
607	238
608	8403
609	386
610	6236
611	286
612	7644
613	308
614	2285
615	1488
616	7140
617	257
618	3168
619	301
620	11347
621	398
622	2128
623	258
624	9344
625	680
626	2369
627	328
628	4997
629	228
630	6078
631	253
632	6466
633	320
634	2145
635	539
636	6119
637	256
638	1980
639	266
640	34030
641	241
642	2718
643	263
644	4793
645	1492
646	2114
647	207
648	8082
649	247
650	6241
651	251
652	4362
653	226
654	2450
655	895
656	5861
657	284
658	2042
659	249
660	14527
661	206
662	1779
663	230
664	5615
665	567
666	2419
667	216
668	4047
669	254
670	4182
671	191
672	6808
673	210
674	1718
675	802
676	3730
677	173
678	2170
679	155
680	12259
681	236
682	1692
683	223
684	4529
685	531
686	1685
687	227
688	4643
689	175
690	4164
691	198
692	3263
693	244
694	1558
695	365
696	5227
697	209
698	1501
699	219
700	6822
701	160
702	1846
703	153
704	4223
705	552
706	1509
707	220
708	3612
709	136
710	2321
711	225
712	3628
713	158
714	1664
715	318
716	2734
717	188
718	1361
719	159
720	55193
721	169
722	1425
723	221
724	3512
725	1765
726	2431
727	166
728	4771
729	202
730	7204
731	211
732	4454
733	162
734	1428
735	2072
736	4661
737	154
738	1917
739	194
740	9754
741	291
742	1427
743	194
744	5326
745	682
746	1335
747	252
748	2895
749	145
750	6178
751	163
752	4284
753	228
754	1268
755	482
756	3684
757	158
758	1320
759	220
760	11057
761	160
762	1801
763	182
764	2711
765	997
766	1258
767	138
768	5127
769	135
770	2837
771	203
772	2475
773	167
774	1486
775	421
776	3408
777	191
778	1131
779	168
780	8879
781	125
782	1136
783	191
784	3525
785	355
786	1421
787	158
788	2316
789	190
790	2136
791	126
792	4011
793	117
794	1043
795	632
796	2283
797	109
798	1315
799	118
800	72160
801	162
802	1315
803	166
804	3611
805	3154
806	1172
807	173
808	3664
809	155
810	10836
811	151
812	2466
813	159
814	1081
815	1527
816	4101
817	136
818	1025
819	169
820	11484
821	133
822	1230
823	122
824	2768
825	1158
826	904
827	136
828	2399
829	133
830	4368
831	137
832	2628
833	111
834	1058
835	618
836	1854
837	149
838	886
839	96
840	14195
841	102
842	897
843	156
844	1818
845	811
846	1118
847	129
848	2598
849	119
850	2890
851	112
852	2025
853	100
854	731
855	719
856	2025
857	83
858	1025
859	105
860	6040
861	109
862	727
863	117
864	3237
865	473
866	729
867	124
868	1468
869	96
870	2619
871	80
872	1945
873	109
874	698
875	325
876	1924
877	78
878	707
879	90
880	8305
881	62
882	1014
883	100
884	1429
885	532
886	713
887	88
888	2767
889	78
890	2253
891	105
892	1423
893	71
894	859
895	262
896	2236
897	108
898	660
899	93
900	8145
901	74
902	667
903	94
904	1894
905	290
906	924
907	97
908	1419
909	75
910	1494
911	87
912	2675
913	67
914	671
915	358
916	1397
917	77
918	807
919	81
920	5508
921	124
922	609
923	100
924	1855
925	264
926	550
927	100
928	1915
929	68
930	1962
931	73
932	1389
933	87
934	543
935	219
936	2121
937	74
938	598
939	92
940	2745
941	73
942	768
943	54
944	1688
945	251
946	522
947	78
948	1567
949	66
950	1107
951	67
952	1390
953	69
954	711
955	141
956	1167
957	66
958	496
959	52
960	38372
961	81
962	603
963	77
964	1803
965	1246
966	971
967	62
968	2200
969	112
970	5321
971	60
972	1957
973	84
974	570
975	1237
976	2015
977	66
978	759
979	89
980	7430
981	132
982	510
983	80
984	2104
985	399
986	510
987	102
988	1255
989	80
990	3541
991	67
992	1531
993	71
994	556
995	232
996	1468
997	44
998	483
999	85
1000	6536
1001	71
1002	663
1003	63
1004	1027
1005	477
1006	483
1007	57
1008	1793
1009	71
1010	1644
1011	56
1012	954
1013	73
1014	537
1015	155
1016	1183
1017	97
1018	464
1019	68
1020	4953
1021	57
1022	424
1023	57
1024	1288
1025	189
1026	587
1027	49
1028	919
1029	67
1030	1076
1031	59
1032	1374
1033	48
1034	359
1035	276
1036	855
1037	43
1038	481
1039	54
1040	4952
1041	59
1042	380
1043	53
1044	1156
1045	189
1046	371
1047	69
1048	1050
1049	45
1050	1813
1051	35
1052	754
1053	42
1054	347
1055	127
1056	1346
1057	52
1058	354
1059	65
1060	2083
1061	51
1062	424
1063	40
1064	960
1065	167
1066	363
1067	51
1068	850
1069	43
1070	777
1071	46
1072	842
1073	47
1074	398
1075	78
1076	679
1077	43
1078	324
1079	42
1080	10936
1081	43
1082	324
1083	41
1084	739
1085	250
1086	566
1087	40
1088	1060
1089	66
1090	1314
1091	47
1092	1079
1093	32
1094	308
1095	513
1096	1012
1097	33
1098	465
1099	41
1100	2139
1101	45
1102	289
1103	57
1104	1291
1105	114
1106	327
1107	45
1108	696
1109	20
1110	1402
1111	37
1112	927
1113	59
1114	284
1115	106
1116	861
1117	36
1118	329
1119	57
1120	3080
1121	48
1122	424
1123	32
1124	631
1125	252
1126	308
1127	45
1128	1291
1129	34
1130	733
1131	60
1132	616
1133	43
1134	386
1135	88
1136	829
1137	70
1138	271
1139	41
1140	2619
1141	32
1142	291
1143	42
1144	914
1145	77
1146	317
1147	41
1148	586
1149	62
1150	571
1151	28
1152	1261
1153	34
1154	215
1155	182
1156	559
1157	35
1158	323
1159	29
1160	2206
1161	50
1162	254
1163	33
1164	776
1165	79
1166	236
1167	48
1168	817
1169	37
1170	857
1171	30
1172	551
1173	49
1174	234
1175	87
1176	987
1177	26
1178	226
1179	33
1180	1009
1181	14
1182	281
1183	24
1184	884
1185	117
1186	226
1187	23
1188	707
1189	29
1190	423
1191	43
1192	681
1193	36
1194	280
1195	51
1196	465
1197	31
1198	224
1199	24
1200	24495
1201	33
1202	268
1203	25
1204	764
1205	749
1206	612
1207	32
1208	1016
1209	49
1210	2044
1211	29
1212	1031
1213	32
1214	208
1215	653
1216	970
1217	28
1218	330
1219	23
1220	2918
1221	73
1222	219
1223	37
1224	1117
1225	231
1226	235
1227	56
1228	473
1229	32
1230	1782
1231	29
1232	753
1233	41
1234	228
1235	121
1236	662
1237	33
1238	209
1239	34
1240	3210
1241	23
1242	328
1243	31
1244	385
1245	306
1246	215
1247	33
1248	909
1249	32
1250	692
1251	42
1252	430
1253	25
1254	215
1255	137
1256	533
1257	33
1258	194
1259	39
1260	2477
1261	26
1262	196
1263	50
1264	587
1265	108
1266	236
1267	39
1268	376
1269	39
1270	537
1271	21
1272	673
1273	29
1274	186
1275	173
1276	362
1277	19
1278	218
1279	32
1280	4152
1281	30
1282	184
1283	25
1284	536
1285	111
1286	174
1287	29
1288	534
1289	23
1290	1047
1291	27
1292	353
1293	34
1294	155
1295	130
1296	654
1297	30
1298	179
1299	27
1300	1168
1301	19
1302	189
1303	23
1304	445
1305	137
1306	184
1307	33
1308	454
1309	17
1310	473
1311	24
1312	470
1313	30
1314	219
1315	62
1316	384
1317	28
1318	146
1319	17
1320	2652
1321	21
1322	169
1323	30
1324	319
1325	92
1326	211
1327	13
1328	494
1329	26
1330	402
1331	22
1332	467
1333	19
1334	149
1335	181
1336	473
1337	20
1338	186
1339	21
1340	842
1341	26
1342	144
1343	21
1344	617
1345	58
1346	172
1347	28
1348	339
1349	14
1350	654
1351	17
1352	416
1353	25
1354	137
1355	49
1356	437
1357	12
1358	134
1359	23
1360	1508
1361	14
1362	189
1363	16
1364	274
1365	90
1366	146
1367	20
1368	495
1369	19
1370	333
1371	23
1372	271
1373	11
1374	170
1375	37
1376	371
1377	28
1378	122
1379	20
1380	1078
1381	18
1382	137
1383	16
1384	344
1385	45
1386	184
1387	20
1388	267
1389	17
1390	264
1391	29
1392	429
1393	16
1394	121
1395	112
1396	253
1397	19
1398	158
1399	14
1400	930
1401	19
1402	135
1403	20
1404	306
1405	39
1406	118
1407	25
1408	304
1409	13
1410	378
1411	19
1412	213
1413	17
1414	125
1415	38
1416	361
1417	9
1418	113
1419	21
1420	411
1421	15
1422	152
1423	10
1424	272
1425	49
1426	102
1427	24
1428	270
1429	8
1430	169
1431	15
1432	243
1433	15
1434	142
1435	38
1436	182
1437	15
1438	94
1439	24
1440	14970
1441	15
1442	123
1443	16
1444	395
1445	416
1446	390
1447	14
1448	564
1449	25
1450	1838
1451	14
1452	529
1453	24
1454	145
1455	627
1456	516
1457	18
1458	218
1459	25
1460	2320
1461	46
1462	129
1463	28
1464	565
1465	139
1466	139
1467	40
1468	284
1469	24
1470	1475
1471	23
1472	417
1473	25
1474	128
1475	83
1476	379
1477	21
1478	136
1479	29
1480	2067
1481	16
1482	215
1483	13
1484	281
1485	234
1486	163
1487	15
1488	510
1489	23
1490	483
1491	25
1492	276
1493	19
1494	174
1495	64
1496	331
1497	28
1498	140
1499	20
1500	1946
1501	16
1502	147
1503	24
1504	356
1505	60
1506	156
1507	14
1508	261
1509	35
1510	364
1511	22
1512	440
1513	22
1514	127
1515	143
1516	258
1517	10
1518	141
1519	15
1520	1593
1521	23
1522	95
1523	28
1524	308
1525	47
1526	127
1527	15
1528	281
1529	14
1530	752
1531	10
1532	200
1533	20
1534	110
1535	41
1536	453
1537	17
1538	100
1539	11
1540	630
1541	11
1542	148
1543	13
1544	234
1545	85
1546	78
1547	15
1548	260
1549	8
1550	214
1551	15
1552	283
1553	9
1554	109
1555	28
1556	161
1557	15
1558	67
1559	10
1560	1541
1561	15
1562	101
1563	18
1564	184
1565	35
1566	123
1567	12
1568	277
1569	16
1570	230
1571	11
1572	221
1573	9
1574	90
1575	96
1576	247
1577	14
1578	115
1579	6
1580	436
1581	12
1582	76
1583	15
1584	297
1585	26
1586	75
1587	19
1588	151
1589	15
1590	319
1591	15
1592	208
1593	10
1594	79
1595	16
1596	195
1597	8
1598	78
1599	9
1600	28032
1601	3
1602	193
1603	8
1604	571
1605	1231
1606	169
1607	26
1608	725
1609	27
1610	3703
1611	14
1612	287
1613	29
1614	162
1615	654
1616	447
1617	28
1618	129
1619	25
1620	4997
1621	32
1622	99
1623	23
1624	355
1625	320
1626	164
1627	17
1628	230
1629	18
1630	1670
1631	17
1632	373
1633	18
1634	82
1635	259
1636	192
1637	17
1638	116
1639	20
1640	3374
1641	20
1642	92
1643	14
1644	233
1645	258
1646	101
1647	22
1648	290
1649	14
1650	975
1651	8
1652	167
1653	18
1654	71
1655	106
1656	270
1657	7
1658	89
1659	13
1660	2098
1661	16
1662	96
1663	9
1664	237
1665	193
1666	89
1667	8
1668	206
1669	10
1670	473
1671	15
1672	177
1673	10
1674	80
1675	60
1676	142
1677	10
1678	56
1679	7
1680	2630
1681	12
1682	60
1683	9
1684	194
1685	106
1686	70
1687	8
1688	206
1689	11
1690	678
1691	7
1692	174
1693	13
1694	63
1695	89
1696	193
1697	6
1698	88
1699	11
1700	982
1701	12
1702	49
1703	11
1704	177
1705	57
1706	60
1707	9
1708	131
1709	5
1710	455
1711	7
1712	152
1713	12
1714	44
1715	55
1716	165
1717	9
1718	42
1719	10
1720	1438
1721	9
1722	69
1723	5
1724	137
1725	85
1726	58
1727	7
1728	235
1729	7
1730	334
1731	17
1732	113
1733	11
1734	48
1735	45
1736	135
1737	8
1738	62
1739	8
1740	714
1741	8
1742	46
1743	9
1744	158
1745	39
1746	62
1747	10
1748	118
1749	7
1750	235
1751	9
1752	210
1753	11
1754	59
1755	40
1756	137
1757	3
1758	70
1759	8
1760	1005
1761	13
1762	50
1763	14
1764	179
1765	36
1766	44
1767	9
1768	177
1769	6
1770	311
1771	6
1772	111
1773	14
1774	66
1775	25
1776	265
1777	9
1778	48
1779	6
1780	615
1781	10
1782	75
1783	6
1784	158
1785	32
1786	54
1787	8
1788	149
1789	3
1790	160
1791	2
1792	168
1793	13
1794	57
1795	21
1796	103
1797	3
1798	43
1799	8
1800	3864
1801	8
1802	42
1803	13
1804	168
1805	78
1806	125
1807	3
1808	205
1809	8
1810	308
1811	9
1812	216
1813	9
1814	48
1815	121
1816	179
1817	8
1818	76
1819	4
1820	496
1821	3
1822	56
1823	4
1824	232
1825	32
1826	55
1827	17
1828	97
1829	8
1830	300
1831	6
1832	171
1833	12
1834	40
1835	24
1836	127
1837	7
1838	54
1839	13
1840	1070
1841	6
1842	79
1843	7
1844	105
1845	61
1846	49
1847	4
1848	192
1849	4
1850	200
1851	2
1852	92
1853	7
1854	62
1855	27
1856	145
1857	10
1858	60
1859	6
1860	584
1861	8
1862	49
1863	12
1864	117
1865	23
1866	69
1867	8
1868	87
1869	5
1870	136
1871	3
1872	149
1873	7
1874	37
1875	44
1876	103
1877	4
1878	49
1879	3
1880	471
1881	3
1882	40
1883	7
1884	116
1885	14
1886	36
1887	11
1888	123
1889	7
1890	190
1891	5
1892	71
1893	5
1894	43
1895	19
1896	145
1897	6
1898	24
1899	5
1900	298
1901	6
1902	41
1903	3
1904	116
1905	25
1906	24
1907	7
1908	103
1909	7
1910	79
1911	4
1912	83
1913	7
1914	39
1915	9
1916	68
1917	7
1918	32
1919	1
1920	5383
1921	8
1922	34
1923	4
1924	112
1925	101
1926	78
1927	2
1928	246
1929	8
1930	634
1931	9
1932	160
1933	10
1934	47
1935	150
1936	191
1937	7
1938	64
1939	4
1940	898
1941	9
1942	34
1943	12
1944	165
1945	42
1946	66
1947	13
1948	94
1949	8
1950	444
1951	12
1952	150
1953	9
1954	49
1955	30
1956	109
1957	5
1958	41
1959	9
1960	932
1961	9
1962	79
1963	10
1964	56
1965	68
1966	42
1967	7
1968	163
1969	12
1970	196
1971	4
1972	87
1973	13
1974	46
1975	22
1976	93
1977	5
1978	40
1979	8
1980	678
1981	7
1982	28
1983	3
1984	111
1985	13
1986	50
1987	7
1988	75
1989	6
1990	135
1991	13
1992	104
1993	6
1994	40
1995	29
1996	70
1997	7
1998	43
1999	9
2000	727
2001	5
2002	46
2003	6
2004	82
2005	20
2006	42
2007	5
2008	91
2009	4
2010	239
2011	5
2012	72
2013	4
2014	31
2015	19
2016	121
2017	7
2018	31
2019	6
2020	274
2021	5
2022	45
2023	4
2024	77
2025	27
2026	38
2027	7
2028	69
2029	10
2030	70
2031	11
2032	71
2033	6
2034	53
2035	8
2036	45
2037	4
2038	23
2039	11
2040	589
2041	1
2042	27
2044	62
2045	9
2046	43
2047	5
2048	83
2049	10
2050	96
2051	5
2052	78
2053	4
2054	22
2055	30
2056	71
2057	4
2058	37
2059	2
2060	165
2061	7
2062	25
2063	6
2064	76
2065	12
2066	28
2067	8
2068	51
2069	7
2070	101
2071	10
2072	78
2073	9
2074	23
2075	7
2076	63
2077	3
2078	17
2079	4
2080	431
2081	3
2082	30
2083	7
2084	52
2085	23
2086	24
2087	2
2088	91
2089	3
2090	65
2091	3
2092	56
2093	5
2094	23
2095	8
2096	61
2097	4
2098	22
2099	2
2100	281
2101	8
2102	19
2103	3
2104	56
2105	6
2106	29
2107	3
2108	50
2109	4
2110	76
2111	5
2112	85
2113	2
2114	12
2115	16
2116	55
2117	6
2118	12
2119	4
2120	237
2121	5
2122	18
2123	2
2124	55
2125	7
2126	28
2127	4
2128	36
2129	4
2130	82
2131	4
2132	32
2133	5
2134	28
2135	7
2136	61
2137	4
2138	16
2139	5
2140	113
2141	6
2142	22
2143	2
2144	48
2145	10
2146	16
2147	4
2148	31
2149	3
2150	32
2151	1
2152	33
2153	6
2154	17
2155	7
2156	28
2157	2
2158	11
2159	2
2160	2836
2161	3
2162	22
2163	3
2164	57
2165	66
2166	87
2167	2
2168	90
2169	2
2170	299
2171	5
2172	116
2173	7
2174	18
2175	178
2176	91
2177	4
2178	41
2179	6
2180	399
2181	10
2182	22
2183	8
2184	142
2185	29
2186	26
2187	12
2188	68
2189	5
2190	341
2191	2
2192	98
2193	8
2194	23
2195	15
2196	74
2197	4
2198	29
2199	9
2200	450
2201	5
2202	55
2203	3
2204	48
2205	70
2206	28
2207	4
2208	137
2209	5
2210	102
2211	4
2212	40
2213	8
2214	34
2215	15
2216	87
2217	13
2218	22
2219	8
2220	428
2221	3
2222	31
2223	7
2224	70
2225	8
2226	35
2227	2
2228	48
2229	10
2230	77
2231	4
2232	106
2233	4
2234	25
2235	51
2236	54
2237	3
2238	37
2239	1
2240	347
2241	4
2242	20
2243	1
2244	82
2245	14
2246	25
2247	3
2248	62
2249	4
2250	182
2251	3
2252	43
2253	6
2254	19
2255	12
2256	83
2257	1
2258	26
2259	8
2260	112
2261	1
2262	33
2263	4
2264	52
2265	25
2266	22
2267	3
2268	57
2269	9
2270	70
2271	2
2272	49
2273	4
2274	36
2275	4
2276	32
2277	6
2278	9
2279	3
2280	402
2282	22
2283	7
2284	38
2285	7
2286	37
2287	4
2288	65
2289	3
2290	61
2291	4
2292	48
2293	4
2294	10
2295	39
2296	44
2297	4
2298	27
2299	7
2300	92
2301	1
2302	13
2303	1
2304	70
2305	3
2306	16
2307	5
2308	35
2310	87
2311	1
2312	41
2313	2
2314	14
2315	5
2316	47
2317	1
2318	21
2319	3
2320	233
2321	3
2322	30
2323	7
2324	32
2325	11
2326	18
2327	4
2328	72
2329	4
2330	46
2331	6
2332	31
2334	10
2335	6
2336	62
2337	6
2338	17
2339	1
2340	182
2341	3
2342	19
2343	4
2344	42
2345	4
2346	33
2347	1
2348	35
2349	3
2350	41
2351	2
2352	59
2353	3
2354	19
2355	8
2356	35
2357	3
2358	12
2359	1
2360	103
2362	10
2363	3
2364	45
2365	5
2366	13
2367	3
2368	38
2369	3
2370	56
2371	2
2372	34
2373	5
2374	15
2375	5
2376	44
2377	1
2378	10
2379	3
2380	63
2381	4
2382	15
2383	1
2384	40
2385	15
2386	12
2387	1
2388	26
2390	25
2391	3
2392	32
2393	2
2394	16
2395	2
2396	39
2397	2
2398	9
2400	11535
2401	1
2402	35
2403	5
2404	144
2405	381
2406	174
2407	6
2408	228
2409	8
2410	1213
2411	1
2412	241
2413	4
2414	39
2415	402
2416	191
2417	11
2418	65
2419	6
2420	1399
2421	11
2422	24
2423	9
2424	161
2425	104
2426	45
2427	21
2428	70
2429	8
2430	835
2431	10
2432	105
2433	12
2434	33
2435	67
2436	94
2437	2
2438	34
2439	11
2440	1230
2441	5
2442	63
2443	4
2444	33
2445	136
2446	36
2447	5
2448	118
2449	3
2450	259
2451	5
2452	39
2453	4
2454	25
2455	48
2456	55
2457	8
2458	32
2459	1
2460	951
2461	6
2462	23
2463	4
2464	57
2465	48
2466	37
2467	2
2468	35
2469	10
2470	159
2471	3
2472	74
2473	5
2474	16
2475	60
2476	41
2477	2
2478	19
2480	717
2481	9
2482	15
2483	4
2484	56
2485	45
2486	13
2487	4
2488	42
2489	6
2490	350
2491	4
2492	35
2493	1
2494	17
2495	28
2496	70
2497	2
2498	16
2499	6
2500	254
2501	1
2502	23
2503	5
2504	43
2505	41
2506	18
2507	2
2508	34
2509	3
2510	85
2511	2
2512	28
2513	2
2514	21
2515	9
2516	33
2517	3
2518	9
2519	3
2520	720
2521	2
2522	17
2523	5
2524	20
2525	18
2526	25
2527	1
2528	49
2529	4
2530	102
2531	2
2532	53
2533	6
2534	14
2535	51
2536	30
2537	6
2538	21
2539	1
2540	163
2541	2
2542	10
2543	2
2544	58
2545	11
2546	7
2547	2
2548	18
2549	1
2550	133
2551	2
2552	33
2553	2
2554	11
2555	9
2556	28
2557	1
2558	17
2559	4
2560	425
2561	4
2562	18
2564	21
2565	21
2566	20
2567	5
2568	52
2569	1
2570	77
2572	32
2573	2
2574	10
2575	11
2576	41
2577	3
2578	9
2579	1
2580	339
2581	4
2582	13
2583	3
2584	32
2585	11
2586	19
2587	2
2588	23
2589	1
2590	44
2591	3
2592	54
2593	3
2594	8
2595	31
2596	26
2598	14
2600	197
2601	2
2602	9
2603	3
2604	34
2605	5
2606	6
2607	2
2608	39
2610	88
2611	2
2612	28
2613	3
2614	16
2615	9
2616	33
2617	2
2618	14
2619	1
2620	80
2621	1
2622	11
2623	3
2624	32
2625	19
2626	6
2627	2
2628	30
2629	1
2630	22
2631	7
2632	35
2633	1
2634	14
2635	3
2636	23
2637	6
2638	15
2639	3
2640	428
2641	1
2642	9
2643	1
2644	37
2645	9
2646	23
2647	2
2648	48
2649	3
2650	40
2651	1
2652	32
2653	1
2654	13
2655	27
2656	41
2657	1
2658	16
2659	1
2660	86
2661	3
2662	5
2663	2
2664	37
2665	6
2666	10
2667	2
2668	16
2669	2
2670	76
2672	37
2673	2
2674	5
2675	3
2676	20
2678	6
2679	4
2680	88
2681	3
2682	8
2683	1
2684	16
2685	22
2686	16
2687	2
2688	43
2689	1
2690	30
2692	21
2694	11
2695	2
2696	25
2697	4
2698	3
2700	318
2701	3
2702	5
2703	4
2704	27
2705	3
2706	25
2707	3
2708	23
2709	3
2710	20
2712	52
2713	1
2714	7
2715	16
2716	21
2717	2
2718	13
2719	4
2720	139
2721	3
2722	8
2723	1
2724	32
2725	7
2726	6
2727	4
2728	18
2729	3
2730	55
2731	3
2732	19
2733	3
2734	8
2735	2
2736	34
2738	4
2739	5
2740	64
2742	14
2744	22
2745	6
2746	8
2747	1
2748	26
2750	23
2752	25
2753	1
2754	7
2755	1
2756	11
2757	4
2758	5
2760	188
2761	5
2762	8
2763	2
2764	20
2765	5
2766	11
2768	23
2770	21
2772	24
2773	3
2774	4
2775	13
2776	18
2777	1
2778	7
2780	52
2781	2
2782	5
2783	2
2784	31
2785	4
2786	5
2787	3
2788	9
2789	3
2790	40
2791	3
2792	16
2793	1
2794	5
2795	3
2796	14
2797	2
2798	8
2799	2
2800	148
2801	2
2802	15
2803	3
2804	11
2805	7
2806	5
2807	3
2808	18
2809	4
2810	16
2811	1
2812	13
2814	7
2815	2
2816	19
2817	1
2818	7
2819	2
2820	81
2821	1
2822	6
2823	1
2824	12
2825	2
2826	8
2827	1
2828	10
2829	2
2830	15
2831	2
2832	28
2834	6
2835	3
2836	9
2838	4
2840	52
2841	2
2842	8
2843	1
2844	20
2845	1
2846	3
2847	1
2848	12
2849	1
2850	28
2851	1
2852	11
2853	1
2854	8
2855	5
2856	19
2857	2
2858	3
2859	2
2860	36
2862	8
2863	1
2864	12
2865	6
2866	2
2868	14
2869	2
2870	17
2871	2
2872	16
2874	10
2875	4
2876	9
2878	5
2879	1
2880	2558
2881	1
2882	7
2883	1
2884	40
2885	38
2886	43
2887	2
2888	79
2889	4
2890	262
2891	3
2892	68
2894	13
2895	107
2896	57
2897	1
2898	30
2899	1
2900	390
2901	5
2902	10
2903	3
2904	55
2905	12
2906	14
2907	4
2908	33
2909	5
2910	249
2912	41
2913	5
2914	11
2915	8
2916	36
2918	15
2919	2
2920	310
2921	2
2922	24
2923	3
2924	11
2925	40
2926	16
2927	6
2928	60
2929	2
2930	56
2931	3
2932	15
2933	4
2934	14
2935	3
2936	34
2937	4
2938	16
2939	2
2940	306
2942	9
2943	8
2944	34
2945	4
2946	19
2947	1
2948	26
2949	2
2950	47
2952	30
2953	4
2954	10
2955	18
2956	21
2957	1
2958	18
2959	1
2960	206
2961	1
2962	9
2964	23
2965	5
2966	11
2967	4
2968	19
2969	2
2970	114
2971	2
2972	15
2974	9
2975	3
2976	41
2977	1
2978	9
2979	4
2980	76
2981	2
2982	8
2983	2
2984	18
2985	13
2986	10
2987	1
2988	17
2989	3
2990	26
2992	17
2993	1
2994	13
2995	4
2996	18
2997	2
2998	8
2999	2
3000	271
3001	2
3002	3
3003	1
3004	10
3005	3
3006	13
3007	3
3008	24
3009	4
3010	32
3011	1
3012	23
3013	1
3014	7
3015	28
3016	15
3018	14
3019	1
3020	52
3021	1
3022	12
3024	20
3025	4
3026	2
3027	4
3028	9
3030	47
3031	1
3032	16
3033	2
3034	6
3035	3
3036	9
3037	2
3038	3
3039	3
3040	114
3041	1
3042	9
3044	9
3045	3
3046	5
3047	1
3048	21
3049	2
3050	21
3051	2
3052	9
3053	1
3054	5
3055	1
3056	30
3057	1
3058	6
3059	2
3060	102
3061	1
3062	3
3063	1
3064	18
3065	2
3066	14
3068	15
3070	18
3071	4
3072	19
3073	1
3074	6
3075	7
3076	13
3078	10
3080	74
3084	23
3085	1
3086	1
3088	18
3090	23
3092	11
3094	3
3095	2
3096	19
3097	2
3098	3
3099	1
3100	20
3102	7
3104	15
3105	7
3106	3
3107	5
3108	14
3110	6
3111	1
3112	17
3114	3
3115	4
3116	10
3117	1
3118	1
3119	2
3120	137
3122	4
3123	2
3124	8
3125	2
3126	5
3127	2
3128	19
3130	17
3132	14
3134	3
3135	10
3136	14
3137	2
3138	3
3139	2
3140	28
3142	4
3144	18
3145	6
3146	2
3147	1
3148	7
3149	2
3150	36
3152	16
3154	5
3155	1
3156	7
3157	3
3158	6
3160	28
3161	1
3162	3
3164	13
3165	8
3166	2
3167	1
3168	9
3170	13
3172	8
3174	5
3175	1
3177	1
3178	2
3179	1
3180	42
3181	3
3182	2
3183	2
3184	8
3185	2
3186	3
3188	9
3189	1
3190	10
3191	1
3192	5
3193	1
3194	2
3195	5
3196	7
3197	1
3198	5
3200	7485
3202	21
3204	134
3205	244
3206	46
3208	143
3209	4
3210	976
3212	55
3213	7
3214	36
3215	160
3216	104
3217	5
3218	29
3219	7
3220	1121
3221	8
3222	16
3223	4
3224	68
3225	60
3226	19
3227	3
3228	46
3229	1
3230	435
3231	1
3232	58
3233	3
3234	22
3235	22
3236	30
3237	3
3238	15
3239	2
3240	1217
3241	3
3242	16
3243	3
3244	27
3245	57
3246	21
3247	4
3248	60
3249	2
3250	223
3251	1
3252	38
3253	3
3254	8
3255	39
3256	43
3257	2
3258	14
3259	4
3260	594
3261	2
3262	5
3263	4
3264	34
3265	18
3266	18
3267	4
3268	20
3269	2
3270	169
3271	3
3272	29
3273	2
3274	10
3275	9
3276	28
3277	1
3278	10
3279	2
3280	510
3281	3
3282	16
3283	1
3284	21
3285	27
3286	13
3287	4
3288	34
3290	184
3292	13
3293	2
3294	11
3295	9
3296	28
3297	1
3298	6
3300	258
3301	2
3302	2
3303	2
3304	11
3305	9
3306	10
3307	2
3308	19
3309	3
3310	61
3311	1
3312	27
3314	4
3315	9
3316	13
3317	2
3318	3
3319	1
3320	406
3321	1
3322	8
3323	1
3324	14
3325	10
3326	5
3328	27
3329	1
3330	107
3331	2
3332	15
3334	5
3335	10
3336	25
3337	1
3338	5
3339	2
3340	123
3341	1
3342	7
3343	1
3344	14
3345	8
3346	5
3347	1
3348	12
3349	1
3350	47
3351	2
3352	13
3354	2
3355	2
3356	11
3358	3
3360	280
3361	3
3362	3
3363	3
3364	7
3365	6
3366	3
3367	3
3368	9
3369	2
3370	42
3371	2
3372	9
3373	2
3374	5
3375	7
3376	13
3378	5
3380	171
3381	1
3382	3
3383	1
3384	19
3385	3
3386	3
3388	8
3389	2
3390	42
3391	1
3392	13
3393	3
3394	3
3395	4
3396	12
3397	2
3398	7
3399	2
3400	165
3401	2
3402	5
3403	1
3404	6
3405	7
3406	2
3408	17
3410	30
3411	1
3412	8
3413	1
3414	7
3415	2
3416	10
3418	4
3419	1
3420	67
3422	4
3423	3
3424	4
3425	8
3426	5
3428	5
3429	1
3430	22
3431	3
3432	14
3434	5
3435	7
3436	6
3438	3
3440	185
3441	2
3442	4
3443	2
3444	8
3445	4
3446	2
3448	15
3450	39
3451	1
3452	14
3454	5
3455	2
3456	18
3458	5
3459	2
3460	58
3461	1
3462	5
3464	6
3465	6
3466	7
3467	1
3468	5
3469	1
3470	26
3471	1
3472	6
3473	1
3474	4
3475	1
3476	9
3477	1
3478	3
3479	1
3480	80
3481	1
3482	1
3484	7
3485	4
3486	5
3487	1
3488	4
3489	4
3490	21
3491	2
3492	9
3494	5
3495	4
3496	13
3498	5
3499	1
3500	52
3501	1
3502	7
3504	11
3505	2
3506	3
3507	1
3508	11
3509	1
3510	16
3512	12
3513	1
3514	2
3515	3
3516	15
3517	1
3518	2
3519	1
3520	79
3521	4
3522	5
3524	13
3525	8
3526	6
3527	1
3528	15
3529	1
3530	7
3532	5
3533	1
3534	2
3535	1
3536	10
3537	2
3538	1
3539	1
3540	36
3542	2
3544	10
3546	2
3548	8
3549	3
3550	6
3551	3
3552	12
3554	3
3556	10
3557	1
3558	6
3559	1
3560	80
3561	1
3562	4
3563	2
3564	10
3565	1
3566	4
3567	1
3568	7
3569	2
3570	13
3572	9
3573	1
3574	3
3576	9
3578	4
3580	14
3582	3
3583	1
3584	6
3586	4
3587	1
3588	7
3589	1
3590	9
3591	1
3592	7
3593	1
3594	2
3596	8
3597	2
3598	2
3599	1
3600	1962
3601	1
3602	8
3603	1
3604	29
3605	59
3606	47
3608	49
3610	150
3611	1
3612	44
3614	6
3615	76
3616	40
3618	13
3619	1
3620	178
3621	7
3622	5
3623	4
3624	42
3625	15
3626	6
3627	4
3628	7
3629	2
3630	147
3632	23
3634	4
3635	7
3636	16
3638	5
3639	4
3640	190
3641	2
3642	16
3643	4
3644	10
3645	36
3646	4
3647	2
3648	27
3649	1
3650	38
3651	3
3652	14
3653	2
3654	4
3655	8
3656	8
3658	6
3659	3
3660	212
3662	3
3663	3
3664	10
3665	6
3666	8
3667	3
3668	12
3670	22
3671	1
3672	14
3673	2
3674	5
3675	18
3676	3
3677	1
3678	2
3679	2
3680	173
3681	1
3682	1
3683	2
3684	11
3685	7
3686	2
3688	7
3690	70
3692	9
3694	5
3695	8
3696	14
3698	5
3699	1
3700	66
3701	1
3702	8
3704	10
3705	14
3706	4
3708	8
3710	24
3711	2
3712	10
3714	5
3715	5
3716	6
3717	3
3718	2
3720	162
3721	1
3722	3
3724	8
3725	5
3726	4
3728	11
3729	1
3730	20
3732	6
3734	3
3735	22
3736	6
3738	4
3739	1
3740	35
3743	1
3744	10
3745	3
3746	1
3747	1
3748	2
3750	43
3751	2
3752	4
3754	3
3755	2
3756	6
3758	1
3759	1
3760	64
3761	1
3762	4
3764	3
3765	7
3766	2
3768	10
3770	15
3771	2
3772	2
3774	5
3775	3
3776	9
3778	2
3780	79
3782	1
3784	1
3785	2
3786	1
3788	2
3790	8
3791	1
3792	7
3793	1
3794	1
3795	10
3796	6
3798	2
3800	58
3801	1
3802	2
3804	3
3805	2
3806	2
3808	3
3810	17
3812	4
3814	2
3815	1
3816	11
3818	2
3819	2
3820	19
3822	2
3824	4
3825	4
3826	3
3827	1
3828	3
3830	6
3832	3
3834	1
3835	2
3836	3
3837	1
3838	1
3839	1
3840	417
3841	1
3842	1
3843	1
3844	4
3845	3
3846	8
3847	1
3848	17
3849	1
3850	50
3851	1
3852	13
3853	1
3854	1
3855	15
3856	14
3858	6
3860	56
3862	1
3863	2
3864	8
3865	4
3866	3
3867	1
3868	6
3870	46
3871	1
3872	10
3873	3
3874	1
3875	3
3876	8
3878	2
3879	1
3880	55
3882	5
3883	2
3884	2
3885	5
3886	4
3887	2
3888	8
3890	15
3891	1
3892	5
3893	1
3894	1
3896	5
3897	3
3898	1
3899	1
3900	63
3902	2
3904	3
3906	2
3908	5
3909	1
3910	10
3911	3
3912	5
3914	1
3915	6
3916	4
3918	2
3919	1
3920	58
3921	1
3922	1
3923	1
3924	13
3925	4
3927	1
3928	7
3930	11
3932	5
3934	3
3935	2
3936	13
3937	1
3938	1
3939	1
3940	23
3942	2
3944	7
3945	1
3946	2
3947	4
3948	5
3949	1
3950	8
3952	15
3953	1
3954	4
3955	2
3956	1
3957	1
3958	1
3960	56
3961	1
3962	2
3963	1
3964	7
3965	1
3966	6
3968	5
3970	8
3972	9
3974	2
3975	9
3976	4
3977	1
3978	2
3980	13
3981	1
3982	1
3983	1
3984	8
3985	1
3986	3
3987	1
3988	4
3990	21
3991	1
3992	5
3995	1
3996	2
4000	83
4002	3
4003	2
4004	3
4005	5
4006	2
4007	1
4008	14
4010	8
4012	6
4014	2
4015	4
4016	9
4018	3
4020	29
4024	4
4025	2
4026	2
4027	2
4028	5
4030	1
4031	1
4032	16
4034	1
4035	2
4036	6
4037	2
4038	5
4039	1
4040	17
4042	1
4043	1
4044	4
4045	1
4046	4
4047	1
4048	9
4050	19
4051	1
4052	4
4056	4
4058	3
4059	1
4060	11
4062	3
4064	5
4065	1
4067	1
4068	4
4070	4
4072	12
4074	3
4076	3
4078	1
4080	47
4081	1
4082	1
4084	5
4085	2
4086	3
4087	1
4088	5
4090	5
4092	8
4093	1
4095	5
4096	13
4097	1
4098	1
4099	1
4100	11
4102	3
4104	7
4105	3
4106	2
4107	1
4108	5
4109	1
4110	11
4111	2
4112	3
4114	2
4116	5
4117	1
4118	2
4120	10
4122	5
4124	5
4125	1
4126	2
4128	2
4130	3
4132	2
4133	2
4134	2
4136	5
4138	2
4140	21
4141	1
4142	1
4144	4
4148	4
4149	3
4150	3
4152	4
4154	3
4155	5
4156	7
4157	2
4158	1
4159	1
4160	15
4161	3
4162	3
4163	1
4164	1
4168	5
4169	1
4170	7
4172	1
4174	1
4175	3
4176	7
4178	1
4180	3
4183	1
4184	3
4186	3
4187	1
4188	1
4190	1
4192	1
4194	3
4196	1
4197	1
4200	17
4202	1
4203	1
4204	2
4206	3
4208	1
4210	7
4212	4
4215	2
4216	2
4218	1
4220	3
4223	1
4224	4
4225	1
4226	1
4229	1
4230	2
4234	1
4236	5
4238	1
4239	1
4240	11
4242	3
4244	1
4245	1
4247	1
4248	3
4250	2
4252	2
4254	1
4255	1
4256	6
4260	5
4262	1
4264	3
4266	1
4268	1
4270	3
4272	5
4274	1
4275	1
4276	1
4280	8
4282	1
4284	1
4288	1
4289	1
4290	5
4292	1
4294	2
4295	2
4296	2
4297	2
4300	6
4302	1
4303	1
4304	1
4308	1
4310	3
4312	2
4314	1
4319	1
4320	581
4324	6
4325	9
4326	9
4328	20
4329	2
4330	56
4331	1
4332	19
4333	1
4334	2
4335	44
4336	10
4340	87
4341	5
4342	1
4344	12
4345	3
4346	4
4347	2
4348	6
4350	71
4351	2
4352	8
4354	3
4355	2
4356	10
4358	2
4359	1
4360	61
4362	3
4364	3
4365	12
4366	1
4368	15
4369	2
4370	11
4371	1
4372	7
4373	2
4374	2
4376	4
4377	2
4378	1
4380	71
4381	1
4382	2
4383	2
4384	6
4385	3
4386	2
4388	7
4390	10
4391	1
4392	9
4394	2
4395	6
4396	6
4397	1
4398	8
4399	1
4400	48
4401	1
4402	1
4403	2
4404	9
4405	3
4406	2
4407	2
4408	5
4410	31
4412	3
4413	2
4415	2
4416	8
4418	5
4420	12
4422	2
4423	1
4424	4
4425	1
4426	1
4427	1
4428	9
4429	1
4430	5
4431	2
4432	6
4434	4
4436	1
4438	2
4439	1
4440	57
4441	1
4443	2
4444	8
4446	6
4448	2
4449	1
4450	10
4451	1
4452	4
4453	2
4454	3
4455	9
4456	2
4458	2
4459	5
4460	10
4462	2
4463	2
4464	5
4465	3
4467	1
4468	4
4469	1
4470	9
4472	1
4474	1
4475	2
4476	2
4478	1
4479	2
4480	20
4482	4
4484	2
4485	2
4486	1
4487	1
4488	3
4489	1
4490	5
4492	5
4495	1
4496	4
4497	1
4500	38
4502	1
4504	4
4505	2
4506	3
4507	1
4508	7
4509	2
4510	4
4511	1
4512	3
4513	1
4514	3
4515	2
4516	2
4518	1
4520	17
4523	1
4524	3
4525	1
4528	6
4529	1
4530	6
4532	1
4535	1
4536	3
4538	1
4540	3
4542	1
4543	1
4544	3
4545	1
4548	3
4550	1
4551	1
4554	1
4556	1
4560	31
4565	1
4566	1
4567	1
4568	5
4570	3
4571	1
4572	2
4575	3
4576	3
4578	1
4580	8
4582	1
4584	3
4586	1
4587	1
4588	1
4590	10
4592	1
4594	1
4596	2
4600	9
4602	3
4604	1
4605	1
4606	1
4608	1
4609	1
4610	4
4611	1
4612	1
4614	1
4615	2
4616	3
4618	3
4620	9
4622	1
4623	1
4624	2
4626	1
4628	1
4630	2
4631	1
4634	3
4635	3
4636	2
4637	1
4638	1
4640	12
4642	1
4643	2
4644	5
4645	2
4648	3
4650	5
4651	1
4652	4
4655	2
4656	2
4658	1
4660	4
4662	3
4664	2
4665	3
4666	2
4667	1
4668	2
4670	2
4672	3
4676	4
4678	1
4679	1
4680	15
4683	1
4685	1
4686	4
4688	2
4690	1
4692	4
4695	2
4698	2
4700	5
4702	1
4703	1
4704	6
4705	1
4706	1
4708	3
4710	4
4712	2
4714	1
4716	3
4717	1
4720	2
4722	2
4724	1
4728	3
4729	1
4730	1
4732	1
4734	1
4736	1
4738	1
4740	6
4744	1
4746	1
4748	3
4750	2
4751	1
4752	2
4757	1
4758	2
4760	2
4762	1
4764	3
4768	2
4769	1
4770	2
4773	1
4776	2
4780	2
4782	2
4785	2
4786	1
4788	1
4790	1
4791	1
4792	3
4798	1
4800	3637
4802	6
4804	46
4805	90
4806	59
4808	76
4809	1
4810	452
4812	65
4813	4
4814	10
4815	132
4816	48
4817	4
4818	16
4819	4
4820	504
4821	8
4822	6
4823	4
4824	43
4825	34
4826	14
4827	5
4828	27
4829	2
4830	344
4831	2
4832	32
4833	5
4834	12
4835	12
4836	28
4838	15
4839	1
4840	435
4841	1
4842	22
4843	1
4844	25
4845	51
4846	10
4847	1
4848	26
4849	2
4850	97
4851	1
4852	6
4854	10
4855	16
4856	13
4857	4
4858	7
4860	356
4861	3
4862	6
4863	1
4864	14
4865	12
4866	10
4867	1
4868	2
4869	1
4870	48
4872	22
4873	1
4874	2
4875	22
4876	12
4877	1
4878	7
4880	245
4881	1
4882	3
4883	3
4884	16
4885	8
4886	4
4887	4
4888	9
4890	135
4892	14
4893	4
4894	4
4895	8
4896	21
4898	1
4900	86
4901	3
4902	4
4904	6
4905	11
4906	2
4907	1
4908	6
4910	36
4911	2
4912	12
4913	1
4914	3
4915	6
4916	5
4917	1
4918	2
4920	234
4921	1
4922	4
4923	1
4924	10
4925	4
4926	8
4928	9
4929	2
4930	24
4931	1
4932	8
4935	17
4936	9
4938	4
4939	1
4940	48
4941	1
4942	1
4944	2
4945	2
4946	1
4947	1
4948	8
4950	41
4952	4
4955	2
4956	5
4958	3
4960	97
4962	2
4964	3
4965	9
4966	1
4968	13
4970	12
4971	1
4972	4
4974	3
4975	1
4976	4
4978	1
4980	100
4982	1
4984	5
4985	6
4986	5
4988	3
4989	1
4990	11
4992	2
4994	2
4995	4
4996	6
5000	65
5002	4
5004	2
5005	1
5006	2
5007	1
5008	2
5010	24
5012	3
5013	1
5015	2
5016	7
5017	1
5018	1
5020	21
5022	3
5023	2
5024	5
5025	4
5026	4
5027	1
5028	3
5030	6
5031	1
5032	2
5036	1
5037	2
5038	2
5039	2
5040	119
5042	1
5044	4
5045	3
5046	5
5048	6
5050	14
5052	6
5055	9
5056	6
5059	1
5060	13
5064	6
5066	1
5067	1
5068	2
5070	22
5072	3
5075	1
5076	2
5077	1
5078	2
5080	30
5082	5
5084	1
5085	2
5086	1
5088	6
5090	5
5091	2
5092	2
5093	1
5094	4
5096	2
5098	2
5099	1
5100	38
5101	1
5102	1
5103	1
5104	2
5105	2
5108	2
5109	1
5110	6
5112	3
5115	6
5118	2
5120	34
5122	3
5124	3
5125	2
5126	2
5128	1
5129	1
5130	14
5132	3
5134	2
5135	1
5136	1
5137	1
5139	1
5140	12
5142	4
5144	1
5145	7
5148	2
5150	2
5152	3
5155	1
5156	1
5157	1
5160	46
5162	1
5163	1
5164	2
5168	7
5169	1
5170	4
5171	1
5172	5
5174	2
5175	5
5176	4
5177	1
5178	4
5179	1
5180	3
5183	2
5184	7
5185	1
5186	3
5187	2
5188	2
5190	2
5192	2
5196	2
5198	2
5200	37
5202	1
5204	3
5205	7
5206	2
5208	1
5210	4
5211	1
5212	4
5216	5
5218	1
5220	14
5224	4
5226	4
5230	3
5232	3
5234	2
5236	4
5238	4
5240	15
5241	1
5244	4
5246	1
5248	1
5250	8
5252	2
5253	1
5255	2
5256	3
5258	1
5260	5
5262	2
5264	2
5265	2
5266	1
5268	1
5269	1
5270	4
5272	1
5273	1
5274	1
5278	1
5279	1
5280	41
5283	1
5284	2
5285	1
5286	1
5287	1
5288	8
5290	4
5292	2
5294	2
5295	1
5296	3
5298	3
5300	11
5301	1
5302	1
5304	1
5306	1
5307	1
5310	2
5312	2
5316	2
5320	5
5321	1
5322	2
5324	1
5325	2
5326	1
5328	2
5330	3
5332	1
5334	1
5336	1
5339	1
5340	14
5344	1
5348	2
5350	2
5352	4
5354	1
5355	1
5356	1
5357	1
5358	1
5360	7
5362	2
5367	1
5372	2
5374	1
5378	1
5380	2
5384	2
5385	1
5386	1
5388	1
5390	2
5391	1
5392	1
5396	1
5400	160
5404	2
5406	5
5408	2
5410	5
5412	9
5413	1
5415	10
5416	2
5418	2
5420	10
5422	1
5424	4
5427	1
5428	1
5430	12
5431	1
5434	1
5436	4
5437	1
5440	19
5441	1
5442	1
5445	2
5446	1
5447	1
5448	2
5450	6
5452	1
5454	2
5456	2
5460	27
5463	1
5464	1
5468	1
5469	1
5470	5
5475	2
5476	1
5478	1
5480	14
5481	1
5484	3
5486	1
5488	1
5490	6
5492	2
5496	3
5500	4
5504	1
5505	2
5508	2
5512	2
5516	1
5519	1
5520	25
5521	1
5524	1
5526	2
5528	4
5530	2
5531	1
5532	1
5533	1
5534	1
5535	7
5536	1
5538	1
5540	1
5542	1
5543	1
5544	3
5547	1
5549	1
5550	6
5552	1
5556	1
5560	6
5563	1
5565	1
5566	2
5568	1
5570	2
5576	1
5578	1
5580	6
5584	2
5586	1
5590	1
5592	2
5595	3
5598	1
5600	19
5604	1
5606	2
5608	2
5610	6
5612	1
5616	2
5620	2
5625	1
5626	1
5628	3
5630	4
5634	1
5635	1
5636	2
5640	12
5642	1
5646	1
5650	2
5652	1
5656	2
5657	1
5658	1
5660	2
5662	1
5670	3
5672	1
5674	1
5680	3
5686	1
5688	1
5690	1
5694	1
5698	1
5700	6
5702	1
5706	2
5708	1
5710	1
5712	1
5715	1
5718	1
5720	5
5728	1
5730	2
5733	1
5736	1
5739	1
5740	2
5745	1
5748	1
5755	1
5756	1
5760	232
5764	1
5766	1
5768	8
5770	15
5772	6
5774	4
5775	8
5776	4
5778	1
5779	1
5780	36
5784	6
5785	2
5786	1
5788	7
5790	21
5792	4
5793	1
5794	3
5795	1
5800	29
5804	1
5805	1
5806	2
5808	2
5810	4
5812	1
5814	2
5815	1
5816	6
5817	1
5818	1
5820	18
5824	1
5825	1
5826	1
5830	2
5832	3
5835	2
5836	1
5837	1
5840	9
5844	1
5846	1
5850	6
5852	5
5854	3
5856	5
5858	1
5860	2
5862	1
5866	3
5870	2
5872	1
5874	1
5875	1
5878	1
5879	2
5880	15
5881	1
5882	1
5884	3
5886	2
5888	3
5890	2
5892	2
5897	1
5900	5
5901	1
5902	2
5904	2
5910	3
5912	2
5916	1
5920	5
5921	1
5922	2
5923	1
5924	1
5925	2
5926	1
5930	3
5934	1
5937	1
5940	10
5944	1
5945	2
5946	1
5948	2
5950	1
5954	1
5955	2
5956	1
5957	2
5960	4
5961	1
5962	1
5964	3
5968	1
5970	3
5976	1
5982	1
5989	1
5993	1
6000	28
6002	3
6004	1
6006	1
6008	3
6010	4
6012	1
6016	6
6018	1
6019	1
6020	5
6024	2
6025	3
6026	1
6028	1
6030	6
6032	1
6036	1
6040	4
6047	1
6048	1
6054	1
6055	1
6056	1
6058	1
6060	5
6064	3
6068	1
6070	3
6075	1
6078	2
6079	1
6080	4
6084	1
6088	1
6090	3
6098	1
6100	4
6102	1
6105	1
6106	1
6112	3
6116	1
6118	1
6120	5
6125	1
6126	1
6128	1
6130	3
6132	3
6135	1
6144	1
6149	1
6150	4
6159	1
6160	1
6171	1
6172	1
6175	1
6176	1
6178	1
6180	2
6192	1
6198	3
6200	2
6201	1
6203	1
6206	1
6210	1
6216	1
6220	2
6225	1
6228	1
6230	1
6236	1
6240	4
6248	1
6251	2
6256	1
6264	4
6265	2
6268	1
6270	1
6278	1
6279	1
6280	3
6284	1
6300	1
6306	1
6308	1
6310	1
6312	2
6314	1
6320	3
6322	1
6323	1
6330	1
6350	1
6360	4
6364	1
6365	1
6367	2
6368	1
6372	1
6376	1
6380	1
6385	1
6398	1
6400	1179
6402	2
6404	12
6405	19
6406	8
6407	1
6408	33
6409	1
6410	142
6412	10
6414	9
6415	19
6416	16
6418	5
6419	1
6420	196
6421	3
6423	2
6424	10
6425	5
6426	4
6428	10
6429	1
6430	65
6432	8
6434	3
6435	4
6436	4
6438	2
6440	121
6442	4
6444	5
6445	8
6446	1
6448	5
6450	30
6452	5
6454	4
6455	1
6456	6
6458	3
6460	107
6464	6
6465	1
6466	1
6468	11
6470	24
6472	6
6473	1
6474	1
6475	1
6476	1
6478	3
6480	159
6482	2
6484	4
6485	4
6486	4
6488	10
6490	39
6492	2
6494	1
6495	6
6496	7
6498	4
6500	39
6501	1
6502	1
6504	1
6505	3
6506	2
6508	2
6510	18
6512	8
6515	1
6516	4
6518	3
6520	86
6522	3
6524	3
6525	2
6526	1
6528	6
6530	11
6532	1
6534	2
6535	1
6536	1
6538	1
6540	26
6543	1
6544	8
6545	1
6546	1
6547	1
6548	1
6550	8
6552	2
6555	2
6556	3
6558	1
6560	29
6566	1
6568	1
6569	1
6570	15
6572	1
6576	2
6578	1
6580	30
6581	1
6582	1
6584	3
6585	1
6586	2
6588	1
6590	5
6596	2
6599	1
6600	21
6604	1
6606	1
6608	1
6610	4
6612	2
6615	3
6616	2
6618	1
6620	12
6624	2
6626	1
6627	1
6628	3
6630	3
6636	1
6638	1
6640	39
6641	4
6644	1
6648	2
6650	4
6652	1
6654	1
6655	1
6656	3
6658	1
6659	1
6660	11
6662	1
6664	2
6666	2
6670	3
6672	2
6676	1
6677	1
6678	2
6679	1
6680	8
6685	1
6686	1
6688	1
6692	1
6696	1
6700	6
6702	1
6704	1
6708	1
6712	1
6720	11
6722	1
6726	1
6728	2
6729	1
6730	1
6732	4
6734	1
6735	2
6736	3
6740	4
6744	1
6748	1
6752	1
6756	1
6760	9
6764	1
6768	3
6770	3
6772	1
6776	1
6780	6
6786	1
6790	1
6792	1
6794	1
6800	9
6804	4
6808	2
6810	5
6816	1
6818	1
6820	5
6828	1
6839	1
6840	3
6842	1
6846	1
6850	1
6855	2
6860	4
6866	1
6870	2
6880	11
6882	1
6886	1
6887	1
6890	1
6896	1
6900	4
6909	1
6910	3
6912	2
6920	6
6934	2
6936	1
6940	3
6946	2
6948	1
6956	1
6960	3
6970	1
6976	1
6978	1
6980	2
6982	1
6984	1
6986	1
6990	3
6992	2
7000	6
7008	1
7014	1
7017	1
7020	2
7028	1
7030	1
7034	1
7035	1
7036	1
7040	2
7044	1
7050	1
7058	1
7068	1
7074	1
7080	2
7090	2
7092	1
7104	1
7108	1
7110	1
7120	6
7128	1
7134	1
7140	2
7143	1
7144	1
7148	1
7156	1
7158	1
7160	1
7168	2
7172	2
7184	1
7185	1
7195	1
7197	1
7198	1
7200	686
7202	2
7204	5
7205	18
7206	12
7208	15
7210	70
7212	15
7214	1
7215	35
7216	13
7217	2
7218	6
7220	84
7221	3
7222	2
7223	1
7224	20
7225	6
7226	4
7227	4
7228	7
7230	70
7232	5
7233	1
7234	4
7235	3
7236	7
7237	1
7238	2
7239	3
7240	77
7241	1
7242	7
7244	1
7245	16
7246	1
7248	5
7250	12
7254	3
7255	2
7256	4
7258	1
7260	82
7262	2
7263	2
7264	5
7265	3
7266	2
7268	4
7270	11
7272	6
7274	2
7275	8
7276	3
7278	1
7280	48
7284	4
7285	1
7286	1
7287	2
7288	3
7290	25
7291	1
7292	3
7293	2
7295	1
7296	9
7298	1
7299	3
7300	16
7302	2
7304	2
7305	4
7308	5
7310	5
7311	1
7314	1
7315	2
7316	1
7318	1
7320	51
7322	1
7324	2
7325	1
7326	4
7328	1
7329	1
7330	5
7332	2
7334	2
7335	4
7336	2
7338	2
7340	11
7344	2
7348	2
7350	9
7355	1
7360	28
7364	3
7365	5
7366	1
7370	5
7372	2
7374	2
7378	1
7380	28
7382	2
7384	1
7386	2
7388	2
7390	3
7392	1
7395	2
7396	1
7400	11
7401	1
7402	1
7404	2
7410	7
7415	1
7416	1
7419	1
7420	6
7428	4
7430	2
7432	1
7434	1
7437	2
7440	27
7444	2
7446	1
7450	1
7452	3
7454	1
7455	1
7458	2
7460	4
7464	3
7466	1
7470	14
7472	3
7474	1
7475	1
7476	2
7480	7
7485	1
7488	1
7490	2
7495	1
7499	1
7500	5
7502	1
7505	1
7506	1
7508	1
7510	2
7512	2
7513	1
7515	3
7516	1
7520	6
7522	1
7528	1
7530	4
7540	2
7545	1
7546	1
7550	2
7557	1
7560	12
7563	1
7572	1
7575	1
7576	1
7580	2
7581	1
7584	3
7590	3
7595	2
7600	5
7608	1
7610	2
7616	2
7620	2
7625	1
7630	1
7635	1
7638	1
7640	4
7644	2
7648	1
7650	1
7660	3
7678	1
7680	22
7684	1
7685	1
7688	2
7690	2
7695	1
7696	4
7699	1
7700	6
7704	3
7707	1
7712	2
7713	1
7716	2
7720	1
7728	1
7730	1
7732	1
7734	2
7740	2
7743	1
7744	3
7750	1
7755	1
7756	1
7760	2
7770	1
7771	1
7775	1
7776	1
7780	1
7788	1
7790	1
7796	1
7798	1
7800	12
7818	1
7820	1
7826	2
7830	3
7836	1
7838	1
7840	4
7846	1
7848	1
7850	2
7852	2
7860	2
7864	1
7872	2
7884	1
7885	1
7896	3
7908	1
7920	5
7924	1
7930	1
7932	1
7935	1
7950	2
7960	2
7962	1
7980	3
8000	16
8010	3
8012	1
8013	1
8016	1
8018	1
8020	2
8025	2
8030	1
8034	1
8040	3
8042	1
8044	2
8045	1
8048	1
8050	1
8051	1
8058	1
8063	1
8066	1
8070	2
8072	1
8074	2
8078	1
8080	4
8084	1
8088	1
8090	1
8098	1
8100	11
8108	1
8110	2
8115	1
8116	1
8120	2
8132	1
8150	2
8160	2
8170	1
8172	1
8176	1
8180	3
8192	3
8200	2
8216	1
8220	2
8240	3
8241	1
8247	1
8260	1
8262	1
8280	3
8290	1
8292	1
8298	1
8300	1
8320	1
8330	1
8336	2
8340	6
8344	1
8346	1
8352	1
8370	1
8384	1
8392	1
8400	3
8410	1
8414	1
8416	1
8420	2
8430	1
8448	1
8454	1
8460	2
8464	1
8472	1
8476	1
8480	1
8492	1
8500	2
8510	1
8513	1
8515	1
8542	1
8552	1
8574	1
8588	1
8604	1
8640	62
8646	1
8650	5
8652	1
8655	3
8656	1
8660	5
8661	1
8664	1
8670	3
8680	4
8682	1
8692	1
8700	6
8706	1
8710	1
8712	1
8716	1
8720	3
8724	1
8725	1
8726	1
8730	1
8732	1
8740	2
8742	1
8744	1
8746	2
8750	1
8760	6
8766	1
8768	2
8772	1
8780	2
8783	1
8784	1
8790	1
8800	5
8808	3
8814	1
8820	1
8825	1
8832	1
8839	1
8840	2
8850	1
8862	1
8868	1
8872	1
8875	1
8880	2
8892	1
8900	1
8910	1
8914	1
8920	1
8924	1
8928	1
8940	1
8948	1
8952	1
8960	1
8976	1
8982	1
9000	5
9008	1
9020	1
9030	1
9036	1
9040	2
9041	1
9060	1
9069	1
9080	1
9092	1
9100	1
9102	1
9106	1
9120	4
9124	1
9155	2
9168	1
9172	1
9189	1
9192	1
9210	1
9226	1
9231	1
9389	1
9446	1
9534	1
9570	2
9600	716
9604	7
9605	11
9606	8
9608	17
9610	73
9612	15
9613	1
9614	3
9615	29
9616	11
9618	5
9620	113
9621	1
9622	1
9623	1
9624	7
9625	4
9626	3
9627	2
9628	7
9629	1
9630	58
9631	1
9632	9
9633	1
9635	2
9636	7
9638	2
9639	3
9640	66
9642	2
9644	1
9645	11
9646	1
9648	9
9650	20
9652	5
9653	1
9654	2
9656	4
9658	1
9660	65
9661	1
9662	1
9664	7
9665	1
9666	4
9668	3
9670	6
9672	5
9674	2
9675	3
9676	4
9680	35
9682	2
9685	1
9687	2
9688	1
9689	1
9690	21
9692	4
9694	3
9695	1
9696	2
9698	1
9699	2
9700	22
9702	4
9704	2
9705	4
9708	2
9710	6
9712	1
9720	46
9723	1
9724	5
9725	2
9726	3
9728	3
9730	10
9732	6
9735	2
9736	1
9740	11
9744	3
9745	1
9747	1
9750	6
9752	2
9758	1
9760	14
9762	3
9768	3
9770	4
9771	1
9772	1
9776	2
9777	1
9780	21
9784	2
9786	1
9788	1
9790	2
9792	1
9794	1
9795	2
9798	1
9800	11
9802	1
9803	1
9804	2
9805	1
9806	1
9808	1
9810	2
9812	1
9814	1
9818	2
9820	4
9825	1
9828	1
9830	2
9832	2
9838	1
9840	30
9844	1
9845	1
9848	2
9850	2
9852	1
9855	1
9856	1
9860	1
9864	1
9869	1
9870	7
9878	1
9880	7
9887	2
9890	1
9892	1
9896	1
9900	11
9903	1
9904	1
9910	2
9915	1
9920	4
9928	1
9930	3
9932	1
9938	1
9940	1
9941	1
9958	1
9960	13
9970	1
9972	1
9976	1
9980	3
9982	1
9984	3
9985	1
9987	1
9990	1
9995	1
10000	15
10010	1
10020	2
10030	2
10040	2
10044	1
10048	1
10050	2
10054	1
10064	1
10070	1
10076	1
10080	5
10085	1
10088	1
10100	1
10110	2
10111	1
10120	2
10124	1
10140	7
10160	3
10170	1
10200	6
10208	1
10214	1
10220	1
10230	1
10234	1
10245	1
10248	1
10260	1
10277	1
10280	2
10290	1
10326	1
10332	1
10338	1
10340	1
10344	1
10360	1
10370	1
10398	1
10400	2
10410	1
10420	1
10423	1
10440	1
10497	1
10500	1
10512	1
10520	2
10524	1
10530	1
10532	1
10560	3
10590	2
10600	1
10624	1
10634	1
10665	1
10728	1
10748	1
10770	1
10800	75
10805	1
10806	1
10808	1
10810	7
10812	5
10815	7
10818	1
10820	7
10821	1
10824	1
10826	1
10830	8
10831	1
10840	8
10843	1
10845	1
10848	2
10850	1
10854	1
10855	1
10860	7
10864	1
10868	1
10870	1
10875	2
10876	1
10880	3
10884	1
10886	1
10890	3
10891	1
10896	1
10900	2
10908	2
10910	1
10918	1
10920	4
10923	1
10936	1
10940	3
10950	2
10960	1
10975	2
10980	3
10984	1
10986	1
10994	1
10995	2
11008	1
11018	1
11022	1
11040	7
11042	1
11048	1
11088	1
11104	1
11115	1
11120	1
11130	1
11146	1
11160	1
11180	1
11205	1
11222	1
11228	1
11238	1
11268	1
11272	1
11280	2
11298	1
11300	1
11325	1
11340	2
11348	1
11358	1
11360	1
11396	1
11400	1
11448	1
11487	1
11520	8
11528	2
11544	1
11604	1
11608	1
11640	1
11642	1
11662	1
11665	1
11679	1
11725	1
11744	1
11760	1
11810	1
11865	1
11872	1
11902	1
11910	1
11923	1
12000	6
12006	1
12016	1
12022	1
12028	1
12033	1
12039	1
12068	1
12072	1
12080	1
12096	2
12118	1
12135	1
12144	1
12216	1
12220	1
12252	1
12264	1
12284	1
12312	1
12330	1
12337	1
12463	1
12522	1
12526	1
12800	85
12804	1
12805	1
12808	4
12809	1
12810	11
12812	1
12814	1
12815	1
12816	5
12818	1
12820	15
12824	2
12828	3
12830	9
12832	1
12836	3
12840	6
12845	1
12850	4
12852	1
12856	2
12858	1
12860	11
12872	1
12880	9
12882	1
12886	1
12890	3
12896	2
12900	3
12908	2
12912	3
12920	8
12928	1
12930	1
12932	1
12936	1
12940	3
12944	1
12948	1
12950	1
12960	9
12964	1
12980	3
12988	1
12996	1
13000	5
13004	1
13006	1
13010	1
13012	1
13019	1
13020	2
13022	1
13040	1
13059	1
13060	1
13063	1
13064	1
13074	1
13076	1
13080	3
13098	1
13100	2
13122	1
13160	1
13215	1
13232	1
13254	1
13290	1
13300	1
13400	2
13440	1
13528	2
13540	1
13580	1
13600	1
13610	1
13620	1
13652	1
13729	1
13964	1
14009	1
14064	1
14125	1
14370	1
14396	1
14400	194
14404	2
14405	4
14406	3
14408	5
14410	18
14412	2
14413	1
14415	8
14416	5
14418	1
14419	1
14420	19
14421	1
14423	1
14424	2
14426	1
14427	1
14428	4
14430	21
14432	5
14436	1
14438	2
14440	16
14444	2
14445	7
14446	1
14448	3
14450	4
14452	3
14454	2
14455	1
14456	2
14460	22
14466	2
14468	1
14470	2
14472	1
14475	1
14480	13
14490	4
14496	3
14500	4
14502	3
14505	1
14506	1
14510	4
14520	12
14526	1
14528	2
14530	2
14532	3
14535	2
14538	1
14540	2
14543	1
14550	2
14555	1
14560	5
14562	2
14568	1
14570	2
14580	9
14584	1
14595	2
14600	5
14602	1
14610	1
14612	1
14615	1
14619	1
14620	1
14636	1
14640	4
14650	1
14670	2
14676	1
14680	1
14696	1
14700	5
14708	1
14720	2
14724	1
14740	1
14748	1
14760	4
14772	1
14800	2
14804	1
14805	1
14809	1
14850	1
14865	1
14886	1
14888	1
14900	1
14906	1
14919	1
14923	1
14937	1
14940	1
14964	1
14976	1
14980	1
15008	1
15058	1
15060	1
15128	1
15150	1
15180	1
15200	1
15220	1
15232	1
15248	1
15400	2
15608	1
15628	1
15750	1
16000	2
16016	1
16200	4
16220	1
16230	1
16252	1
16260	1
16278	1
16290	1
16315	1
16320	1
16344	1
16356	1
16414	1
16500	1
16512	1
16537	1
16667	1
16680	1
16980	1
17280	2
17320	1
17334	1
17456	1
17460	1
17556	1
17558	1
17910	1
18000	3
18110	1
18152	1
18168	1
18250	1
18344	1
18388	1
18408	1
18449	1
18455	1
18488	1
18608	1
18740	1
18782	1
19200	48
19208	5
19210	6
19212	1
19215	4
19220	12
19222	1
19230	3
19238	1
19240	5
19242	1
19244	1
19245	1
19248	1
19250	1
19252	1
19254	2
19260	9
19266	1
19268	1
19270	1
19280	4
19289	1
19290	1
19295	1
19296	1
19300	1
19304	1
19313	1
19320	2
19322	1
19324	1
19330	1
19344	1
19350	1
19360	2
19362	2
19380	3
19400	2
19420	1
19426	1
19461	1
19470	1
19480	1
19502	1
19520	1
19552	1
19560	2
19570	1
19580	1
19600	1
19614	1
19632	1
19660	1
19672	1
19674	1
19710	1
19720	2
19722	1
19724	1
19968	1
19978	1
20056	1
20220	1
20579	1
20688	1
20702	1
21600	28
21606	1
21610	3
21612	1
21615	4
21624	1
21630	1
21640	6
21642	1
21645	2
21646	1
21650	2
21660	2
21672	1
21680	5
21694	1
21708	1
21720	1
21732	1
21736	1
21740	1
21765	2
21780	1
21810	1
21820	1
21824	1
21825	1
21902	1
21960	1
22002	1
22050	1
22112	1
22368	1
24000	4
24080	1
24099	1
24320	1
24409	1
24725	1
25600	2
25628	1
25700	1
25742	1
26445	1
27482	1
28800	17
28810	1
28816	1
28820	1
28830	3
28840	1
28845	1
28848	1
28860	1
28872	1
28920	1
28922	1
28928	1
28930	1
28959	1
28960	1
28974	1
29032	1
29040	1
29060	1
29082	1
29095	1
29140	2
29204	1
29218	1
29312	1
29329	1
29386	1
29560	1
31107	1
32400	3
32420	1
32460	1
32472	1
32480	1
32560	1
32780	1
35036	1
36000	1
36165	1
36230	1
36792	1
38400	3
39124	1
39173	1
43200	2
43209	1
43250	1
43263	1
43270	1
43445	1
44100	1
46079	1
57600	2
57630	1
64800	1
86480	1
102033	1
