Pay	Frequency
0	802165443
2	13498331
4	25201708
5	6945787
6	4390357
7	770412
8	22791268
9	92527
10	14374712
11	68416
12	8694520
13	26435
14	1848623
15	1636824
16	10877410
17	21653
18	1855954
19	24052
20	18726508
21	358930
22	249000
23	14665
24	6142500
25	321115
26	106402
27	80590
28	1496869
29	3710
30	4540014
31	3561
32	2824708
33	102638
34	79394
35	71854
36	1842029
37	2375
38	70485
39	31636
40	13724085
41	386
42	684068
43	759
44	262630
45	498641
46	37774
47	2864
48	2166987
49	2083
50	538215
51	21383
52	133040
53	1231
54	297846
55	34758
56	516441
57	36306
58	10141
59	88
60	4712831
61	372
62	24521
63	31129
64	531094
65	57449
66	125703
67	509
68	89400
69	23779
70	145873
71	70
72	699361
73	58
74	10641
75	23753
76	62023
77	91
78	73549
79	271
80	6311820
81	5971
82	20945
83	25
84	324013
85	78241
86	3586
87	5717
88	118007
89	213
90	742474
91	20
92	25301
93	6881
94	7057
95	14617
96	446568
97	89
98	5801
99	1526
100	582557
101	137
102	52614
103	48
104	52965
105	9809
106	2415
107	26
108	112566
109	11
110	53608
111	3284
112	98362
113	9
114	32396
115	1733
116	7853
117	2037
118	334
119	1
120	3195459
121	6
122	9462
123	526
124	34063
125	38763
126	52497
127	180
128	82481
129	1936
130	73692
131	18
132	46676
133	19
134	1292
135	36459
136	28733
137	54
138	10617
139	42
140	105747
141	2991
142	246
143	21
144	211860
145	1229
146	1105
147	2686
148	14482
149	12
150	73917
151	31
152	25845
153	594
154	319
155	1132
156	25760
157	3
158	746
159	1497
160	1974575
161	2
162	12028
164	29736
165	21569
166	369
167	106
168	71879
169	36
170	54635
171	496
172	3856
173	10
174	4460
175	2748
176	18606
177	264
178	316
179	4
180	615600
181	8
182	1184
183	432
184	9180
185	5425
186	12623
187	20
188	4425
189	1115
190	16947
191	4
192	64043
193	2
194	286
195	3129
196	4430
197	6
198	4319
199	3
200	573278
201	897
202	1604
204	12519
205	7202
206	239
207	265
208	10841
209	16
210	20868
211	2
212	1101
213	167
214	84
215	1237
216	43362
217	6
218	51
219	51
220	35313
221	6
222	8277
223	4
224	11011
225	830
226	15
228	11766
229	1
230	2836
231	92
232	2042
234	2836
235	123
236	245
237	677
238	18
240	1494156
242	3681
243	79
244	14680
245	15067
246	10723
247	62
248	13293
249	84
250	32956
251	5
252	19031
253	4
254	377
255	4211
256	9802
257	12
258	1953
259	4
260	37154
261	354
262	49
263	2
264	7161
265	232
266	54
267	166
268	660
269	1
270	55548
272	3832
273	60
274	160
275	369
276	2687
277	1
278	81
279	66
280	32447
282	2025
284	180
285	1065
286	33
287	2
288	33713
290	1740
291	171
292	2073
293	4
294	2326
295	89
296	4377
297	48
298	35
300	103816
301	1
302	260
303	72
304	4884
305	538
306	1047
307	5
308	355
309	115
310	2314
312	3209
314	21
315	357
316	404
318	371
320	426013
321	28
322	1013
324	9635
325	2473
326	30
327	23
328	5934
329	8
330	12839
332	489
333	22
334	154
335	314
336	8898
337	1
338	74
339	7
340	13839
341	2
342	335
343	1
344	885
345	110
346	16
348	711
350	1850
351	19
352	1640
354	99
355	18
356	80
357	3
358	9
360	357240
362	659
363	2
364	2026
365	3089
366	5481
367	11
368	2234
369	10
370	5735
371	1
372	5140
373	1
374	63
375	1854
376	1066
378	1720
379	1
380	8514
381	213
382	7
384	5866
385	40
386	4
387	70
388	220
390	3438
392	914
393	15
394	4
395	65
396	584
398	1
399	12
400	474989
402	1685
404	3086
405	8692
406	121
407	18
408	3056
409	10
410	11425
411	43
412	287
413	5
414	118
415	1004
416	1264
417	37
418	24
419	1
420	15923
422	14
423	20
424	310
425	106
426	63
428	69
429	26
430	1922
432	8814
434	8
435	87
436	91
438	1281
440	12517
441	3
442	11
444	1756
445	125
446	2
447	11
448	805
450	6531
452	21
453	70
454	7
455	15
456	932
458	6
459	8
460	2398
462	146
464	195
465	76
468	211
470	249
471	3
472	59
474	78
475	13
476	3
477	3
480	471722
482	1013
484	5656
485	3304
486	2960
487	10
488	4507
489	8
490	10210
491	1
492	2167
493	1
494	101
495	1111
496	1987
498	240
499	1
500	10425
501	74
502	7
504	2657
505	39
506	5
507	32
508	143
510	2478
512	857
513	1
514	14
515	15
516	193
518	8
519	17
520	8343
522	78
524	42
525	204
526	3
528	353
530	227
531	6
532	10
534	26
535	7
536	79
537	7
540	42151
542	52
543	3
544	282
545	227
546	818
548	70
549	5
550	398
552	706
553	1
554	2
555	309
556	32
558	89
560	4294
561	35
562	1
564	299
565	6
567	36
568	29
570	896
572	10
573	4
575	4
576	3182
578	2
579	1
580	857
582	119
584	466
585	70
586	1
588	167
590	28
591	2
592	593
594	30
595	3
596	11
597	8
598	1
600	110639
602	191
603	2
604	495
605	998
606	805
607	5
608	611
609	1
610	1748
611	1
612	768
613	2
614	11
615	394
616	183
618	70
620	2466
621	20
624	415
625	11
627	11
628	9
630	757
632	41
634	2
635	8
636	76
637	1
640	58120
642	110
644	1310
645	227
646	2
647	1
648	1683
650	1322
651	2
652	39
654	69
655	14
656	465
657	2
658	8
659	1
660	2589
663	5
664	68
665	5
666	30
668	36
669	2
670	157
672	625
675	22
676	5
678	16
680	1878
681	1
682	1
684	31
685	4
687	1
688	57
690	168
692	3
695	2
696	34
700	344
702	4
704	50
705	6
708	7
710	4
712	7
714	3
715	2
716	3
720	142958
722	240
724	1067
725	865
726	2323
727	8
728	816
730	2355
732	1585
734	26
735	788
736	312
738	174
740	2299
741	68
742	4
744	516
745	8
746	1
747	22
748	28
750	1187
752	104
754	4
755	4
756	403
759	3
760	2023
762	52
764	7
765	143
766	1
768	386
770	47
771	5
772	4
774	10
775	3
776	48
777	1
778	1
780	1151
783	4
784	51
786	15
788	4
790	14
792	52
795	17
796	1
798	2
800	271358
802	777
804	2470
805	3255
806	43
807	20
808	1757
809	7
810	8812
811	1
812	183
813	1
814	72
815	421
816	633
817	4
818	18
820	6448
822	36
824	117
825	53
826	7
828	74
830	1038
831	1
832	129
834	11
835	8
836	12
837	1
838	4
840	5305
842	8
844	24
845	41
846	17
848	60
850	150
852	10
854	1
855	23
856	22
858	6
860	1030
861	2
862	2
864	1256
865	4
868	7
870	179
872	20
874	1
875	2
876	96
879	1
880	2302
882	23
884	9
885	12
888	58
890	106
894	8
895	3
896	46
900	10423
902	17
904	29
905	20
906	102
908	20
909	1
910	110
912	124
915	27
916	4
918	8
920	970
921	3
924	46
926	1
927	1
928	5
930	93
932	2
935	4
936	16
940	171
942	4
944	7
945	3
948	9
950	10
954	4
960	94829
962	156
964	1462
965	361
966	551
967	8
968	1199
969	1
970	1913
972	327
974	19
975	167
976	421
978	35
980	2036
981	11
982	2
984	146
985	4
986	1
987	4
988	21
990	385
992	143
994	2
996	30
1000	1499
1002	10
1004	3
1005	24
1008	190
1010	30
1014	2
1016	16
1020	454
1023	1
1024	20
1026	2
1028	2
1030	4
1032	14
1035	7
1036	1
1038	1
1040	782
1044	1
1048	8
1050	56
1052	1
1056	9
1060	72
1062	2
1064	1
1065	1
1068	1
1070	3
1072	2
1080	20750
1082	27
1084	107
1085	98
1086	462
1088	59
1090	230
1092	313
1095	187
1096	14
1098	27
1100	210
1101	20
1104	84
1105	2
1107	5
1110	244
1112	3
1116	21
1119	1
1120	328
1122	7
1124	1
1125	25
1128	16
1130	5
1132	1
1134	24
1136	2
1140	262
1143	1
1144	1
1146	3
1150	3
1152	319
1155	3
1156	1
1158	4
1160	175
1164	3
1168	22
1170	49
1172	2
1176	14
1180	7
1184	12
1188	3
1192	4
1200	80018
1202	176
1204	434
1205	789
1206	787
1207	6
1208	319
1209	2
1210	1379
1212	708
1214	11
1215	390
1216	81
1217	1
1218	61
1220	1383
1221	22
1222	1
1224	243
1225	9
1226	1
1227	9
1228	6
1230	472
1232	28
1233	1
1234	4
1235	3
1236	47
1239	4
1240	1085
1242	26
1244	8
1245	48
1248	43
1250	30
1251	2
1254	6
1256	5
1260	557
1262	1
1263	1
1264	3
1265	1
1266	10
1270	2
1272	15
1275	3
1276	1
1280	4265
1284	102
1285	2
1288	124
1290	190
1292	5
1294	1
1296	280
1298	1
1300	106
1302	4
1304	7
1305	3
1306	1
1308	12
1310	4
1312	19
1316	1
1320	407
1324	2
1326	3
1328	3
1330	4
1332	1
1335	11
1336	3
1338	1
1340	17
1344	16
1350	387
1352	2
1354	1
1356	9
1360	148
1362	7
1364	2
1368	2
1370	9
1374	2
1376	3
1380	86
1384	1
1386	2
1390	4
1392	3
1395	5
1398	1
1400	62
1408	1
1410	11
1416	4
1420	2
1424	1
1430	2
1440	37131
1442	50
1444	386
1445	144
1446	622
1448	278
1450	533
1452	409
1454	3
1455	180
1456	106
1458	30
1460	511
1461	16
1464	102
1465	3
1467	6
1468	6
1470	279
1472	18
1475	1
1476	24
1478	1
1479	1
1480	324
1482	8
1484	1
1485	24
1488	19
1490	11
1491	1
1496	3
1500	265
1503	1
1504	5
1506	3
1510	3
1512	37
1515	4
1518	1
1520	145
1524	3
1528	3
1530	35
1536	26
1540	17
1542	1
1544	1
1560	134
1572	1
1575	2
1584	1
1590	3
1600	98926
1602	236
1604	1173
1605	782
1606	6
1607	1
1608	876
1609	1
1610	2149
1612	71
1614	21
1615	110
1616	322
1617	1
1618	7
1620	3889
1621	1
1624	56
1625	17
1626	47
1628	26
1630	330
1632	99
1634	2
1635	17
1636	6
1638	3
1640	1616
1641	1
1642	1
1644	12
1645	8
1647	1
1648	19
1650	65
1652	2
1655	1
1656	7
1660	378
1662	1
1664	8
1665	1
1668	2
1670	8
1671	1
1672	2
1680	710
1684	1
1685	1
1688	1
1690	30
1692	1
1696	9
1700	68
1704	1
1710	6
1712	1
1720	220
1728	183
1730	2
1732	5
1734	2
1735	1
1736	1
1740	33
1744	4
1750	1
1760	193
1764	3
1770	7
1776	1
1780	26
1788	1
1790	1
1792	1
1800	9679
1802	16
1804	34
1805	51
1806	168
1808	23
1809	1
1810	90
1812	123
1814	1
1815	53
1816	11
1818	10
1820	130
1821	4
1824	39
1825	1
1827	3
1830	83
1832	4
1833	1
1836	7
1840	170
1842	1
1845	8
1848	7
1850	2
1854	1
1860	104
1864	1
1866	3
1872	6
1875	1
1880	27
1890	15
1896	1
1900	9
1902	2
1920	10724
1922	4
1924	246
1925	13
1926	47
1928	190
1930	208
1932	25
1934	1
1935	4
1936	77
1940	237
1941	3
1944	44
1945	1
1947	1
1948	4
1950	31
1952	10
1954	1
1956	6
1958	1
1960	135
1964	1
1965	4
1968	10
1970	2
1980	34
1983	1
1984	6
2000	143
2004	2
2010	8
2016	5
2020	11
2024	1
2025	1
2030	1
2032	2
2035	1
2040	36
2052	1
2080	28
2090	2
2100	8
2120	10
2130	1
2140	2
2144	1
2160	6598
2162	8
2164	28
2165	16
2166	171
2168	39
2170	72
2172	99
2175	65
2176	6
2178	12
2180	49
2181	2
2184	22
2187	2
2188	1
2190	67
2196	7
2200	33
2202	2
2205	4
2208	3
2210	1
2212	1
2220	54
2226	1
2232	1
2235	1
2240	16
2250	17
2268	10
2274	2
2280	28
2292	1
2295	1
2304	29
2310	2
2312	1
2320	13
2340	10
2400	37293
2402	67
2404	280
2405	261
2406	455
2407	1
2408	221
2410	649
2412	341
2414	6
2415	187
2416	68
2418	24
2420	652
2421	4
2424	86
2427	3
2428	2
2430	346
2432	10
2436	14
2439	1
2440	427
2442	8
2444	4
2445	17
2448	21
2450	15
2451	2
2454	2
2456	1
2457	1
2460	229
2464	2
2465	1
2466	2
2469	1
2470	3
2472	11
2475	1
2478	1
2480	189
2484	2
2485	1
2488	1
2490	48
2496	3
2500	11
2505	1
2510	2
2512	1
2520	120
2526	3
2530	1
2535	2
2540	2
2550	11
2560	118
2564	1
2568	7
2570	1
2576	3
2580	33
2592	37
2596	1
2600	12
2604	1
2607	1
2624	1
2640	35
2652	1
2655	2
2670	7
2676	1
2700	611
2702	1
2704	2
2706	14
2708	1
2710	2
2712	10
2715	3
2718	1
2720	15
2724	1
2730	8
2740	3
2760	26
2766	1
2780	1
2790	1
2800	6
2820	7
2850	2
2860	1
2880	5413
2882	3
2884	80
2885	6
2886	104
2888	76
2890	82
2892	46
2895	22
2896	25
2898	2
2900	79
2901	3
2904	9
2907	1
2908	1
2910	28
2912	11
2916	5
2920	32
2924	1
2925	3
2928	2
2930	2
2940	31
2944	1
2950	1
2952	1
2960	5
2990	1
3000	51
3010	1
3012	2
3015	1
3020	3
3024	1
3030	1
3032	1
3040	2
3060	3
3072	1
3080	3
3120	4
3135	1
3200	22403
3202	27
3204	343
3205	118
3206	1
3208	266
3210	476
3212	17
3214	7
3215	15
3216	101
3220	530
3223	1
3224	8
3225	2
3228	5
3230	53
3232	18
3236	2
3240	963
3242	1
3244	1
3245	1
3246	25
3248	2
3250	13
3252	9
3255	15
3256	1
3260	77
3264	9
3270	12
3272	1
3280	155
3285	1
3288	2
3290	4
3296	2
3300	17
3310	1
3312	1
3316	1
3320	28
3330	1
3336	1
3360	27
3380	5
3388	1
3400	10
3402	1
3416	1
3420	1
3440	16
3450	1
3456	18
3464	1
3480	4
3496	1
3500	2
3520	4
3560	2
3600	5551
3602	12
3604	21
3605	33
3606	122
3608	16
3610	54
3612	91
3614	1
3615	48
3616	5
3618	7
3620	57
3621	5
3624	26
3625	1
3627	1
3630	60
3632	1
3636	3
3639	1
3640	43
3642	2
3645	6
3648	2
3650	1
3651	1
3660	58
3666	1
3675	2
3680	30
3690	10
3700	2
3705	1
3720	24
3726	1
3744	3
3760	3
3770	1
3776	1
3780	9
3800	3
3840	640
3844	8
3846	2
3848	19
3850	14
3854	1
3855	1
3856	10
3860	5
3864	2
3872	1
3880	8
3888	6
3900	1
3920	1
3930	1
3960	3
4000	44
4004	2
4008	1
4010	4
4020	4
4035	2
4040	3
4045	1
4050	17
4320	1191
4324	7
4326	50
4328	12
4330	14
4332	16
4335	14
4336	2
4338	1
4340	9
4341	4
4344	2
4350	10
4352	1
4360	5
4368	2
4370	1
4380	9
4386	1
4395	1
4400	1
4500	4
4506	1
4636	1
4680	1
4800	10671
4802	7
4804	123
4805	44
4806	157
4808	82
4810	170
4811	1
4812	96
4814	1
4815	39
4816	27
4818	8
4820	188
4821	5
4824	20
4825	1
4828	1
4830	65
4832	6
4835	1
4836	10
4839	1
4840	103
4842	1
4845	8
4848	5
4850	2
4860	102
4863	1
4864	4
4866	2
4870	1
4880	39
4884	1
4890	7
4896	1
4900	3
4902	1
4920	29
4935	2
4960	9
4968	1
4980	5
5000	2
5040	2
5060	1
5100	2
5160	1
5184	3
5200	1
5280	1
5400	414
5406	11
5408	1
5410	2
5412	11
5415	5
5420	2
5430	9
5436	1
5460	4
5520	2
5580	2
5640	1
5760	398
5764	11
5766	8
5768	6
5770	5
5772	4
5775	1
5776	6
5780	3
5790	2
5792	3
5796	1
5800	3
5820	2
6000	13
6010	3
6090	1
6105	1
6400	2910
6404	47
6405	4
6408	60
6410	58
6412	3
6414	2
6416	20
6420	65
6424	3
6430	5
6432	6
6436	2
6440	36
6456	1
6460	9
6464	2
6470	1
6480	149
6484	1
6486	1
6490	2
6492	1
6495	1
6496	1
6500	1
6510	4
6520	5
6544	1
6560	2
6580	2
6600	1
6640	1
6720	2
6880	1
6912	2
7200	2043
7202	2
7204	9
7205	5
7206	53
7208	9
7210	27
7212	30
7215	18
7216	2
7218	2
7220	17
7224	5
7227	1
7230	24
7236	2
7240	14
7245	4
7248	2
7250	1
7260	16
7280	5
7290	4
7320	5
7360	1
7380	3
7440	4
7500	1
7680	15
7690	1
7776	1
8000	7
8004	1
8020	1
8060	1
8090	1
8100	26
8106	1
8112	1
8640	88
8646	2
8648	3
8650	2
8700	1
9600	1663
9604	20
9605	5
9606	17
9608	24
9610	32
9612	16
9614	1
9615	6
9616	6
9618	1
9620	18
9624	4
9630	6
9632	4
9634	1
9640	13
9660	5
9664	1
9680	7
9690	1
9720	10
9725	1
9726	1
9730	1
9735	1
9780	1
9960	1
9975	1
10800	184
10806	5
10812	1
10815	3
10830	3
10860	2
11040	1
11520	5
11528	1
12000	1
12020	1
12150	1
12800	201
12804	4
12808	9
12810	5
12820	2
12840	3
12880	1
12928	1
12960	19
13500	1
14400	400
14404	4
14406	10
14408	3
14410	4
14412	2
14415	2
14416	1
14418	2
14420	7
14424	2
14430	4
14440	3
14442	1
14448	2
14460	3
14520	1
14580	1
14700	1
16000	2
16010	1
16200	10
16240	1
16260	1
17280	1
17310	1
19200	145
19206	4
19208	4
19210	5
19216	2
19224	1
19230	1
19260	2
19280	1
19440	1
21600	49
21606	3
21610	1
21615	1
21840	1
24300	1
25600	5
28800	26
28820	1
28830	1
32400	5
32415	1
38400	3
43200	1
43210	1
57600	1
