Pay	Frequency
0	802165443
2	8115698
4	14770151
5	5591205
6	2980447
7	502149
8	12827638
9	178608
10	11593968
11	88323
12	5583140
13	100820
14	1995727
15	1469626
16	6543387
17	60158
18	1781062
19	75286
20	15283932
21	267734
22	967526
23	79258
24	4344865
25	945092
26	823450
27	99246
28	2281137
29	78702
30	4502725
31	53761
32	2707072
33	100954
34	741619
35	306680
36	2070806
37	59963
38	650335
39	61536
40	11697816
41	43969
42	966319
43	35089
44	1405176
45	1018220
46	549185
47	43557
48	2169251
49	60018
50	2045266
51	42397
52	1055890
53	63637
54	627330
55	273204
56	1277407
57	59158
58	455216
59	33812
60	4908126
61	46759
62	438404
63	50391
64	1158586
65	349802
66	477921
67	30114
68	843421
69	50857
70	1072358
71	31220
72	1153048
73	32244
74	351268
75	154527
76	702992
77	32838
78	370740
79	28490
80	5713861
81	33278
82	351094
83	26310
84	872185
85	450922
86	293449
87	34772
88	780822
89	30570
90	1431694
91	25500
92	551832
93	34805
94	275838
95	179201
96	795294
97	23807
98	270577
99	26597
100	1632258
101	25351
102	271004
103	22421
104	549799
105	146064
106	229806
107	20330
108	499945
109	21123
110	597156
111	21883
112	495435
113	18695
114	231702
115	79062
116	379738
117	21521
118	185885
119	17017
120	3032438
121	15128
122	200092
123	18941
124	401493
125	228014
126	224640
127	16894
128	448257
129	20528
130	591162
131	15222
132	357783
133	17691
134	159271
135	116206
136	355172
137	13927
138	171302
139	15373
140	802354
141	18789
142	137715
143	15527
144	427071
145	73566
146	142784
147	16490
148	270498
149	13946
150	372818
151	13161
152	291476
153	14145
154	123689
155	48418
156	253461
157	11757
158	120007
159	13905
160	1911468
161	10930
162	140993
163	11267
164	261257
165	147265
166	115685
167	12388
168	310530
169	12599
170	408553
171	11941
172	202780
173	12019
174	113754
175	68410
176	227043
177	11664
178	100641
179	10502
180	901643
181	10636
182	92799
183	11220
184	209390
185	68520
186	104077
187	9532
188	176001
189	11430
190	258247
191	8739
192	218929
193	8858
194	84181
195	42339
196	155122
197	8367
198	89178
199	8288
200	840321
201	9220
202	79798
203	7946
204	164016
205	63123
206	72557
207	8992
208	164842
209	7750
210	221591
211	7378
212	127493
213	8509
214	66836
215	32109
216	168115
217	6797
218	66758
219	7382
220	340630
221	6772
222	71416
223	6613
224	135720
225	29896
226	60149
227	6221
228	121720
229	6230
230	127578
231	6443
232	117072
233	6005
234	61068
235	18788
236	97590
237	6598
238	52618
239	5571
240	1290064
241	5174
242	60070
243	5852
244	126594
245	90362
246	68516
247	5920
248	135022
249	7332
250	232460
251	5269
252	115291
253	6197
254	50799
255	42371
256	110473
257	5213
258	55485
259	5262
260	299016
261	6848
262	44290
263	5234
264	104974
265	27999
266	43925
267	5949
268	79126
269	4967
270	168806
271	4490
272	85277
273	5104
274	41319
275	18524
276	77143
277	4398
278	40175
279	4948
280	258981
281	4160
282	43017
283	3921
284	67139
285	27076
286	36337
287	3889
288	96591
289	4082
290	93337
291	4244
292	62615
293	4208
294	38451
295	15002
296	69940
297	4280
298	33486
299	3525
300	231669
301	3652
302	32132
303	3884
304	67657
305	15877
306	35070
307	3210
308	55989
309	3879
310	71388
311	3100
312	65068
313	3311
314	28851
315	11358
316	50127
317	3134
318	30290
319	2853
320	430782
321	3528
322	29421
323	2977
324	65344
325	27507
326	29282
327	3553
328	64163
329	3479
330	105472
331	2689
332	49043
333	3520
334	25682
335	15371
336	59319
337	2849
338	26018
339	3063
340	139109
341	2997
342	25686
343	2613
344	48613
345	12959
346	23062
347	2607
348	43450
349	2540
350	62865
351	2664
352	43060
353	2514
354	23201
355	8560
356	36860
357	2685
358	20637
359	2408
360	364538
361	2353
362	21782
363	2427
364	42164
365	25536
366	26735
367	2265
368	48128
369	2775
370	71408
371	2253
372	42022
373	2371
374	19288
375	14699
376	40251
377	2194
378	22161
379	2013
380	107533
381	2809
382	17495
383	2330
384	42657
385	9215
386	17688
387	2518
388	31148
389	2026
390	51091
391	1906
392	33720
393	2179
394	16165
395	6180
396	31195
397	1849
398	16075
399	2125
400	436108
401	1696
402	20940
403	1767
404	35907
405	31761
406	15998
407	2063
408	40471
409	2111
410	73409
411	1925
412	27022
413	2140
414	16115
415	11323
416	30813
417	2079
418	14723
419	1640
420	110216
421	1862
422	13437
423	1824
424	27712
425	8510
426	14421
427	1555
428	23469
429	1856
430	40349
431	1464
432	31553
433	1520
434	12412
435	6241
436	21731
437	1501
438	13434
439	1449
440	98782
441	1554
442	11690
443	1413
444	23497
445	8348
446	11167
447	1602
448	24649
449	1439
450	39151
451	1282
452	19034
453	1523
454	10648
455	5166
456	22861
457	1294
458	10678
459	1408
460	54176
461	1280
462	11098
463	1165
464	20003
465	5364
466	9820
467	1113
468	18737
469	1195
470	22590
471	1268
472	18325
473	1228
474	9847
475	3351
476	15806
477	1295
478	8766
479	1005
480	379716
481	1134
482	11579
483	1162
484	27876
485	23798
486	15048
487	1243
488	29955
489	1658
490	65273
491	1066
492	23157
493	1390
494	9926
495	13050
496	22372
497	1181
498	11358
499	1241
500	78529
501	1656
502	8376
503	1199
504	22253
505	7798
506	8675
507	1538
508	15507
509	1155
510	40511
511	1041
512	16859
513	1234
514	8147
515	5163
516	15678
517	1009
518	8107
519	1216
520	71896
521	909
522	8802
523	880
524	13632
525	8105
526	7322
527	879
528	16844
529	985
530	25384
531	1005
532	11949
533	976
534	7743
535	4178
536	13253
537	1076
538	6893
539	767
540	75124
541	855
542	6442
543	918
544	13535
545	5184
546	8031
547	784
548	12179
549	959
550	20062
551	761
552	13937
553	781
554	6127
555	3895
556	10659
557	758
558	6673
559	684
560	48084
561	900
562	5654
563	731
564	11511
565	3941
566	5459
567	897
568	11587
569	680
570	21810
571	645
572	9413
573	800
574	5285
575	2597
576	13129
577	681
578	5402
579	765
580	29047
581	627
582	5793
583	648
584	10281
585	2931
586	4977
587	634
588	9546
589	603
590	12431
591	687
592	9662
593	622
594	5143
595	1641
596	8206
597	701
598	4587
599	549
600	113114
601	578
602	5192
603	597
604	9897
605	5892
606	6119
607	533
608	11406
609	664
610	18249
611	507
612	9977
613	681
614	4334
615	3485
616	9537
617	523
618	4915
619	537
620	28228
621	750
622	4025
623	559
624	9816
625	2068
626	4098
627	700
628	7530
629	510
630	12966
631	471
632	7954
633	544
634	3932
635	1440
636	7528
637	462
638	3816
639	536
640	67526
641	474
642	4504
643	407
644	8632
645	3804
646	4324
647	479
648	10645
649	553
650	15246
651	473
652	7393
653	522
654	3949
655	2434
656	7687
657	499
658	3804
659	454
660	27050
661	531
662	3309
663	488
664	7467
665	2094
666	3746
667	407
668	6341
669	534
670	10216
671	385
672	7453
673	421
674	3244
675	1829
676	5782
677	403
678	3324
679	407
680	25175
681	442
682	3047
683	412
684	6041
685	1780
686	2991
687	482
688	6226
689	382
690	9486
691	366
692	4908
693	422
694	2779
695	1211
696	5935
697	326
698	2792
699	383
700	15395
701	375
702	2829
703	314
704	5136
705	1340
706	2682
707	315
708	4952
709	328
710	5956
711	336
712	4816
713	357
714	2507
715	800
716	4087
717	359
718	2322
719	269
720	114645
721	305
722	2902
723	317
724	7535
725	6769
726	5265
727	348
728	8957
729	486
730	18263
731	350
732	7742
733	415
734	2659
735	4328
736	6777
737	335
738	3419
739	381
740	22227
741	580
742	2360
743	424
744	6789
745	2131
746	2485
747	582
748	4562
749	355
750	12823
751	373
752	5096
753	379
754	2407
755	1387
756	5065
757	267
758	2500
759	443
760	22014
761	312
762	2776
763	296
764	4219
765	2532
766	2276
767	324
768	5657
769	304
770	7622
771	401
772	3821
773	344
774	2383
775	1206
776	4217
777	392
778	2154
779	287
780	16201
781	299
782	1915
783	355
784	4265
785	1179
786	2376
787	262
788	3766
789	309
790	5532
791	268
792	4372
793	253
794	1897
795	1103
796	3309
797	273
798	2102
799	263
800	208222
801	276
802	3785
803	314
804	9417
805	14087
806	2803
807	506
808	9048
809	518
810	30869
811	263
812	4816
813	415
814	2400
815	5003
816	6186
817	317
818	2368
819	361
820	32336
821	395
822	2219
823	319
824	4765
825	3467
826	1948
827	287
828	3842
829	302
830	13608
831	315
832	3826
833	232
834	2006
835	1839
836	3001
837	282
838	1636
839	252
840	31490
841	214
842	1847
843	271
844	3134
845	3332
846	1891
847	232
848	3966
849	285
850	9302
851	243
852	3121
853	242
854	1550
855	1916
856	3037
857	230
858	1717
859	209
860	16486
861	244
862	1389
863	226
864	3986
865	1638
866	1400
867	261
868	2618
869	212
870	6690
871	200
872	2762
873	223
874	1296
875	976
876	2465
877	175
878	1262
879	252
880	18681
881	174
882	1458
883	180
884	2604
885	1715
886	1280
887	155
888	3061
889	169
890	6939
891	176
892	2184
893	172
894	1379
895	983
896	2551
897	190
898	1307
899	147
900	18206
901	183
902	1272
903	182
904	2611
905	956
906	1496
907	144
908	2336
909	192
910	4380
911	162
912	2699
913	130
914	1084
915	819
916	2046
917	156
918	1207
919	169
920	13203
921	190
922	1071
923	154
924	2332
925	1028
926	1149
927	178
928	2462
929	132
930	4575
931	140
932	1878
933	166
934	1040
935	772
936	2356
937	133
938	1066
939	152
940	6692
941	126
942	1139
943	134
944	2004
945	666
946	994
947	147
948	1915
949	122
950	2878
951	160
952	1841
953	127
954	1019
955	470
956	1629
957	145
958	931
959	118
960	72262
961	144
962	1359
963	124
964	4311
965	3416
966	2385
967	161
968	4882
969	204
970	11951
971	137
972	3764
973	166
974	1237
975	2484
976	3188
977	168
978	1593
979	186
980	15236
981	278
982	978
983	167
984	3318
985	1544
986	1076
987	254
988	2099
989	182
990	8205
991	154
992	2278
993	207
994	1039
995	1070
996	2187
997	131
998	1057
999	211
1000	14109
1001	111
1002	1184
1003	143
1004	1850
1005	1529
1006	904
1007	133
1008	2564
1009	146
1010	4736
1011	181
1012	1526
1013	150
1014	977
1015	752
1016	1748
1017	154
1018	844
1019	117
1020	9868
1021	131
1022	755
1023	155
1024	1767
1025	749
1026	987
1027	108
1028	1594
1029	145
1030	3288
1031	82
1032	1783
1033	101
1034	721
1035	617
1036	1281
1037	113
1038	843
1039	113
1040	10075
1041	115
1042	722
1043	91
1044	1565
1045	789
1046	696
1047	117
1048	1505
1049	110
1050	4361
1051	93
1052	1278
1053	123
1054	683
1055	527
1056	1533
1057	86
1058	688
1059	102
1060	5560
1061	104
1062	812
1063	93
1064	1366
1065	471
1066	652
1067	74
1068	1296
1069	106
1070	2356
1071	113
1072	1142
1073	89
1074	646
1075	301
1076	1063
1077	135
1078	586
1079	74
1080	21029
1081	90
1082	643
1083	82
1084	1497
1085	1146
1086	1184
1087	76
1088	1926
1089	121
1090	3669
1091	102
1092	1719
1093	92
1094	654
1095	1085
1096	1556
1097	89
1098	758
1099	94
1100	5380
1101	155
1102	526
1103	118
1104	1608
1105	431
1106	636
1107	139
1108	1084
1109	78
1110	2888
1111	104
1112	1163
1113	89
1114	509
1115	304
1116	1146
1117	60
1118	573
1119	121
1120	6030
1121	68
1122	667
1123	66
1124	1033
1125	625
1126	579
1127	78
1128	1317
1129	88
1130	2000
1131	89
1132	969
1133	104
1134	592
1135	288
1136	1033
1137	103
1138	551
1139	69
1140	4987
1141	90
1142	498
1143	88
1144	1109
1145	271
1146	611
1147	65
1148	1027
1149	77
1150	1549
1151	69
1152	1359
1153	78
1154	439
1155	329
1156	912
1157	71
1158	502
1159	74
1160	4591
1161	73
1162	447
1163	67
1164	1065
1165	328
1166	443
1167	99
1168	1032
1169	83
1170	1876
1171	55
1172	823
1173	81
1174	457
1175	234
1176	978
1177	66
1178	439
1179	81
1180	2460
1181	57
1182	511
1183	61
1184	914
1185	231
1186	448
1187	56
1188	885
1189	73
1190	1013
1191	55
1192	808
1193	63
1194	406
1195	139
1196	681
1197	67
1198	378
1199	47
1200	60403
1201	49
1202	848
1203	69
1204	2401
1205	3574
1206	1512
1207	97
1208	2731
1209	128
1210	7011
1211	83
1212	2284
1213	98
1214	571
1215	1500
1216	1835
1217	89
1218	753
1219	76
1220	8739
1221	153
1222	473
1223	109
1224	1801
1225	762
1226	529
1227	160
1228	968
1229	78
1230	3879
1231	84
1232	1156
1233	85
1234	472
1235	463
1236	1114
1237	49
1238	477
1239	82
1240	7850
1241	64
1242	651
1243	36
1244	842
1245	904
1246	421
1247	75
1248	1291
1249	69
1250	2403
1251	91
1252	699
1253	72
1254	468
1255	375
1256	794
1257	87
1258	374
1259	64
1260	5098
1261	55
1262	357
1263	78
1264	855
1265	418
1266	504
1267	51
1268	730
1269	78
1270	1515
1271	59
1272	980
1273	56
1274	313
1275	379
1276	608
1277	66
1278	394
1279	57
1280	8151
1281	69
1282	337
1283	65
1284	894
1285	476
1286	398
1287	61
1288	980
1289	52
1290	2457
1291	46
1292	734
1293	69
1294	334
1295	357
1296	1004
1297	57
1298	370
1299	61
1300	3130
1301	69
1302	374
1303	54
1304	715
1305	296
1306	312
1307	63
1308	624
1309	46
1310	1200
1311	72
1312	620
1313	48
1314	345
1315	188
1316	491
1317	47
1318	261
1319	52
1320	4608
1321	48
1322	300
1323	51
1324	572
1325	331
1326	412
1327	43
1328	728
1329	54
1330	1277
1331	43
1332	634
1333	42
1334	267
1335	350
1336	587
1337	32
1338	348
1339	46
1340	2096
1341	54
1342	258
1343	47
1344	691
1345	157
1346	266
1347	62
1348	491
1349	37
1350	1361
1351	50
1352	520
1353	42
1354	267
1355	121
1356	535
1357	34
1358	250
1359	47
1360	3128
1361	34
1362	349
1363	28
1364	470
1365	275
1366	253
1367	46
1368	631
1369	36
1370	983
1371	46
1372	463
1373	41
1374	307
1375	150
1376	490
1377	56
1378	246
1379	31
1380	2134
1381	41
1382	212
1383	51
1384	480
1385	135
1386	283
1387	22
1388	459
1389	38
1390	764
1391	24
1392	544
1393	45
1394	210
1395	162
1396	420
1397	33
1398	271
1399	34
1400	2465
1401	35
1402	205
1403	32
1404	482
1405	128
1406	217
1407	36
1408	467
1409	29
1410	747
1411	48
1412	378
1413	33
1414	183
1415	107
1416	459
1417	29
1418	211
1419	35
1420	1076
1421	28
1422	229
1423	41
1424	379
1425	110
1426	188
1427	29
1428	332
1429	22
1430	451
1431	25
1432	328
1433	28
1434	193
1435	68
1436	290
1437	31
1438	161
1439	36
1440	26408
1441	28
1442	319
1443	21
1444	1375
1445	1246
1446	1049
1447	37
1448	1535
1449	66
1450	3940
1451	39
1452	1406
1453	54
1454	319
1455	1101
1456	1016
1457	42
1458	514
1459	54
1460	4535
1461	111
1462	256
1463	50
1464	1083
1465	504
1466	290
1467	112
1468	563
1469	55
1470	2903
1471	48
1472	632
1473	48
1474	298
1475	368
1476	700
1477	32
1478	327
1479	82
1480	3845
1481	39
1482	417
1483	35
1484	437
1485	538
1486	243
1487	44
1488	753
1489	41
1490	1455
1491	71
1492	401
1493	51
1494	328
1495	243
1496	465
1497	61
1498	241
1499	31
1500	3290
1501	41
1502	224
1503	57
1504	489
1505	238
1506	325
1507	35
1508	467
1509	42
1510	1106
1511	40
1512	620
1513	40
1514	201
1515	235
1516	366
1517	19
1518	263
1519	32
1520	2887
1521	48
1522	199
1523	42
1524	447
1525	208
1526	212
1527	57
1528	514
1529	35
1530	1469
1531	36
1532	346
1533	42
1534	205
1535	138
1536	477
1537	26
1538	219
1539	52
1540	1652
1541	36
1542	243
1543	23
1544	387
1545	183
1546	182
1547	30
1548	356
1549	29
1550	712
1551	24
1552	347
1553	21
1554	209
1555	71
1556	302
1557	45
1558	180
1559	26
1560	2672
1561	25
1562	162
1563	38
1564	345
1565	146
1566	251
1567	26
1568	440
1569	26
1570	700
1571	27
1572	351
1573	28
1574	148
1575	220
1576	342
1577	22
1578	180
1579	25
1580	1084
1581	38
1582	154
1583	25
1584	364
1585	76
1586	158
1587	43
1588	274
1589	15
1590	711
1591	30
1592	300
1593	30
1594	169
1595	84
1596	274
1597	19
1598	157
1599	25
1600	70448
1601	18
1602	911
1603	23
1604	2728
1605	4369
1606	696
1607	66
1608	2576
1609	119
1610	9306
1611	39
1612	1197
1613	88
1614	476
1615	1778
1616	1339
1617	87
1618	431
1619	64
1620	11634
1621	101
1622	219
1623	59
1624	962
1625	1106
1626	347
1627	55
1628	663
1629	73
1630	4901
1631	50
1632	822
1633	45
1634	286
1635	773
1636	498
1637	39
1638	274
1639	27
1640	8299
1641	62
1642	233
1643	32
1644	521
1645	980
1646	197
1647	53
1648	653
1649	53
1650	2888
1651	40
1652	335
1653	36
1654	223
1655	444
1656	461
1657	38
1658	202
1659	28
1660	5230
1661	22
1662	220
1663	36
1664	469
1665	571
1666	209
1667	22
1668	411
1669	34
1670	1788
1671	42
1672	314
1673	35
1674	180
1675	356
1676	278
1677	32
1678	170
1679	24
1680	5541
1681	24
1682	150
1683	29
1684	410
1685	448
1686	177
1687	30
1688	415
1689	45
1690	2192
1691	18
1692	320
1693	36
1694	162
1695	331
1696	348
1697	20
1698	203
1699	20
1700	2934
1701	36
1702	128
1703	34
1704	321
1705	215
1706	138
1707	32
1708	311
1709	32
1710	1260
1711	22
1712	231
1713	27
1714	153
1715	112
1716	248
1717	20
1718	149
1719	22
1720	3581
1721	15
1722	146
1723	10
1724	283
1725	377
1726	125
1727	18
1728	488
1729	30
1730	1076
1731	23
1732	208
1733	20
1734	133
1735	224
1736	258
1737	24
1738	125
1739	10
1740	1806
1741	25
1742	101
1743	12
1744	264
1745	148
1746	121
1747	21
1748	226
1749	10
1750	769
1751	22
1752	258
1753	21
1754	93
1755	120
1756	201
1757	18
1758	131
1759	20
1760	2173
1761	19
1762	101
1763	19
1764	227
1765	182
1766	101
1767	13
1768	277
1769	22
1770	847
1771	7
1772	193
1773	23
1774	90
1775	115
1776	263
1777	22
1778	109
1779	18
1780	1694
1781	21
1782	113
1783	21
1784	231
1785	152
1786	113
1787	12
1788	265
1789	20
1790	563
1791	14
1792	195
1793	9
1794	115
1795	108
1796	190
1797	16
1798	103
1799	13
1800	8607
1801	19
1802	136
1803	12
1804	373
1805	389
1806	318
1807	21
1808	519
1809	26
1810	1071
1811	16
1812	421
1813	21
1814	110
1815	250
1816	343
1817	18
1818	143
1819	17
1820	1479
1821	29
1822	99
1823	27
1824	325
1825	99
1826	111
1827	29
1828	205
1829	9
1830	702
1831	14
1832	217
1833	24
1834	98
1835	68
1836	191
1837	13
1838	89
1839	18
1840	2385
1841	15
1842	127
1843	14
1844	210
1845	214
1846	110
1847	12
1848	304
1849	17
1850	694
1851	21
1852	184
1853	14
1854	98
1855	113
1856	226
1857	26
1858	80
1859	15
1860	1287
1861	23
1862	87
1863	22
1864	238
1865	76
1866	118
1867	12
1868	181
1869	17
1870	451
1871	11
1872	239
1873	8
1874	57
1875	84
1876	147
1877	11
1878	85
1879	18
1880	1219
1881	17
1882	72
1883	16
1884	195
1885	98
1886	96
1887	8
1888	217
1889	8
1890	434
1891	10
1892	160
1893	12
1894	75
1895	50
1896	159
1897	9
1898	79
1899	16
1900	850
1901	5
1902	94
1903	8
1904	160
1905	51
1906	69
1907	6
1908	153
1909	5
1910	278
1911	18
1912	150
1913	10
1914	79
1915	40
1916	112
1917	13
1918	63
1919	8
1920	8100
1921	9
1922	112
1923	8
1924	454
1925	250
1926	285
1927	10
1928	551
1929	19
1930	1330
1931	10
1932	452
1933	17
1934	108
1935	279
1936	342
1937	11
1938	153
1939	17
1940	1566
1941	38
1942	86
1943	10
1944	401
1945	155
1946	107
1947	39
1948	196
1949	15
1950	880
1951	16
1952	175
1953	21
1954	92
1955	130
1956	231
1957	18
1958	117
1959	14
1960	1870
1961	11
1962	118
1963	19
1964	172
1965	178
1966	97
1967	15
1968	296
1969	19
1970	626
1971	22
1972	159
1973	16
1974	110
1975	100
1976	172
1977	20
1978	88
1979	13
1980	1329
1981	18
1982	58
1983	23
1984	173
1985	80
1986	105
1987	11
1988	149
1989	26
1990	478
1991	9
1992	203
1993	22
1994	67
1995	77
1996	147
1997	12
1998	85
1999	12
2000	1596
2001	13
2002	84
2003	12
2004	176
2005	83
2006	70
2007	20
2008	163
2009	22
2010	538
2011	7
2012	136
2013	6
2014	72
2015	56
2016	179
2017	5
2018	76
2019	12
2020	772
2021	14
2022	65
2023	9
2024	149
2025	40
2026	62
2027	15
2028	141
2029	10
2030	286
2031	16
2032	101
2033	6
2034	67
2035	32
2036	81
2037	13
2038	54
2039	7
2040	1162
2041	16
2042	63
2043	8
2044	127
2045	62
2046	66
2047	13
2048	135
2049	9
2050	287
2051	11
2052	111
2053	10
2054	51
2055	74
2056	110
2057	12
2058	63
2059	9
2060	490
2061	9
2062	54
2063	8
2064	117
2065	26
2066	51
2067	14
2068	89
2069	9
2070	254
2071	9
2072	87
2073	15
2074	52
2075	36
2076	90
2077	6
2078	60
2079	11
2080	847
2081	9
2082	55
2083	4
2084	90
2085	60
2086	56
2087	15
2088	142
2089	12
2090	283
2091	8
2092	114
2093	10
2094	59
2095	37
2096	96
2097	13
2098	36
2099	10
2100	578
2101	11
2102	35
2103	5
2104	86
2105	22
2106	78
2107	5
2108	92
2109	10
2110	204
2111	6
2112	121
2113	7
2114	47
2115	30
2116	73
2117	7
2118	38
2119	9
2120	512
2121	7
2122	32
2123	10
2124	78
2125	22
2126	47
2127	9
2128	89
2129	10
2130	197
2131	7
2132	77
2133	7
2134	35
2135	22
2136	67
2137	7
2138	46
2139	4
2140	355
2141	5
2142	45
2143	6
2144	85
2145	29
2146	43
2147	2
2148	78
2149	9
2150	124
2151	5
2152	78
2153	7
2154	29
2155	10
2156	50
2157	9
2158	27
2159	4
2160	4755
2161	2
2162	61
2163	3
2164	211
2165	220
2166	234
2167	10
2168	331
2169	17
2170	650
2171	8
2172	312
2173	12
2174	52
2175	270
2176	229
2177	14
2178	88
2179	12
2180	810
2181	21
2182	45
2183	23
2184	213
2185	99
2186	57
2187	33
2188	121
2189	11
2190	629
2191	14
2192	124
2193	14
2194	46
2195	76
2196	146
2197	15
2198	68
2199	18
2200	879
2201	10
2202	88
2203	10
2204	85
2205	116
2206	66
2207	10
2208	170
2209	9
2210	294
2211	18
2212	76
2213	15
2214	69
2215	55
2216	103
2217	18
2218	45
2219	6
2220	690
2221	11
2222	42
2223	18
2224	110
2225	43
2226	80
2227	5
2228	100
2229	17
2230	220
2231	8
2232	115
2233	9
2234	41
2235	53
2236	85
2237	10
2238	51
2239	14
2240	598
2241	23
2242	40
2243	12
2244	123
2245	37
2246	42
2247	13
2248	108
2249	15
2250	351
2251	6
2252	74
2253	5
2254	36
2255	35
2256	110
2257	11
2258	53
2259	7
2260	312
2261	5
2262	57
2263	5
2264	88
2265	34
2266	43
2267	7
2268	105
2269	13
2270	156
2271	11
2272	72
2273	6
2274	39
2275	20
2276	65
2277	12
2278	48
2279	9
2280	581
2281	8
2282	46
2283	5
2284	91
2285	37
2286	54
2287	4
2288	110
2289	9
2290	152
2291	6
2292	92
2293	8
2294	25
2295	59
2296	78
2297	7
2298	52
2299	7
2300	260
2301	7
2302	32
2303	9
2304	98
2305	16
2306	39
2307	14
2308	48
2309	4
2310	165
2311	6
2312	81
2313	4
2314	29
2315	15
2316	57
2317	7
2318	43
2319	11
2320	433
2321	4
2322	46
2323	7
2324	73
2325	40
2326	32
2327	5
2328	80
2329	4
2330	143
2331	8
2332	58
2333	11
2334	37
2335	23
2336	51
2337	5
2338	36
2339	9
2340	352
2341	5
2342	38
2343	10
2344	61
2345	14
2346	33
2347	2
2348	66
2349	6
2350	118
2351	3
2352	72
2353	7
2354	31
2355	32
2356	48
2357	2
2358	36
2359	5
2360	257
2361	6
2362	28
2363	6
2364	69
2365	10
2366	30
2367	6
2368	60
2369	6
2370	132
2371	3
2372	49
2373	4
2374	26
2375	16
2376	75
2377	1
2378	38
2379	6
2380	166
2381	9
2382	36
2383	3
2384	46
2385	17
2386	23
2387	7
2388	55
2389	5
2390	62
2391	7
2392	47
2393	2
2394	25
2395	11
2396	52
2397	8
2398	28
2399	4
2400	25675
2401	1
2402	231
2403	2
2404	937
2405	1524
2406	650
2407	23
2408	1090
2409	32
2410	3173
2411	19
2412	834
2413	24
2414	147
2415	765
2416	577
2417	14
2418	229
2419	28
2420	3463
2421	47
2422	91
2423	53
2424	518
2425	388
2426	104
2427	54
2428	216
2429	10
2430	1835
2431	22
2432	278
2433	18
2434	92
2435	225
2436	268
2437	13
2438	113
2439	35
2440	2843
2441	12
2442	162
2443	7
2444	122
2445	429
2446	84
2447	13
2448	311
2449	14
2450	870
2451	26
2452	109
2453	18
2454	91
2455	168
2456	157
2457	26
2458	72
2459	8
2460	1868
2461	11
2462	70
2463	18
2464	175
2465	172
2466	94
2467	5
2468	140
2469	16
2470	586
2471	11
2472	177
2473	15
2474	57
2475	133
2476	90
2477	9
2478	80
2479	8
2480	1755
2481	11
2482	54
2483	12
2484	171
2485	143
2486	51
2487	17
2488	137
2489	11
2490	769
2491	7
2492	80
2493	14
2494	53
2495	107
2496	140
2497	10
2498	47
2499	10
2500	902
2501	7
2502	81
2503	11
2504	98
2505	100
2506	48
2507	9
2508	95
2509	14
2510	349
2511	15
2512	88
2513	10
2514	49
2515	57
2516	69
2517	11
2518	40
2519	4
2520	1300
2521	9
2522	30
2523	10
2524	85
2525	113
2526	77
2527	4
2528	115
2529	13
2530	368
2531	2
2532	124
2533	9
2534	36
2535	113
2536	87
2537	7
2538	40
2539	5
2540	511
2541	21
2542	28
2543	5
2544	95
2545	40
2546	39
2547	11
2548	68
2549	5
2550	310
2551	10
2552	56
2553	5
2554	31
2555	33
2556	60
2557	5
2558	40
2559	10
2560	851
2561	6
2562	45
2563	7
2564	64
2565	83
2566	29
2567	4
2568	101
2569	6
2570	248
2571	13
2572	58
2573	6
2574	48
2575	39
2576	68
2577	13
2578	43
2579	15
2580	573
2581	2
2582	28
2583	10
2584	79
2585	33
2586	57
2587	5
2588	76
2589	8
2590	184
2591	5
2592	115
2593	7
2594	24
2595	39
2596	55
2597	7
2598	31
2599	5
2600	582
2601	6
2602	20
2603	5
2604	78
2605	39
2606	27
2607	15
2608	74
2609	4
2610	151
2611	4
2612	50
2613	8
2614	21
2615	28
2616	68
2617	3
2618	24
2619	4
2620	236
2621	4
2622	33
2623	6
2624	58
2625	28
2626	29
2627	5
2628	44
2629	4
2630	86
2631	8
2632	38
2633	3
2634	23
2635	13
2636	32
2637	4
2638	16
2639	2
2640	651
2641	3
2642	19
2643	3
2644	53
2645	55
2646	36
2647	5
2648	81
2649	4
2650	169
2651	3
2652	75
2653	5
2654	34
2655	49
2656	68
2657	6
2658	35
2659	5
2660	230
2661	9
2662	23
2663	7
2664	70
2665	30
2666	18
2667	8
2668	43
2669	1
2670	170
2671	7
2672	41
2673	5
2674	31
2675	14
2676	41
2677	1
2678	32
2679	9
2680	239
2681	3
2682	23
2684	34
2685	35
2686	24
2687	3
2688	68
2689	3
2690	83
2691	8
2692	30
2693	2
2694	17
2695	13
2696	41
2697	8
2698	24
2699	2
2700	693
2701	3
2702	14
2703	5
2704	42
2705	21
2706	41
2707	4
2708	50
2709	5
2710	77
2711	4
2712	69
2713	4
2714	16
2715	24
2716	34
2717	1
2718	29
2719	6
2720	324
2721	7
2722	11
2723	4
2724	39
2725	17
2726	19
2727	11
2728	53
2729	5
2730	143
2731	3
2732	38
2733	4
2734	20
2735	8
2736	32
2737	4
2738	21
2739	4
2740	173
2741	2
2742	22
2743	5
2744	31
2745	28
2746	19
2747	3
2748	40
2749	2
2750	63
2751	5
2752	35
2753	2
2754	19
2755	15
2756	20
2757	1
2758	10
2759	2
2760	365
2761	1
2762	20
2763	3
2764	36
2765	22
2766	29
2767	3
2768	58
2769	7
2770	63
2771	6
2772	43
2773	3
2774	16
2775	25
2776	37
2777	4
2778	23
2779	1
2780	141
2781	3
2782	13
2783	2
2784	43
2785	5
2786	16
2787	3
2788	24
2789	2
2790	76
2791	4
2792	25
2793	4
2794	11
2795	7
2796	36
2797	3
2798	13
2799	2
2800	351
2801	3
2802	32
2803	1
2804	28
2805	29
2806	25
2807	3
2808	44
2809	2
2810	54
2811	3
2812	18
2813	2
2814	21
2815	18
2816	29
2817	1
2818	17
2819	1
2820	177
2821	1
2822	9
2823	4
2824	23
2825	8
2826	23
2827	2
2828	25
2829	1
2830	41
2831	4
2832	47
2833	2
2834	5
2835	17
2836	28
2837	2
2838	16
2839	3
2840	118
2841	2
2842	5
2843	2
2844	19
2845	6
2846	9
2847	3
2848	29
2849	5
2850	67
2851	4
2852	16
2853	3
2854	7
2855	8
2856	33
2857	3
2858	11
2859	1
2860	98
2861	5
2862	13
2864	22
2865	14
2866	12
2867	2
2868	25
2869	2
2870	25
2871	4
2872	24
2873	2
2874	10
2875	4
2876	13
2877	2
2878	7
2879	3
2880	3641
2881	3
2882	22
2883	3
2884	162
2885	108
2886	154
2887	3
2888	249
2889	10
2890	512
2891	1
2892	218
2893	8
2894	31
2895	159
2896	146
2897	2
2898	55
2899	4
2900	590
2901	10
2902	25
2903	9
2904	123
2905	70
2906	31
2907	13
2908	77
2909	3
2910	421
2911	8
2912	72
2913	9
2914	25
2915	65
2916	68
2917	2
2918	33
2919	10
2920	539
2921	2
2922	48
2923	4
2924	66
2925	85
2926	33
2927	4
2928	94
2929	2
2930	216
2931	10
2932	35
2933	6
2934	41
2935	36
2936	43
2937	11
2938	31
2939	1
2940	506
2941	7
2942	26
2943	7
2944	43
2945	29
2946	31
2947	2
2948	44
2949	8
2950	163
2951	3
2952	77
2953	4
2954	21
2955	45
2956	37
2957	5
2958	36
2959	3
2960	350
2961	3
2962	22
2963	3
2964	50
2965	23
2966	13
2967	9
2968	49
2969	3
2970	229
2971	5
2972	45
2973	5
2974	28
2975	20
2976	56
2977	4
2978	24
2979	4
2980	228
2981	5
2982	32
2983	3
2984	30
2985	21
2986	20
2987	4
2988	40
2989	4
2990	108
2991	4
2992	33
2993	3
2994	24
2995	11
2996	41
2997	5
2998	26
2999	4
3000	378
3001	2
3002	22
3003	8
3004	37
3005	17
3006	21
3007	3
3008	48
3009	2
3010	112
3011	1
3012	52
3014	17
3015	29
3016	36
3017	3
3018	27
3019	4
3020	153
3021	4
3022	11
3023	8
3024	32
3025	14
3026	17
3027	7
3028	30
3029	4
3030	75
3032	34
3033	3
3034	16
3035	10
3036	32
3037	2
3038	9
3039	8
3040	220
3041	5
3042	13
3044	15
3045	18
3046	12
3047	2
3048	38
3049	2
3050	68
3051	1
3052	23
3053	4
3054	12
3055	8
3056	28
3057	4
3058	13
3059	5
3060	209
3061	1
3062	14
3063	3
3064	29
3065	7
3066	12
3067	3
3068	22
3069	6
3070	69
3071	1
3072	40
3073	1
3074	10
3075	19
3076	35
3077	1
3078	17
3079	4
3080	148
3081	5
3082	12
3083	2
3084	25
3085	7
3086	12
3088	26
3089	1
3090	79
3091	1
3092	26
3093	1
3094	10
3095	4
3096	41
3098	11
3099	3
3100	89
3101	2
3102	13
3103	2
3104	27
3105	11
3106	14
3107	1
3108	25
3109	5
3110	20
3111	2
3112	26
3113	1
3114	9
3115	7
3116	8
3117	4
3118	6
3119	3
3120	215
3121	2
3122	10
3123	4
3124	20
3125	7
3126	18
3128	35
3130	62
3132	35
3134	7
3135	21
3136	24
3138	13
3139	1
3140	83
3141	2
3142	7
3143	4
3144	23
3145	3
3146	2
3147	4
3148	21
3149	1
3150	63
3151	1
3152	21
3153	1
3154	8
3155	3
3156	15
3157	1
3158	10
3159	3
3160	92
3161	3
3162	11
3164	16
3165	16
3166	11
3167	2
3168	23
3169	3
3170	33
3171	2
3172	9
3173	3
3174	6
3175	6
3176	22
3177	3
3178	8
3179	1
3180	92
3182	7
3183	5
3184	16
3185	5
3186	10
3187	1
3188	18
3189	5
3190	24
3191	1
3192	20
3193	2
3194	6
3195	4
3196	14
3197	1
3198	5
3199	2
3200	15443
3201	3
3202	138
3204	645
3205	765
3206	207
3207	12
3208	666
3209	21
3210	2108
3211	5
3212	319
3213	14
3214	94
3215	409
3216	317
3217	6
3218	100
3219	18
3220	2239
3221	26
3222	39
3223	10
3224	242
3225	242
3226	52
3227	15
3228	134
3229	10
3230	1203
3231	6
3232	126
3233	9
3234	53
3235	170
3236	100
3237	13
3238	48
3239	8
3240	2233
3241	7
3242	61
3243	5
3244	113
3245	264
3246	59
3247	2
3248	165
3249	8
3250	656
3251	6
3252	63
3253	5
3254	37
3255	127
3256	104
3257	6
3258	51
3259	7
3260	1303
3261	10
3262	26
3263	12
3264	87
3265	117
3266	40
3267	8
3268	92
3269	9
3270	490
3271	8
3272	78
3273	7
3274	20
3275	71
3276	61
3277	3
3278	32
3279	5
3280	1149
3281	3
3282	25
3283	6
3284	65
3285	109
3286	27
3287	1
3288	89
3289	5
3290	514
3291	6
3292	43
3293	5
3294	35
3295	47
3296	63
3297	3
3298	35
3299	4
3300	701
3301	5
3302	25
3303	3
3304	53
3305	49
3306	34
3307	3
3308	42
3309	3
3310	229
3311	3
3312	48
3313	5
3314	16
3315	30
3316	32
3317	3
3318	24
3319	5
3320	863
3321	3
3322	17
3323	3
3324	61
3325	59
3326	23
3327	8
3328	80
3329	9
3330	308
3331	2
3332	44
3333	2
3334	25
3335	48
3336	43
3337	3
3338	22
3339	5
3340	360
3341	5
3342	31
3343	6
3344	32
3345	32
3346	23
3347	1
3348	48
3349	1
3350	175
3351	2
3352	31
3353	1
3354	19
3355	21
3356	25
3357	2
3358	13
3359	2
3360	541
3361	2
3362	22
3363	2
3364	26
3365	40
3366	20
3367	2
3368	52
3370	163
3371	3
3372	16
3373	4
3374	11
3375	23
3376	33
3377	3
3378	11
3379	1
3380	423
3381	2
3382	9
3383	2
3384	37
3385	23
3386	17
3387	3
3388	33
3389	5
3390	141
3391	2
3392	30
3393	1
3394	9
3395	23
3396	31
3397	2
3398	17
3399	4
3400	405
3401	2
3402	15
3403	2
3404	33
3405	23
3406	11
3407	6
3408	34
3409	1
3410	123
3411	3
3412	24
3413	5
3414	4
3415	18
3416	35
3418	15
3419	1
3420	207
3421	3
3422	7
3423	4
3424	25
3425	7
3426	11
3427	3
3428	24
3429	2
3430	63
3431	2
3432	19
3433	4
3434	6
3435	10
3436	18
3437	1
3438	7
3439	4
3440	382
3441	1
3442	9
3443	4
3444	24
3445	18
3446	9
3447	2
3448	26
3449	2
3450	134
3451	2
3452	29
3453	4
3454	13
3455	19
3456	34
3457	1
3458	8
3459	2
3460	187
3462	16
3463	2
3464	26
3465	21
3466	12
3467	2
3468	23
3469	1
3470	90
3471	1
3472	11
3474	11
3475	4
3476	11
3477	2
3478	8
3479	1
3480	192
3481	1
3482	9
3483	2
3484	20
3485	15
3486	10
3488	23
3489	2
3490	58
3491	2
3492	20
3493	2
3494	11
3495	12
3496	26
3497	1
3498	6
3499	1
3500	163
3501	1
3502	6
3503	3
3504	21
3505	12
3506	14
3507	4
3508	10
3509	5
3510	83
3512	25
3513	2
3514	6
3515	3
3516	10
3517	2
3518	14
3519	1
3520	143
3521	4
3522	6
3523	3
3524	14
3525	7
3526	8
3527	1
3528	20
3530	62
3531	2
3532	24
3533	1
3534	8
3535	4
3536	19
3537	3
3538	9
3539	1
3540	85
3541	2
3542	7
3543	2
3544	18
3545	9
3546	10
3548	20
3549	2
3550	30
3551	1
3552	11
3553	5
3554	2
3555	5
3556	13
3557	2
3558	4
3559	1
3560	159
3561	3
3562	7
3564	16
3565	5
3566	8
3567	1
3568	15
3569	2
3570	48
3572	10
3574	4
3575	4
3576	14
3577	1
3578	5
3580	98
3581	1
3582	6
3583	2
3584	25
3585	7
3586	3
3587	3
3588	16
3589	1
3590	20
3592	14
3593	2
3594	10
3596	9
3597	1
3598	6
3599	1
3600	3950
3601	1
3602	43
3604	107
3605	183
3606	144
3607	4
3608	182
3609	8
3610	399
3611	4
3612	166
3613	4
3614	25
3615	150
3616	115
3617	4
3618	46
3619	9
3620	477
3621	13
3622	8
3623	10
3624	116
3625	51
3626	28
3627	16
3628	40
3629	3
3630	284
3631	4
3632	69
3633	3
3634	20
3635	28
3636	61
3637	3
3638	27
3639	4
3640	416
3641	2
3642	26
3643	1
3644	34
3645	69
3646	22
3647	3
3648	69
3649	1
3650	139
3651	6
3652	32
3653	5
3654	20
3655	21
3656	22
3657	6
3658	15
3659	5
3660	307
3661	3
3662	15
3663	6
3664	36
3665	31
3666	19
3667	2
3668	28
3669	6
3670	64
3672	48
3673	2
3674	5
3675	23
3676	31
3677	6
3678	13
3679	4
3680	356
3681	2
3682	14
3683	1
3684	34
3685	23
3686	12
3687	2
3688	28
3689	1
3690	174
3691	2
3692	21
3693	6
3694	8
3695	20
3696	37
3697	4
3698	15
3699	5
3700	164
3701	1
3702	26
3703	6
3704	14
3705	22
3706	6
3707	3
3708	25
3709	2
3710	71
3711	6
3712	15
3713	3
3714	17
3715	10
3716	11
3717	4
3718	9
3719	1
3720	251
3721	1
3722	7
3723	1
3724	19
3725	21
3726	22
3727	3
3728	30
3729	4
3730	50
3731	4
3732	39
3733	3
3734	4
3735	27
3736	18
3737	4
3738	10
3739	2
3740	126
3741	3
3742	4
3743	4
3744	39
3745	7
3746	9
3747	5
3748	14
3750	52
3751	2
3752	14
3753	1
3754	7
3755	9
3756	15
3758	6
3759	5
3760	153
3761	1
3762	5
3763	1
3764	13
3765	15
3766	7
3767	2
3768	27
3769	1
3770	39
3772	19
3774	12
3775	4
3776	13
3777	1
3778	10
3779	2
3780	93
3782	5
3783	1
3784	16
3785	6
3786	17
3787	1
3788	18
3790	40
3791	3
3792	17
3793	1
3794	2
3795	10
3796	10
3797	1
3798	9
3799	1
3800	149
3801	2
3802	6
3803	2
3804	18
3805	10
3806	7
3807	1
3808	15
3809	1
3810	41
3811	1
3812	9
3813	2
3814	4
3815	4
3816	9
3818	7
3819	3
3820	49
3822	3
3824	15
3825	6
3826	3
3827	1
3828	17
3830	22
3831	1
3832	7
3834	5
3835	4
3836	11
3839	1
3840	542
3841	2
3842	5
3843	1
3844	26
3845	9
3846	21
3847	2
3848	50
3850	93
3852	41
3853	1
3854	8
3855	24
3856	26
3857	3
3858	18
3859	1
3860	124
3861	1
3862	6
3863	3
3864	32
3865	5
3866	6
3867	2
3868	14
3869	2
3870	90
3871	2
3872	18
3873	2
3874	9
3875	13
3876	29
3877	2
3878	7
3879	4
3880	107
3881	1
3882	14
3884	11
3885	20
3886	2
3888	27
3889	1
3890	38
3891	4
3892	13
3893	4
3894	4
3895	10
3896	9
3897	3
3898	7
3899	2
3900	105
3901	2
3902	4
3903	1
3904	7
3905	5
3906	10
3907	1
3908	11
3910	26
3911	2
3912	18
3913	2
3914	5
3915	3
3916	10
3917	2
3918	9
3919	3
3920	124
3921	3
3922	9
3923	1
3924	11
3925	8
3926	5
3927	3
3928	17
3929	2
3930	52
3931	2
3932	11
3933	1
3934	6
3935	5
3936	15
3937	1
3938	4
3939	1
3940	72
3941	2
3942	10
3943	1
3944	10
3945	7
3946	5
3947	1
3948	13
3950	27
3952	8
3953	1
3954	6
3955	1
3956	10
3957	1
3958	3
3960	108
3961	2
3962	2
3963	2
3964	1
3965	1
3966	10
3967	2
3968	9
3969	5
3970	21
3971	3
3972	20
3973	1
3974	4
3975	9
3976	11
3977	1
3978	7
3980	40
3981	3
3982	4
3984	14
3985	4
3986	5
3987	3
3988	8
3990	18
3992	12
3993	1
3994	5
3995	1
3996	8
3998	6
3999	2
4000	149
4001	1
4002	9
4004	14
4005	9
4006	12
4007	1
4008	16
4010	39
4011	2
4012	16
4014	7
4015	3
4016	11
4017	3
4018	3
4019	1
4020	60
4021	3
4022	7
4023	3
4024	11
4026	6
4027	1
4028	8
4030	18
4032	13
4034	6
4035	14
4036	7
4037	1
4038	5
4039	1
4040	50
4042	4
4043	3
4044	12
4045	3
4046	2
4047	1
4048	11
4050	32
4052	8
4054	3
4055	2
4056	11
4057	1
4058	1
4060	28
4062	6
4063	1
4064	5
4065	3
4066	7
4067	1
4068	9
4070	11
4071	1
4072	7
4074	5
4075	1
4076	3
4077	1
4078	2
4080	74
4082	3
4084	7
4085	2
4086	6
4088	14
4089	1
4090	19
4091	1
4092	14
4094	3
4095	3
4096	9
4097	2
4098	3
4099	1
4100	42
4102	5
4103	2
4104	13
4105	1
4106	2
4107	3
4108	10
4109	2
4110	18
4112	7
4113	1
4114	5
4115	2
4116	12
4117	2
4118	4
4120	39
4121	3
4122	8
4124	6
4125	1
4126	5
4127	2
4128	7
4129	1
4130	16
4132	4
4134	1
4135	2
4136	6
4137	2
4138	5
4140	28
4141	2
4142	3
4143	1
4144	8
4145	1
4146	5
4148	10
4149	1
4150	14
4152	9
4153	1
4154	4
4155	4
4156	3
4157	1
4158	7
4159	1
4160	39
4161	2
4162	3
4164	7
4165	2
4166	5
4167	1
4168	3
4170	12
4172	7
4174	1
4175	3
4176	4
4178	5
4180	17
4181	2
4182	2
4184	7
4185	1
4186	4
4188	9
4190	6
4191	3
4192	2
4193	1
4194	2
4195	1
4196	4
4198	2
4200	45
4201	1
4202	6
4203	1
4204	5
4205	1
4206	4
4207	1
4208	6
4210	9
4211	1
4212	7
4213	2
4214	2
4215	4
4216	7
4218	3
4220	20
4222	3
4223	4
4224	3
4226	4
4228	4
4229	1
4230	11
4231	1
4232	2
4234	4
4235	1
4236	6
4237	1
4238	2
4240	23
4241	1
4242	3
4244	5
4246	2
4247	1
4248	3
4250	9
4251	1
4252	4
4253	1
4254	3
4255	3
4256	7
4257	1
4258	1
4260	16
4262	2
4264	3
4266	2
4268	2
4269	1
4270	3
4271	1
4272	9
4274	1
4275	4
4276	2
4278	1
4279	1
4280	26
4281	1
4284	3
4285	1
4286	1
4288	8
4290	10
4292	1
4294	1
4296	6
4298	1
4300	10
4301	2
4302	3
4304	4
4305	3
4307	1
4308	3
4309	1
4310	7
4311	1
4312	1
4313	1
4314	2
4316	1
4318	4
4320	754
4322	4
4324	33
4325	22
4326	47
4327	1
4328	52
4330	107
4331	1
4332	43
4334	3
4335	35
4336	37
4337	1
4338	12
4339	2
4340	143
4341	7
4342	2
4343	3
4344	32
4345	21
4346	6
4347	1
4348	20
4349	3
4350	101
4351	1
4352	17
4354	8
4355	15
4356	17
4357	1
4358	7
4359	3
4360	97
4362	12
4363	2
4364	8
4365	20
4366	6
4367	2
4368	28
4369	2
4370	49
4371	6
4372	4
4373	2
4374	8
4375	10
4376	14
4377	3
4378	10
4380	83
4381	4
4382	3
4383	1
4384	15
4385	3
4386	10
4387	2
4388	13
4389	2
4390	31
4391	5
4392	19
4393	2
4394	7
4395	16
4396	4
4398	5
4400	79
4401	1
4402	5
4403	2
4404	10
4405	6
4406	7
4407	4
4408	15
4409	1
4410	37
4412	15
4413	2
4414	6
4415	6
4416	16
4417	2
4418	8
4419	3
4420	47
4422	2
4424	4
4425	6
4426	4
4427	1
4428	5
4429	1
4430	30
4431	1
4432	10
4434	4
4435	1
4436	6
4437	1
4438	1
4439	3
4440	73
4441	2
4442	5
4443	1
4444	10
4445	7
4446	10
4448	13
4449	2
4450	16
4451	1
4452	14
4453	1
4454	2
4455	9
4456	9
4457	1
4458	6
4460	31
4461	3
4462	5
4463	4
4464	9
4465	1
4466	8
4467	5
4468	2
4470	21
4471	1
4472	7
4473	2
4474	3
4475	2
4476	13
4477	2
4478	5
4480	29
4482	8
4483	2
4484	5
4485	6
4486	2
4487	2
4488	4
4489	1
4490	16
4491	2
4492	3
4493	4
4494	2
4495	1
4496	6
4497	1
4498	3
4499	1
4500	52
4502	3
4503	1
4504	6
4505	4
4506	4
4507	1
4508	10
4509	1
4510	15
4512	5
4514	2
4515	1
4516	7
4517	1
4518	3
4520	28
4521	3
4522	4
4523	2
4524	10
4525	8
4528	6
4529	1
4530	19
4531	1
4532	6
4533	1
4534	1
4535	2
4536	8
4538	2
4539	2
4540	15
4541	1
4542	1
4543	1
4544	5
4545	4
4546	2
4547	2
4548	3
4550	5
4552	4
4553	2
4554	2
4560	49
4561	1
4564	8
4566	2
4568	9
4570	9
4572	10
4573	2
4575	8
4576	6
4577	2
4578	9
4580	22
4581	1
4582	1
4584	9
4585	2
4586	5
4587	2
4588	6
4589	1
4590	19
4592	5
4593	1
4594	1
4596	4
4598	4
4599	1
4600	10
4602	1
4604	1
4605	3
4607	1
4608	6
4610	3
4611	2
4612	1
4613	1
4614	1
4615	3
4616	5
4618	1
4620	23
4622	1
4624	5
4625	1
4626	5
4628	3
4629	1
4630	10
4631	2
4632	6
4634	3
4635	1
4636	7
4638	4
4639	1
4640	21
4642	1
4644	5
4645	2
4646	3
4647	1
4648	3
4650	10
4651	2
4652	1
4653	2
4654	1
4655	2
4656	3
4658	2
4660	9
4661	2
4662	3
4664	3
4665	2
4666	1
4668	1
4670	6
4671	1
4672	2
4673	1
4674	3
4675	3
4676	5
4678	2
4679	1
4680	22
4682	5
4684	2
4685	1
4686	5
4688	5
4689	2
4690	5
4691	3
4692	4
4693	1
4695	2
4696	4
4698	1
4700	14
4701	2
4702	3
4703	1
4704	4
4706	2
4707	5
4708	4
4710	15
4711	1
4712	3
4713	2
4714	1
4716	2
4717	2
4718	4
4720	11
4722	2
4724	1
4725	1
4726	2
4728	4
4730	1
4732	3
4733	1
4734	2
4735	1
4736	4
4738	3
4740	9
4742	2
4744	1
4745	1
4746	3
4748	4
4749	1
4752	4
4753	1
4754	2
4755	1
4756	2
4758	2
4760	7
4761	1
4762	1
4764	2
4766	1
4768	2
4770	10
4772	6
4773	1
4774	1
4775	1
4776	4
4778	2
4780	4
4781	1
4782	1
4784	1
4785	2
4786	2
4788	1
4790	1
4791	1
4792	4
4795	2
4796	1
4798	1
4800	6969
4802	46
4804	263
4805	341
4806	204
4807	7
4808	304
4809	6
4810	916
4811	6
4812	246
4813	6
4814	35
4815	232
4816	165
4817	7
4818	61
4819	9
4820	986
4821	22
4822	14
4823	14
4824	162
4825	98
4826	25
4827	15
4828	67
4829	3
4830	585
4831	11
4832	73
4833	4
4834	29
4835	84
4836	76
4837	2
4838	41
4839	9
4840	808
4841	3
4842	41
4843	5
4844	42
4845	132
4846	21
4847	5
4848	103
4849	4
4850	317
4851	8
4852	27
4853	5
4854	35
4855	64
4856	39
4857	7
4858	24
4859	4
4860	656
4861	10
4862	16
4863	8
4864	56
4865	50
4866	31
4867	4
4868	43
4869	10
4870	197
4871	2
4872	56
4873	7
4874	17
4875	46
4876	25
4877	4
4878	32
4879	5
4880	466
4881	6
4882	10
4883	5
4884	35
4885	54
4886	9
4887	7
4888	43
4889	1
4890	292
4891	1
4892	20
4893	3
4894	22
4895	34
4896	46
4897	3
4898	29
4899	2
4900	303
4901	6
4902	21
4903	3
4904	34
4905	29
4906	7
4907	2
4908	27
4909	1
4910	121
4911	1
4912	19
4914	11
4915	9
4916	14
4917	3
4918	10
4919	1
4920	392
4921	2
4922	12
4923	2
4924	26
4925	22
4926	20
4927	1
4928	26
4929	4
4930	117
4932	21
4933	3
4934	10
4935	37
4936	27
4937	3
4938	12
4939	1
4940	135
4941	3
4942	2
4943	1
4944	25
4945	18
4946	8
4947	5
4948	14
4949	1
4950	101
4951	1
4952	13
4953	5
4954	13
4955	6
4956	16
4958	8
4959	3
4960	179
4961	1
4962	10
4963	2
4964	8
4965	17
4966	8
4967	1
4968	28
4970	66
4971	2
4972	11
4973	3
4974	13
4975	12
4976	12
4977	4
4978	2
4979	1
4980	219
4981	1
4982	6
4983	1
4984	16
4985	7
4986	13
4987	1
4988	12
4989	3
4990	55
4991	1
4992	21
4993	1
4994	8
4995	14
4996	7
4997	2
4998	6
4999	1
5000	175
5001	4
5002	4
5003	2
5004	13
5005	11
5006	3
5007	3
5008	11
5009	1
5010	60
5012	12
5013	5
5014	4
5015	4
5016	20
5017	1
5018	4
5019	1
5020	60
5021	1
5022	7
5023	1
5024	7
5025	6
5026	6
5027	1
5028	15
5029	1
5030	21
5031	2
5032	7
5033	3
5034	4
5035	4
5036	5
5038	4
5040	164
5041	3
5042	5
5044	14
5045	9
5046	14
5047	2
5048	13
5049	2
5050	49
5052	11
5053	1
5054	3
5055	9
5056	16
5058	7
5060	77
5061	3
5062	6
5063	2
5064	7
5065	6
5066	5
5067	5
5068	12
5070	49
5071	2
5072	10
5073	1
5074	8
5075	2
5076	9
5077	1
5078	8
5079	1
5080	60
5081	2
5082	10
5084	6
5085	13
5086	3
5087	1
5088	10
5089	2
5090	25
5091	1
5092	5
5093	1
5094	4
5095	3
5096	4
5097	1
5098	3
5100	76
5101	1
5102	4
5103	2
5104	10
5105	3
5106	6
5108	8
5109	2
5110	19
5111	2
5112	19
5113	1
5114	2
5115	9
5116	5
5117	4
5118	3
5120	72
5122	2
5124	5
5125	1
5126	5
5128	13
5130	33
5131	1
5132	7
5133	3
5134	3
5135	3
5136	9
5137	1
5138	5
5139	1
5140	32
5141	2
5142	2
5144	4
5145	7
5146	2
5148	2
5150	17
5151	1
5152	5
5154	5
5155	1
5156	7
5157	2
5158	1
5160	82
5161	2
5163	2
5164	6
5165	4
5166	11
5167	1
5168	8
5170	18
5172	9
5173	3
5174	4
5175	6
5176	4
5177	1
5178	1
5179	1
5180	24
5181	1
5182	2
5183	2
5184	11
5185	2
5186	2
5188	6
5189	1
5190	22
5191	2
5192	9
5193	1
5194	1
5195	2
5196	6
5199	2
5200	61
5201	1
5202	3
5204	6
5205	6
5206	4
5208	6
5209	1
5210	15
5211	1
5212	5
5213	1
5214	1
5216	8
5217	2
5218	2
5220	42
5221	1
5222	3
5224	3
5225	3
5226	3
5228	6
5230	8
5231	1
5232	11
5234	3
5235	4
5236	2
5238	1
5240	33
5241	2
5242	1
5244	6
5246	1
5248	4
5250	19
5252	2
5254	2
5255	2
5256	3
5258	4
5259	1
5260	20
5262	2
5264	1
5265	4
5266	3
5268	5
5269	4
5270	6
5271	1
5272	4
5273	1
5274	4
5276	3
5278	3
5280	57
5283	1
5284	2
5285	2
5286	7
5288	5
5290	22
5292	2
5294	3
5295	8
5296	5
5298	3
5299	1
5300	28
5301	2
5302	1
5303	3
5304	6
5305	1
5307	3
5308	5
5310	14
5312	5
5314	2
5315	1
5316	2
5318	4
5320	26
5324	1
5325	2
5326	4
5328	1
5330	6
5331	2
5332	1
5334	2
5335	2
5336	2
5338	2
5340	37
5341	1
5342	3
5344	5
5346	7
5347	1
5348	3
5350	7
5352	4
5354	2
5355	2
5356	1
5359	1
5360	23
5361	3
5362	2
5364	1
5365	1
5366	1
5367	2
5368	2
5370	22
5371	2
5372	2
5374	3
5375	1
5376	5
5378	1
5379	2
5380	10
5382	2
5384	1
5385	1
5386	3
5388	1
5390	6
5395	1
5396	1
5398	1
5399	1
5400	314
5401	1
5402	3
5403	1
5404	6
5405	11
5406	12
5408	19
5410	24
5411	1
5412	13
5414	2
5415	16
5416	10
5418	5
5419	1
5420	30
5421	4
5423	2
5424	3
5425	3
5426	1
5427	1
5428	2
5430	31
5432	6
5434	2
5436	8
5438	4
5440	33
5442	3
5444	9
5445	1
5446	1
5448	9
5450	5
5451	1
5452	4
5454	2
5455	1
5456	3
5457	1
5458	5
5460	32
5462	1
5463	1
5464	2
5465	2
5466	4
5468	1
5469	2
5470	5
5471	1
5472	7
5473	1
5474	5
5475	1
5476	4
5478	2
5480	24
5482	3
5484	5
5486	2
5487	1
5488	4
5489	1
5490	11
5492	3
5493	1
5494	3
5495	2
5496	10
5497	1
5498	1
5499	1
5500	8
5502	2
5503	1
5504	3
5506	2
5507	1
5508	1
5510	3
5512	1
5513	1
5514	3
5515	1
5516	2
5520	43
5523	1
5524	2
5525	3
5526	3
5528	6
5529	1
5530	7
5532	6
5533	1
5534	1
5535	3
5536	6
5537	1
5538	2
5540	8
5541	1
5542	1
5543	1
5544	5
5546	2
5547	1
5548	2
5550	13
5551	1
5552	3
5553	1
5556	1
5557	1
5558	3
5559	2
5560	17
5561	2
5562	2
5563	1
5564	2
5565	1
5566	1
5567	1
5568	4
5570	5
5572	2
5574	4
5575	1
5577	1
5579	1
5580	18
5582	1
5583	2
5584	3
5586	5
5588	3
5589	1
5590	1
5592	3
5594	1
5595	2
5596	2
5598	2
5599	1
5600	31
5601	1
5602	4
5603	1
5604	3
5607	1
5608	1
5610	8
5612	1
5614	3
5615	2
5616	3
5619	1
5620	10
5624	2
5625	2
5626	1
5628	2
5630	3
5632	2
5635	3
5636	2
5638	1
5640	19
5643	1
5644	1
5646	3
5648	6
5649	1
5650	4
5652	2
5655	2
5658	4
5660	6
5661	1
5662	1
5664	3
5666	1
5667	1
5668	1
5670	6
5672	1
5676	1
5679	1
5680	11
5682	1
5684	5
5686	1
5688	4
5689	1
5690	5
5692	1
5694	1
5696	1
5698	2
5700	19
5702	1
5704	2
5705	1
5706	2
5708	1
5712	2
5714	1
5715	3
5716	1
5718	1
5720	14
5724	1
5726	2
5728	1
5730	6
5732	1
5734	1
5736	1
5740	7
5742	1
5745	2
5747	1
5752	1
5753	1
5754	1
5760	249
5764	15
5765	1
5766	11
5768	16
5769	2
5770	45
5772	24
5774	2
5775	14
5776	11
5778	7
5779	1
5780	38
5782	3
5783	2
5784	16
5785	7
5786	4
5788	7
5789	2
5790	43
5792	16
5794	3
5795	4
5796	8
5798	4
5800	45
5802	3
5803	1
5804	5
5805	9
5806	2
5808	4
5809	1
5810	18
5811	1
5812	5
5813	1
5814	2
5815	4
5816	2
5817	1
5818	2
5820	36
5821	1
5822	1
5824	6
5825	2
5826	4
5828	5
5830	12
5832	2
5835	3
5839	1
5840	15
5841	1
5842	1
5844	5
5845	1
5846	1
5847	1
5848	9
5850	17
5856	4
5857	1
5858	2
5860	14
5862	3
5864	3
5866	2
5867	1
5868	6
5870	10
5872	2
5874	2
5875	1
5876	4
5880	33
5882	1
5883	1
5884	2
5885	3
5886	4
5888	10
5889	1
5890	6
5892	4
5894	2
5895	1
5896	2
5898	3
5899	1
5900	15
5904	5
5905	1
5906	3
5907	1
5908	4
5909	1
5910	11
5912	2
5914	1
5918	5
5920	12
5922	1
5928	2
5930	7
5932	4
5935	2
5936	2
5937	1
5938	1
5939	1
5940	25
5942	1
5944	3
5945	2
5946	4
5947	1
5948	2
5950	5
5952	8
5954	2
5955	1
5956	1
5960	8
5961	1
5962	1
5963	1
5964	4
5965	3
5966	1
5967	1
5968	1
5970	7
5972	4
5976	4
5977	1
5980	6
5982	1
5985	1
5986	2
5988	1
5990	1
5991	1
5992	1
5993	1
5994	1
5996	2
6000	24
6001	1
6004	3
6006	3
6008	7
6010	8
6011	1
6012	5
6015	2
6018	1
6020	5
6021	1
6024	8
6025	1
6026	2
6028	1
6030	8
6032	2
6034	3
6036	4
6038	1
6039	1
6040	7
6042	2
6044	2
6046	1
6048	1
6050	2
6051	1
6052	1
6054	2
6056	2
6057	1
6058	1
6060	12
6061	1
6062	3
6063	1
6064	2
6066	1
6068	3
6069	1
6070	1
6072	3
6074	1
6076	3
6079	1
6080	6
6082	1
6084	2
6085	1
6088	1
6090	3
6092	1
6094	3
6096	1
6098	1
6100	4
6105	4
6108	2
6110	3
6111	1
6112	2
6115	1
6116	1
6118	2
6120	9
6122	1
6124	2
6128	2
6129	1
6130	2
6132	1
6136	1
6137	1
6138	5
6140	4
6142	1
6146	1
6147	1
6150	5
6152	1
6153	1
6154	1
6156	1
6158	1
6160	6
6161	1
6162	2
6168	2
6170	1
6172	1
6175	1
6176	1
6180	6
6181	1
6185	1
6187	1
6188	1
6190	1
6192	2
6200	6
6201	1
6206	2
6212	1
6214	1
6216	3
6217	1
6218	1
6219	1
6220	1
6222	1
6224	1
6227	1
6228	1
6230	2
6232	1
6240	12
6246	1
6250	1
6251	1
6252	1
6255	2
6256	1
6258	1
6264	2
6265	1
6270	2
6272	1
6274	1
6275	1
6280	6
6284	1
6285	2
6286	1
6287	1
6290	2
6291	1
6292	1
6294	1
6296	1
6297	1
6300	2
6308	1
6312	3
6315	1
6316	3
6320	2
6322	1
6324	4
6326	1
6328	4
6330	2
6332	2
6335	1
6336	1
6340	2
6344	1
6354	1
6356	1
6360	6
6364	1
6365	1
6368	1
6370	4
6372	1
6375	1
6376	3
6380	1
6382	1
6384	3
6390	1
6394	1
6397	1
6398	1
6400	1938
6402	6
6404	100
6405	59
6406	33
6407	2
6408	104
6409	2
6410	277
6411	1
6412	64
6413	1
6414	10
6415	57
6416	42
6417	2
6418	14
6419	4
6420	317
6421	3
6422	4
6423	2
6424	35
6425	30
6426	3
6427	3
6428	8
6429	1
6430	134
6431	1
6432	23
6433	2
6434	7
6435	29
6436	14
6437	3
6438	8
6439	1
6440	244
6441	6
6442	10
6444	12
6445	32
6446	3
6447	2
6448	22
6449	2
6450	74
6451	1
6452	8
6453	1
6454	8
6455	12
6456	12
6457	1
6458	7
6459	1
6460	187
6462	3
6463	2
6464	8
6465	13
6466	6
6468	13
6469	1
6470	59
6472	16
6474	2
6475	10
6476	6
6477	1
6478	3
6479	1
6480	235
6481	1
6482	3
6484	19
6485	13
6486	8
6487	2
6488	16
6490	95
6492	5
6493	1
6494	7
6495	11
6496	11
6497	1
6498	2
6499	2
6500	121
6501	1
6502	5
6504	14
6505	5
6506	4
6507	1
6508	7
6509	1
6510	51
6511	1
6512	8
6513	1
6515	5
6516	5
6518	3
6519	1
6520	111
6522	5
6524	2
6525	13
6526	6
6528	13
6529	2
6530	53
6532	7
6533	1
6534	3
6535	11
6536	10
6537	1
6538	7
6540	62
6542	5
6543	1
6544	12
6545	6
6546	4
6548	7
6550	29
6552	10
6553	1
6554	5
6555	2
6556	4
6558	7
6560	77
6562	1
6563	1
6565	8
6566	5
6568	9
6569	1
6570	21
6572	2
6574	1
6575	3
6576	11
6577	1
6578	3
6580	86
6582	2
6584	7
6585	3
6586	4
6587	1
6588	8
6589	2
6590	14
6591	2
6592	3
6594	4
6595	3
6596	5
6597	1
6598	3
6600	63
6601	2
6602	2
6604	3
6605	2
6606	5
6607	1
6608	3
6610	10
6612	3
6614	3
6615	2
6616	5
6618	3
6619	1
6620	33
6622	3
6624	7
6625	2
6626	2
6628	5
6630	17
6632	5
6634	2
6635	4
6636	3
6639	2
6640	51
6642	4
6644	7
6645	5
6648	10
6650	19
6651	1
6652	5
6654	1
6655	4
6656	3
6657	1
6658	2
6660	34
6662	1
6663	1
6664	4
6665	1
6666	5
6668	3
6670	11
6672	2
6674	1
6675	1
6676	2
6677	1
6678	2
6680	19
6682	1
6684	3
6685	2
6688	1
6689	1
6690	8
6692	3
6694	1
6695	2
6696	2
6698	1
6700	31
6701	1
6702	2
6704	1
6706	5
6708	4
6709	1
6710	5
6712	1
6714	1
6716	1
6718	1
6719	1
6720	23
6724	1
6726	1
6728	5
6730	16
6732	2
6734	1
6735	3
6736	2
6740	12
6742	3
6744	2
6746	3
6747	1
6748	2
6750	6
6753	1
6755	1
6756	2
6758	2
6760	23
6762	1
6764	5
6765	1
6767	1
6768	6
6770	10
6772	2
6775	1
6776	5
6778	2
6779	1
6780	14
6782	1
6783	1
6784	1
6786	2
6788	5
6790	6
6794	1
6795	1
6796	2
6797	1
6798	1
6800	28
6804	4
6805	2
6806	1
6808	2
6810	4
6812	1
6818	3
6820	21
6822	1
6825	2
6828	3
6830	3
6832	4
6840	13
6844	3
6846	1
6848	4
6850	3
6852	5
6856	3
6860	4
6864	1
6868	4
6870	3
6872	1
6876	1
6879	1
6880	14
6882	1
6884	1
6886	1
6887	1
6890	5
6892	1
6894	1
6895	1
6896	2
6900	13
6903	1
6904	2
6908	2
6912	2
6915	2
6916	2
6918	1
6920	11
6924	1
6926	1
6928	2
6930	4
6932	1
6933	1
6934	1
6940	10
6944	1
6950	3
6951	1
6952	1
6954	2
6956	1
6960	7
6966	2
6968	1
6970	3
6975	1
6978	2
6980	6
6982	1
6984	1
6988	1
6990	2
6992	1
6996	1
6999	1
7000	12
7002	1
7004	1
7006	1
7008	2
7010	1
7014	2
7016	2
7020	5
7024	1
7026	2
7028	1
7030	4
7032	2
7037	1
7038	1
7040	4
7044	1
7045	2
7049	1
7050	1
7051	1
7052	1
7056	1
7060	3
7062	1
7064	1
7066	1
7068	1
7070	2
7080	1
7084	1
7092	1
7096	1
7100	2
7102	2
7110	2
7116	1
7118	1
7120	8
7121	1
7122	1
7128	2
7130	4
7134	1
7136	2
7140	4
7142	1
7144	3
7146	1
7148	1
7150	4
7152	1
7156	2
7158	1
7160	3
7170	2
7172	1
7176	1
7178	1
7180	4
7182	1
7186	1
7190	1
7192	1
7196	1
7200	1331
7202	8
7204	48
7205	43
7206	62
7208	61
7210	123
7211	1
7212	66
7213	2
7214	8
7215	57
7216	33
7217	1
7218	14
7219	2
7220	156
7221	4
7222	7
7223	4
7224	43
7225	19
7226	2
7227	3
7228	10
7229	3
7230	120
7231	2
7232	16
7233	2
7234	7
7235	14
7236	12
7237	3
7238	11
7239	2
7240	146
7242	11
7243	1
7244	10
7245	28
7246	6
7247	1
7248	27
7249	1
7250	45
7251	3
7252	8
7253	1
7254	8
7255	8
7256	5
7257	2
7258	4
7259	1
7260	99
7261	1
7262	1
7263	2
7264	16
7265	11
7266	10
7267	1
7268	12
7269	2
7270	31
7271	1
7272	12
7273	1
7274	2
7275	11
7276	5
7277	3
7278	8
7279	1
7280	93
7281	4
7282	3
7283	5
7284	7
7285	10
7286	2
7287	1
7288	14
7289	2
7290	67
7291	1
7292	3
7293	3
7294	1
7295	1
7296	17
7298	8
7299	1
7300	58
7301	2
7302	8
7304	6
7305	8
7306	5
7308	4
7310	19
7311	2
7312	5
7314	4
7315	2
7316	4
7317	1
7318	4
7319	1
7320	84
7322	1
7324	2
7325	7
7326	7
7328	9
7329	1
7330	18
7332	9
7333	1
7334	1
7335	7
7336	6
7338	1
7339	2
7340	33
7341	1
7342	2
7343	1
7344	7
7346	1
7347	2
7348	2
7350	21
7351	2
7352	2
7354	4
7355	2
7356	3
7358	1
7359	1
7360	46
7362	2
7364	8
7365	9
7366	3
7367	1
7368	12
7369	1
7370	9
7371	2
7372	4
7373	1
7374	2
7375	2
7376	7
7377	1
7378	1
7380	29
7382	1
7383	1
7384	5
7385	2
7386	4
7387	1
7388	6
7389	2
7390	12
7392	5
7393	1
7394	2
7395	3
7396	2
7398	1
7400	33
7402	1
7404	6
7405	2
7406	1
7407	2
7408	3
7410	14
7412	4
7414	3
7415	1
7416	3
7417	1
7418	1
7419	1
7420	14
7422	2
7425	1
7428	2
7430	3
7431	1
7433	1
7434	2
7436	3
7437	1
7440	28
7441	1
7445	1
7446	4
7448	3
7449	1
7450	10
7452	2
7454	2
7455	2
7456	2
7458	2
7460	18
7462	1
7464	3
7465	2
7466	1
7467	1
7468	1
7469	1
7470	11
7472	1
7474	1
7475	2
7476	4
7478	1
7480	16
7482	4
7484	3
7485	5
7486	3
7487	1
7488	2
7490	3
7492	3
7494	1
7495	2
7496	1
7500	18
7502	3
7504	5
7505	1
7508	3
7510	5
7512	3
7515	3
7517	1
7518	1
7520	16
7522	1
7523	1
7524	1
7526	1
7527	1
7528	3
7530	10
7532	1
7534	2
7536	2
7538	1
7540	11
7542	2
7546	2
7548	4
7550	4
7554	1
7556	3
7560	15
7562	2
7563	1
7564	1
7566	2
7567	1
7568	2
7569	1
7570	3
7572	1
7574	1
7575	1
7576	1
7578	1
7580	5
7582	1
7587	1
7588	3
7590	4
7594	1
7596	4
7597	1
7598	1
7599	1
7600	16
7601	1
7606	1
7608	6
7610	2
7611	1
7612	2
7614	2
7616	1
7620	4
7621	1
7624	2
7628	1
7630	2
7632	2
7634	1
7635	2
7637	1
7638	1
7640	6
7648	4
7650	3
7653	1
7656	1
7660	4
7662	3
7664	1
7668	1
7670	1
7674	1
7680	20
7684	2
7686	1
7687	1
7688	1
7690	6
7692	2
7694	1
7698	2
7700	8
7701	1
7704	4
7708	3
7710	5
7712	2
7714	1
7715	1
7716	1
7718	1
7719	1
7720	14
7724	1
7725	1
7728	1
7730	2
7732	1
7738	1
7739	1
7740	7
7744	2
7745	1
7746	1
7748	1
7750	1
7752	2
7754	1
7755	1
7756	1
7760	2
7767	1
7768	2
7772	1
7773	1
7776	1
7778	1
7780	1
7784	2
7787	1
7788	1
7790	3
7792	2
7794	2
7796	1
7800	5
7804	2
7805	1
7807	1
7808	2
7810	5
7812	2
7823	1
7824	4
7827	1
7828	1
7830	5
7834	1
7835	1
7836	1
7840	13
7844	1
7845	1
7848	3
7858	1
7860	5
7862	1
7863	1
7864	1
7870	2
7874	1
7876	2
7878	1
7880	4
7885	1
7890	2
7893	1
7894	1
7897	1
7898	1
7900	1
7904	1
7906	1
7912	2
7920	6
7926	1
7932	1
7935	3
7936	4
7938	1
7940	1
7945	1
7956	1
7960	3
7962	1
7964	1
7965	1
7966	1
7970	2
7972	1
7976	1
7984	2
7990	1
7995	1
8000	13
8004	2
8005	2
8006	2
8008	1
8010	3
8012	1
8018	1
8020	2
8024	1
8025	1
8034	2
8036	2
8037	1
8040	1
8043	1
8046	1
8048	1
8052	1
8054	1
8056	1
8060	5
8061	1
8062	1
8066	1
8070	1
8072	2
8074	1
8075	1
8080	2
8082	2
8084	1
8086	1
8090	2
8096	1
8098	2
8100	23
8104	2
8106	1
8108	2
8110	1
8112	1
8115	2
8116	1
8120	1
8122	1
8123	1
8124	3
8126	1
8130	2
8134	1
8136	1
8140	2
8142	1
8144	2
8146	1
8148	1
8150	1
8152	1
8156	2
8160	8
8164	1
8165	1
8168	1
8170	1
8172	3
8180	4
8183	1
8186	1
8190	1
8192	2
8194	1
8196	1
8197	1
8200	1
8202	1
8220	3
8226	1
8228	1
8236	1
8240	1
8242	1
8244	1
8248	1
8250	2
8252	2
8260	2
8276	2
8278	1
8280	4
8281	1
8300	1
8306	2
8310	1
8313	1
8324	1
8330	1
8332	1
8336	1
8338	2
8340	2
8348	3
8355	1
8356	2
8358	1
8360	2
8362	1
8370	2
8372	1
8373	1
8378	1
8380	4
8400	2
8405	1
8412	2
8420	1
8434	1
8440	3
8448	1
8450	1
8456	1
8469	1
8470	1
8472	1
8480	3
8482	1
8492	1
8494	1
8500	2
8510	1
8511	1
8524	1
8525	2
8530	2
8552	1
8558	1
8568	1
8570	1
8576	1
8580	1
8582	1
8587	1
8590	1
8592	2
8594	1
8595	1
8612	1
8615	1
8630	1
8632	1
8640	50
8644	4
8646	5
8648	6
8650	13
8654	1
8655	5
8658	1
8660	6
8664	5
8665	1
8668	1
8669	1
8670	6
8672	1
8678	1
8679	1
8680	14
8682	1
8685	1
8688	1
8690	4
8691	1
8698	1
8700	5
8705	1
8706	1
8708	1
8710	7
8712	2
8715	2
8716	1
8720	6
8730	2
8732	1
8735	2
8736	1
8740	3
8742	2
8744	1
8748	2
8749	1
8754	1
8756	2
8760	1
8762	2
8768	1
8770	2
8772	2
8780	3
8781	1
8783	1
8784	2
8787	1
8788	1
8790	1
8800	2
8802	1
8805	1
8810	4
8813	1
8816	2
8820	6
8826	1
8830	1
8832	1
8834	1
8836	1
8840	2
8841	1
8844	1
8848	2
8849	1
8852	1
8862	1
8870	1
8880	5
8888	1
8890	1
8892	2
8896	1
8897	1
8900	1
8906	1
8910	1
8918	1
8920	3
8922	1
8923	1
8928	3
8940	1
8946	1
8948	1
8952	1
8954	1
8956	1
8985	1
8988	1
8994	1
8996	1
9000	3
9003	1
9006	1
9020	1
9024	1
9028	1
9032	1
9036	1
9040	1
9042	1
9044	1
9050	2
9053	1
9064	1
9072	1
9074	1
9077	1
9080	1
9081	1
9100	1
9102	1
9108	1
9112	1
9116	1
9120	1
9122	1
9126	1
9132	2
9135	1
9148	1
9150	1
9154	1
9162	1
9176	1
9179	1
9182	1
9192	2
9195	1
9198	2
9208	1
9210	2
9224	1
9239	1
9240	4
9250	1
9260	2
9270	1
9274	1
9280	1
9286	1
9296	1
9300	1
9309	1
9342	1
9360	2
9390	1
9454	1
9566	1
9580	1
9600	1044
9602	2
9604	43
9605	30
9606	33
9607	1
9608	68
9609	1
9610	160
9612	57
9613	1
9614	5
9615	40
9616	27
9618	13
9619	1
9620	135
9621	2
9622	6
9623	3
9624	41
9625	21
9626	3
9627	4
9628	15
9630	92
9631	1
9632	5
9634	8
9635	17
9636	12
9638	6
9639	1
9640	132
9642	2
9644	7
9645	21
9646	5
9648	26
9649	1
9650	45
9651	2
9652	4
9653	1
9654	6
9655	16
9656	11
9657	2
9658	3
9659	3
9660	106
9661	2
9663	3
9664	7
9665	8
9666	2
9668	6
9669	1
9670	35
9672	8
9674	3
9675	7
9676	5
9678	6
9679	1
9680	86
9682	1
9684	11
9685	5
9686	2
9687	2
9688	7
9689	1
9690	45
9692	6
9694	2
9695	4
9696	10
9697	1
9698	4
9700	46
9702	2
9704	3
9705	7
9706	3
9707	1
9708	8
9710	22
9711	1
9712	10
9714	4
9715	4
9716	5
9718	2
9719	1
9720	91
9724	3
9725	2
9726	6
9728	3
9730	21
9731	2
9732	4
9734	5
9735	7
9736	5
9738	1
9740	37
9741	1
9742	2
9744	9
9745	1
9746	2
9747	3
9748	3
9750	22
9752	6
9754	1
9755	2
9756	7
9758	1
9760	35
9762	3
9764	3
9765	5
9766	2
9767	1
9768	6
9770	15
9772	4
9773	1
9774	1
9776	2
9779	1
9780	40
9782	2
9784	3
9785	2
9786	4
9787	1
9788	3
9790	13
9792	3
9795	2
9796	1
9800	28
9801	1
9802	2
9804	3
9808	2
9809	1
9810	7
9811	1
9812	3
9814	2
9815	1
9816	6
9818	3
9819	1
9820	20
9822	5
9823	1
9824	2
9825	5
9826	1
9828	2
9829	1
9830	5
9832	2
9834	1
9835	2
9836	2
9840	29
9841	1
9842	2
9843	1
9845	4
9846	1
9848	7
9849	1
9850	10
9851	1
9852	7
9854	1
9856	1
9860	16
9862	2
9863	1
9864	4
9865	2
9866	1
9867	1
9868	3
9869	1
9870	15
9872	2
9874	3
9876	2
9878	2
9879	2
9880	16
9882	2
9884	2
9885	2
9888	6
9890	5
9892	3
9898	1
9900	13
9904	1
9910	3
9912	3
9915	2
9916	3
9917	1
9920	9
9922	1
9923	1
9924	3
9927	1
9930	6
9931	2
9932	1
9934	1
9936	4
9940	9
9943	1
9944	1
9948	1
9950	2
9956	1
9958	1
9960	16
9965	2
9966	1
9968	3
9969	1
9970	2
9972	1
9974	3
9975	2
9976	1
9978	1
9980	5
9984	1
9985	1
9988	2
9990	3
9995	1
9999	1
10000	15
10002	2
10004	2
10005	2
10006	1
10007	1
10008	1
10010	2
10012	1
10020	7
10024	2
10026	2
10028	2
10030	5
10032	2
10035	1
10036	3
10040	6
10048	2
10050	3
10054	1
10056	1
10060	5
10064	1
10065	1
10068	2
10069	1
10074	2
10080	8
10084	1
10085	2
10088	1
10090	4
10095	1
10096	3
10097	1
10100	3
10102	1
10107	1
10109	1
10110	1
10116	1
10118	1
10120	6
10130	2
10132	2
10136	1
10138	1
10140	6
10148	2
10150	3
10152	1
10154	1
10160	2
10166	2
10170	3
10172	1
10175	1
10180	3
10185	1
10198	1
10200	5
10206	1
10212	1
10220	4
10228	1
10235	1
10240	4
10242	1
10250	1
10253	1
10254	1
10260	5
10264	2
10272	2
10275	2
10280	2
10288	1
10298	1
10310	1
10312	1
10313	1
10320	7
10330	2
10340	1
10342	1
10346	1
10348	1
10349	1
10350	1
10356	1
10364	1
10365	1
10367	1
10380	1
10390	2
10400	4
10410	2
10420	2
10432	1
10440	2
10450	1
10452	1
10464	1
10471	1
10480	2
10485	1
10486	1
10500	5
10501	1
10506	1
10530	1
10536	1
10548	1
10554	2
10560	3
10568	1
10572	2
10575	1
10580	4
10584	1
10590	1
10600	2
10605	1
10610	1
10620	1
10638	1
10640	2
10642	1
10644	1
10672	1
10680	1
10681	1
10714	1
10726	1
10730	1
10750	1
10770	1
10774	1
10796	1
10800	119
10804	4
10805	1
10806	7
10808	7
10810	10
10812	4
10814	1
10815	4
10816	10
10818	1
10819	1
10820	12
10822	2
10824	7
10825	4
10827	2
10828	1
10830	7
10832	1
10833	1
10834	1
10835	3
10836	1
10840	12
10844	3
10845	2
10848	5
10850	4
10852	1
10855	1
10860	18
10865	3
10866	1
10867	1
10868	1
10870	3
10871	2
10875	1
10876	1
10880	8
10885	2
10888	2
10890	11
10892	2
10894	1
10896	1
10900	7
10903	1
10910	3
10915	1
10916	1
10918	1
10920	6
10921	1
10925	1
10928	2
10930	3
10932	1
10933	1
10935	3
10940	3
10943	1
10944	1
10950	3
10954	1
10956	3
10960	3
10970	2
10980	8
10983	1
10985	1
10989	1
10990	1
11000	1
11007	1
11010	1
11014	1
11019	1
11023	1
11028	1
11036	1
11040	5
11050	1
11058	1
11060	3
11062	2
11066	1
11068	1
11070	3
11076	1
11080	1
11082	1
11088	3
11100	1
11104	1
11106	1
11128	1
11138	1
11140	1
11144	2
11145	1
11166	1
11170	1
11175	1
11180	1
11200	2
11202	1
11220	1
11229	1
11236	1
11240	2
11248	1
11250	1
11277	1
11280	2
11286	1
11296	1
11300	2
11302	1
11320	2
11354	1
11358	1
11366	1
11400	1
11406	1
11421	2
11428	1
11440	1
11448	1
11456	1
11519	1
11520	4
11528	1
11530	1
11540	2
11547	1
11550	1
11560	1
11570	1
11576	2
11580	2
11586	1
11600	2
11626	1
11651	1
11664	1
11666	1
11685	1
11700	2
11704	1
11712	1
11737	1
11751	1
11778	1
11814	1
11856	1
11880	1
11888	1
11917	1
11918	1
11930	1
11931	1
11955	1
12000	4
12002	1
12014	1
12015	1
12018	1
12020	1
12024	3
12036	1
12038	1
12045	1
12072	1
12092	1
12113	1
12130	1
12132	1
12136	1
12156	1
12170	1
12184	1
12207	1
12208	1
12216	1
12272	2
12322	1
12344	1
12350	1
12417	1
12452	1
12511	1
12531	1
12532	1
12552	1
12554	1
12800	122
12804	5
12806	2
12808	11
12810	15
12812	13
12815	1
12816	1
12818	1
12820	22
12822	2
12824	3
12825	1
12828	1
12830	9
12832	5
12834	1
12835	1
12836	2
12838	2
12840	21
12841	1
12848	3
12850	5
12852	2
12855	1
12856	2
12858	2
12860	16
12862	2
12864	1
12865	1
12868	1
12870	3
12872	3
12876	1
12878	1
12880	12
12881	1
12884	1
12888	4
12890	9
12892	2
12894	1
12896	1
12900	9
12905	1
12910	4
12912	1
12920	10
12924	2
12928	2
12929	1
12930	4
12932	1
12935	1
12940	6
12942	2
12944	1
12946	2
12948	2
12950	1
12952	2
12954	1
12955	1
12960	19
12966	1
12968	3
12970	2
12972	2
12974	3
12976	1
12978	1
12980	5
13000	5
13008	1
13010	1
13016	4
13018	2
13020	4
13024	1
13028	1
13030	1
13032	1
13039	1
13040	3
13056	1
13060	3
13063	1
13064	2
13070	5
13076	1
13078	1
13080	3
13088	2
13090	1
13094	1
13096	2
13100	2
13103	1
13104	1
13110	1
13120	3
13130	2
13140	3
13148	1
13160	3
13170	1
13176	1
13200	1
13202	1
13210	1
13228	1
13230	1
13236	1
13244	1
13260	2
13264	1
13280	2
13290	1
13300	1
13338	1
13340	1
13360	1
13390	1
13400	1
13434	1
13440	1
13452	1
13455	1
13468	1
13479	1
13480	1
13500	1
13507	1
13520	1
13536	1
13542	1
13576	1
13592	1
13600	2
13602	1
13606	1
13610	1
13620	1
13636	1
13660	1
13711	1
13732	1
13759	1
13760	1
13830	1
13850	1
13860	1
13886	1
13910	1
14013	1
14084	1
14114	1
14386	1
14400	237
14402	1
14404	5
14405	7
14406	7
14408	19
14410	32
14412	12
14413	1
14414	2
14415	11
14416	14
14418	7
14419	1
14420	36
14421	2
14422	3
14424	8
14425	2
14426	1
14427	1
14428	2
14429	1
14430	28
14431	1
14432	2
14433	1
14434	2
14435	2
14436	8
14437	1
14438	2
14440	44
14442	2
14443	2
14444	2
14445	3
14446	2
14447	1
14448	7
14449	1
14450	7
14454	1
14455	2
14456	6
14459	1
14460	35
14461	1
14464	2
14465	3
14466	1
14468	1
14470	7
14472	1
14474	1
14475	1
14476	3
14478	1
14480	31
14481	1
14482	2
14485	2
14487	1
14488	2
14490	21
14492	4
14493	1
14494	5
14495	1
14499	2
14500	18
14507	1
14508	1
14510	5
14512	4
14514	2
14515	2
14516	2
14520	20
14524	1
14525	1
14526	2
14528	1
14530	7
14532	2
14535	1
14540	8
14542	2
14544	1
14546	1
14548	1
14550	1
14554	1
14555	1
14556	1
14558	1
14560	5
14564	2
14565	2
14566	1
14568	5
14570	3
14574	1
14576	3
14578	1
14580	11
14582	1
14584	1
14588	2
14590	4
14592	3
14594	1
14600	4
14602	1
14604	1
14606	1
14607	1
14608	1
14610	3
14612	1
14614	1
14616	2
14620	5
14622	1
14625	1
14626	1
14628	1
14629	1
14636	1
14639	1
14640	6
14650	2
14652	2
14655	3
14660	3
14663	1
14667	1
14670	4
14673	1
14675	1
14682	1
14684	1
14686	1
14687	1
14688	1
14690	2
14691	1
14696	1
14700	2
14712	2
14715	1
14720	1
14728	1
14730	1
14734	1
14744	1
14748	1
14750	1
14752	1
14760	7
14762	1
14766	1
14772	1
14775	1
14780	5
14788	1
14790	2
14800	4
14802	1
14805	1
14814	2
14816	1
14819	1
14820	3
14821	1
14826	1
14830	1
14840	3
14850	2
14860	1
14864	1
14866	1
14880	2
14890	2
14895	1
14896	2
14905	1
14908	1
14910	2
14920	1
14924	1
14925	2
14940	1
14943	1
14945	1
14946	1
14951	1
14952	1
14956	1
14969	1
14982	1
15000	3
15004	2
15006	1
15015	1
15020	1
15090	1
15092	1
15112	1
15138	2
15150	1
15154	1
15165	1
15168	1
15176	1
15180	1
15196	1
15220	1
15230	1
15290	1
15300	2
15376	1
15392	1
15396	1
15408	1
15470	1
15496	1
15570	1
15600	1
15626	1
15668	1
15756	1
15840	1
16000	2
16010	1
16012	1
16168	1
16200	7
16208	1
16220	1
16236	1
16240	1
16260	1
16276	1
16294	1
16296	1
16312	1
16340	2
16360	2
16378	1
16388	1
16420	1
16431	1
16450	1
16472	1
16478	1
16545	1
16560	1
16569	1
16572	1
16600	1
16692	1
16699	1
16704	1
16920	1
16955	1
17000	1
17310	2
17324	1
17354	1
17356	1
17394	1
17480	1
17576	1
17594	1
17604	1
17922	1
18006	1
18016	1
18152	1
18172	1
18260	1
18320	1
18360	1
18412	1
18424	2
18461	1
18551	1
18584	1
18616	1
18786	1
18788	1
19200	80
19204	3
19205	1
19206	4
19208	10
19210	22
19212	3
19216	2
19218	1
19220	11
19222	1
19223	1
19224	1
19227	1
19228	2
19230	10
19232	1
19235	2
19236	1
19240	9
19242	1
19245	1
19248	2
19250	7
19251	1
19252	1
19255	1
19260	7
19264	2
19265	2
19268	1
19272	1
19275	1
19279	1
19280	11
19284	1
19288	1
19290	6
19296	2
19300	4
19302	3
19308	1
19309	1
19310	1
19312	2
19314	1
19320	6
19323	1
19328	3
19330	2
19336	1
19340	1
19343	1
19346	1
19354	1
19356	1
19358	1
19360	3
19364	2
19366	1
19370	1
19380	5
19382	1
19384	1
19387	1
19392	2
19400	3
19402	1
19408	1
19410	1
19415	1
19420	1
19424	1
19425	1
19432	1
19440	4
19448	1
19450	1
19469	1
19474	1
19480	2
19482	1
19484	1
19485	1
19498	1
19500	1
19520	1
19530	1
19540	1
19548	1
19568	1
19570	1
19580	2
19595	1
19600	1
19612	1
19638	1
19650	1
19686	1
19700	1
19710	1
19724	1
19732	1
19764	1
19770	1
19878	1
19888	1
19910	1
19912	2
19925	1
19984	1
19998	1
20008	1
20092	1
20160	1
20228	1
20266	1
20430	1
20651	1
20718	1
20742	1
21000	1
21600	31
21606	2
21608	3
21610	4
21612	3
21615	3
21616	2
21620	2
21623	1
21624	2
21630	8
21632	1
21636	1
21638	1
21639	1
21640	5
21646	1
21660	4
21662	1
21675	2
21680	2
21682	1
21684	1
21688	1
21690	3
21700	1
21714	1
21720	5
21722	1
21726	1
21728	1
21732	1
21740	1
21752	1
21756	1
21760	1
21762	1
21764	1
21768	1
21780	1
21785	1
21790	1
21792	1
21795	1
21805	1
21810	1
21813	1
21816	1
21824	1
21825	1
21830	1
21840	2
21844	1
21850	1
21860	1
21864	1
21876	1
21975	1
22000	1
22020	1
22058	1
22082	1
22184	1
22200	1
22262	1
22384	1
22620	1
24008	1
24024	1
24042	1
24098	1
24139	1
24256	1
24300	1
24356	1
24553	1
24731	1
24808	1
25600	3
25612	2
25636	1
25640	1
25676	1
25708	1
25802	1
26517	1
27854	1
28800	17
28808	1
28810	2
28812	3
28815	1
28820	2
28824	1
28832	1
28838	1
28840	3
28845	1
28850	1
28860	4
28868	1
28880	3
28899	1
28920	3
28928	1
28944	1
28950	1
28960	3
28964	1
28979	1
28988	1
29000	1
29020	1
29032	1
29072	1
29098	1
29132	1
29142	1
29150	1
29156	1
29199	1
29214	1
29224	1
29230	1
29232	1
29242	1
29324	1
29434	1
29449	1
29568	1
29640	1
29900	1
31607	1
32400	4
32404	1
32428	1
32468	1
32475	1
32490	1
32520	1
32532	1
32548	1
32580	1
32788	1
33060	1
35084	1
36366	1
36376	1
36825	1
36872	1
38404	1
38420	1
38424	1
38430	2
39196	1
40133	1
40204	1
43200	1
43210	2
43260	1
43269	1
43283	1
43286	1
43461	1
44050	1
44220	1
46111	1
57600	1
57624	1
57740	1
57936	1
64840	1
86762	1
102057	1
