RTP and Standard Deviation Breakdown
Name	RTP	StDev
Initial	0.481191	112.7
Tumbles	0.977799	316.5
Base Total	1.45899	348.8
Free Spins	1.26576	945.9
Total	2.72475	1008
----------------------------------------
Iterations	1000000000
Total Pay	3.797e+10
Feature Hits
Feature	Hits	Hit Rate
Base	222155900	4.5013434
Base Win	217924946	4.5887358
FS Tease	44597812	22.422625
Free Spins	6248838	160.02975
FS Trigger 3	5782040	172.94934
FS Trigger 4	443182	2256.4093
FS Trigger 5	22763	43930.941
FS Trigger 6	853	1172332.9
----------------------------------------
Base Hits
Symbol	1	2	3	4	5	6
WL	0	0	0	0	0	0
R1	0	0	113546990	68269500	29169653	14868402
R2	0	0	156109347	86641622	33832147	16726843
R3	0	0	113790864	62704307	46690419	22642266
R4	0	0	76481525	42598707	22360842	14055788
R5	0	0	3916930	984119	151077	165181
R6	0	0	4476204	1739551	254011	288154
S1	0	0	18538404	7444995	3098571	1307076
S2	0	0	16255236	5259257	1346927	772787
S3	0	0	15056193	5249727	1130611	1146451
S4	0	0	9819933	2690516	404033	545974
F1	0	0	0	0	0	0
F2	0	0	0	0	0	0
F3	0	0	0	0	0	0
----------------------------------------
Free Hits
Symbol	1	2	3	4	5	6
WL	0	0	0	0	0	0
R1	0	0	10607237	7071675	2435746	1660680
R2	0	0	17540971	9640355	2519173	1974311
R3	0	0	8000431	4515637	2987817	1986715
R4	0	0	11177494	6299217	3317983	2088199
R5	0	0	131092	25955	4655	1371
R6	0	0	194306	44365	10110	3832
S1	0	0	2991714	2072020	1197752	1459621
S2	0	0	3151330	2268592	1332697	1617847
S3	0	0	2442052	1617137	924123	1012425
S4	0	0	2909073	1820753	1043767	1104419
F1	0	0	0	0	0	0
F2	0	0	0	0	0	0
F3	0	0	0	0	0	0
----------------------------------------
Average Free Spins: 	10.393087
----------------------------------------
Average Tumbles Base: 	1.7106346
----------------------------------------
Average Tumbles Free: 	1.9439658
----------------------------------------
Tumble Frequencies Base
Number Tumble	Frequency
1	130531392
2	46468879
3	23959682
4	10787236
5	3835896
6	1538844
7	589032
8	174856
9	33669
10	4940
11	471
12	37
13	10
14	1
15	1
----------------------------------------
Multiplier Hit Rate: 	15.397923
Average Final Multiplier: 	1.1678414
Final Multiplier Frequencies
Multiplier	Frequency
1	935056177
2	36989567
3	12234545
4	5325074
5	2337284
6	987037
7	400581
8	156542
9	57958
10	19888
11	3162751
12	1576913
13	826354
14	407707
15	183048
16	77588
17	31534
18	12248
19	4475
20	1487
21	53324
22	44129
23	26967
24	13715
25	6119
26	2644
27	1039
28	442
29	176
30	60
31	796
32	793
33	535
34	299
35	107
36	37
37	24
38	8
39	2
40	1
41	7
42	6
43	8
44	3
45	1
----------------------------------------
Average Final Multiplier Free Spins: 	20.461634
Final Multiplier Frequencies Free Spins
Multiplier	Frequency
1	123567
2	92782
3	187601
4	155123
5	208343
6	182654
7	208738
8	187281
9	200806
10	182107
11	186465
12	186667
13	183495
14	188854
15	183118
16	190046
17	181544
18	186075
19	176722
20	176170
21	165212
22	160774
23	151947
24	144425
25	138103
26	131263
27	125304
28	118200
29	113694
30	106210
31	101430
32	94557
33	88918
34	82616
35	77467
36	71806
37	67045
38	62182
39	57730
40	53352
41	48983
42	45792
43	42143
44	38908
45	35553
46	32608
47	29765
48	27774
49	25050
50	23253
51	20889
52	18898
53	17468
54	15746
55	14409
56	13132
57	11845
58	10708
59	9721
60	8812
61	7982
62	7037
63	6446
64	5762
65	5303
66	4729
67	4081
68	3691
69	3395
70	3093
71	2794
72	2398
73	2235
74	1991
75	1785
76	1618
77	1400
78	1213
79	1124
80	965
81	843
82	812
83	699
84	667
85	507
86	526
87	427
88	404
89	337
90	308
91	285
92	252
93	218
94	183
95	169
96	144
97	132
98	117
99	103
100	114
101	78
102	72
103	60
104	73
105	41
106	43
107	38
108	38
109	27
110	23
111	20
112	22
113	19
114	21
115	18
116	12
117	9
118	13
119	6
120	6
121	9
122	7
123	4
124	5
125	9
126	4
128	3
129	2
130	3
131	2
132	2
134	4
139	1
140	1
142	1
149	1
153	1
154	1
----------------------------------------
Boost Statistics (Free Games)
Standard Boosts (+1):	76344139	(Total Mult: 76344139)
Superboosts (+10):	4526846	(Total Mult: 45268460)
Superboost %:	5.598%
Avg Mult per Boost:	1.504

Boost Level Frequencies (Free Games)
Boost Level	Frequency
1	76344139
2	4526846
----------------------------------------
Wins with Superboosts
Base Game Wins:	217924946
Base Game Wins with Superboost:	6426472	(2.949%)
Free Game Wins:	21551742
Free Game Wins with Superboost:	4022332	(18.66%)
----------------------------------------
Final Multiplier Frequencies Free Spins (split by initial multiplier)
Init Multiplier: 1
Average Final Multiplier (init 1):	20.46
Final Mult	Frequency
1	123567
2	92782
3	187601
4	155123
5	208343
6	182654
7	208738
8	187281
9	200806
10	182107
11	186465
12	186667
13	183495
14	188854
15	183118
16	190046
17	181544
18	186075
19	176722
20	176170
21	165212
22	160774
23	151947
24	144425
25	138103
26	131263
27	125304
28	118200
29	113694
30	106210
31	101430
32	94557
33	88918
34	82616
35	77467
36	71806
37	67045
38	62182
39	57730
40	53352
41	48983
42	45792
43	42143
44	38908
45	35553
46	32608
47	29765
48	27774
49	25050
50	23253
51	20889
52	18898
53	17468
54	15746
55	14409
56	13132
57	11845
58	10708
59	9721
60	8812
61	7982
62	7037
63	6446
64	5762
65	5303
66	4729
67	4081
68	3691
69	3395
70	3093
71	2794
72	2398
73	2235
74	1991
75	1785
76	1618
77	1400
78	1213
79	1124
80	965
81	843
82	812
83	699
84	667
85	507
86	526
87	427
88	404
89	337
90	308
91	285
92	252
93	218
94	183
95	169
96	144
97	132
98	117
99	103
100	114
101	78
102	72
103	60
104	73
105	41
106	43
107	38
108	38
109	27
110	23
111	20
112	22
113	19
114	21
115	18
116	12
117	9
118	13
119	6
120	6
121	9
122	7
123	4
124	5
125	9
126	4
128	3
129	2
130	3
131	2
132	2
134	4
139	1
140	1
142	1
149	1
153	1
154	1
----------------------------------------
Elapsed time: 597 seconds
