Pay	Frequency
0	782099316
2	12271687
4	24347596
5	12592379
6	2741842
7	959351
8	21778302
9	641912
10	22264701
11	123099
12	6172615
13	634143
14	2190510
15	2945301
16	10893406
17	203829
18	1738868
19	167689
20	22850135
21	406180
22	815769
23	173457
24	4447295
25	430143
26	716911
27	47185
28	1743687
29	81072
30	5554356
31	69732
32	3543741
33	33060
34	432726
35	110477
36	1226494
37	49189
38	257482
39	40027
40	14743972
41	8755
42	532576
43	4992
44	820011
45	586680
46	188323
47	19374
48	1722017
49	12320
50	626733
51	17466
52	341412
53	19286
54	139618
55	127829
56	643245
57	17427
58	66388
59	1101
60	5600553
61	7321
62	122650
63	28162
64	695460
65	84348
66	140321
67	4639
68	258596
69	22768
70	180796
71	1554
72	412022
73	936
74	33581
75	20334
76	135846
77	32364
78	63452
79	728
80	5981219
81	7125
82	61917
83	256
84	279596
85	99537
86	9458
87	9629
88	489487
89	1242
90	812957
91	245
92	73234
93	10618
94	24901
95	19131
96	358776
97	669
98	17836
99	18772
100	608584
101	898
102	34891
103	156
104	58831
105	9712
106	14887
107	112
108	63061
109	108
110	253527
111	4993
112	95233
113	88
114	23680
115	764
116	16396
117	4175
118	1135
119	84
120	3482558
121	5132
122	42930
123	1534
124	80678
125	53890
126	30263
127	1984
128	117946
129	1602
130	83039
131	126
132	208846
133	225
134	4938
135	37805
136	61323
137	274
138	15732
139	277
140	96624
141	2752
142	1577
143	20692
144	110167
145	1223
146	1020
147	1751
148	7370
149	118
150	70435
151	43
152	26556
153	665
154	65916
155	892
156	19638
157	25
158	729
159	2042
160	1670286
161	8
162	20052
163	6
164	26903
165	71916
166	1090
167	384
168	70710
169	415
170	42656
171	807
172	3846
173	101
174	4388
175	3407
176	226186
177	284
178	736
179	17
180	645210
181	31
182	5255
183	1117
184	15297
185	7658
186	7209
187	9221
188	10995
189	963
190	17408
191	23
192	75964
193	22
194	676
195	2581
196	7726
197	39
198	66927
199	13
200	608016
201	768
202	3854
203	8
204	18866
205	8939
206	421
207	583
208	6939
209	7846
210	21935
211	4
212	3706
213	288
214	174
215	1319
216	29865
217	12
218	126
219	186
220	207362
221	306
222	1664
223	2
224	8077
225	1187
226	103
227	5
228	9259
229	9
230	2758
231	15864
232	1426
233	7
234	2800
235	49
236	302
237	161
238	55
240	1435455
242	36303
243	177
244	26070
245	19913
246	3189
247	628
248	25749
249	210
250	30562
251	15
252	17235
253	9308
254	1655
255	3330
256	18002
257	27
258	1126
259	27
260	31658
261	266
262	168
263	5
264	108423
265	228
266	159
267	116
268	1542
269	7
270	53090
271	2
272	7064
273	615
274	326
275	5670
276	6257
277	7
278	278
279	77
280	20415
282	1550
284	419
285	697
286	26187
287	1
288	31646
289	4
290	1504
291	108
292	249
293	6
294	2087
295	49
296	805
297	2345
298	82
299	492
300	114720
302	564
303	91
304	2115
305	631
306	781
307	3
308	45574
309	44
310	2510
312	11460
313	1
314	28
315	636
316	162
318	789
319	4073
320	319787
321	31
322	2430
324	7195
325	3457
326	64
327	85
328	3355
329	14
330	77807
331	1
332	382
333	31
334	201
335	363
336	19979
338	1094
339	17
340	8215
341	4219
342	300
344	410
345	62
346	51
348	1968
350	1265
351	249
352	47956
354	96
355	10
356	77
357	159
358	10
360	331477
362	1813
363	1400
364	4670
365	4080
366	2564
367	43
368	3221
369	15
370	5319
371	3
372	5912
373	6
374	16724
375	1023
376	2145
377	182
378	1783
379	1
380	6416
381	329
382	32
383	6
384	16693
385	2025
386	38
387	57
388	153
390	2545
391	1
392	1094
393	24
394	27
395	7
396	22468
398	12
399	142
400	484309
402	3662
403	324
404	3677
405	10252
406	236
407	2557
408	8898
409	38
410	12359
411	44
412	277
413	7
414	301
415	1284
416	1548
417	59
418	9461
419	2
420	14868
421	5
422	30
423	45
424	382
425	122
426	99
427	1
428	89
429	1419
430	1915
432	9248
434	35
435	41
436	41
437	4
438	57
440	95582
441	231
442	664
444	1153
445	159
446	2
447	13
448	504
449	1
450	6921
451	564
452	44
453	19
454	20
455	114
456	4156
458	10
459	7
460	2005
462	12157
464	50
465	19
466	3
468	1691
470	224
471	3
472	23
473	353
474	24
475	4
476	26
477	6
480	389364
481	127
482	2833
483	198
484	15436
485	4352
486	594
487	54
488	4956
489	29
490	7487
491	2
492	1216
493	3
494	771
495	7874
496	2875
497	7
498	138
499	1
500	6750
501	37
502	18
504	6338
505	41
506	5468
507	151
508	255
509	1
510	1321
512	1191
514	16
515	8
516	349
517	1068
518	22
519	6
520	4956
522	51
524	55
525	177
526	6
528	23748
530	149
531	4
532	39
533	47
534	14
535	6
536	91
537	1
538	4
539	686
540	34871
542	139
543	4
544	453
545	307
546	1213
547	3
548	116
549	8
550	8158
552	2957
554	3
555	105
556	67
558	50
559	46
560	2267
561	270
562	1
564	928
565	6
566	1
567	68
568	16
570	327
572	5250
573	1
574	4
575	2
576	6039
578	6
579	4
580	477
582	47
583	974
584	19
585	87
586	2
588	1212
590	18
591	5
592	26
594	1781
596	10
597	4
598	400
600	116516
602	556
603	2
604	609
605	2208
606	147
607	6
608	342
609	108
610	2175
611	86
612	300
614	17
615	213
616	7307
617	1
618	18
620	2423
621	5
622	6
624	2255
625	15
626	1
627	245
628	12
630	823
632	19
633	2
636	446
637	37
638	1388
639	1
640	36612
642	201
644	811
645	240
646	2
647	1
648	1408
649	81
650	838
651	100
652	38
654	23
655	25
656	129
657	2
658	14
660	61151
662	1
663	38
664	17
665	3
666	6
667	1
668	11
669	1
670	90
671	420
672	2971
675	12
676	267
678	4
680	981
682	3642
684	179
685	6
686	2
687	1
688	16
689	46
690	59
692	2
693	330
696	602
699	1
700	257
702	167
704	8055
708	59
710	7
712	3
713	3
714	266
715	1357
716	2
720	115687
722	687
724	979
725	1251
726	1931
727	14
728	899
729	2
730	1785
731	1
732	954
733	1
734	33
735	283
736	320
737	288
738	90
739	4
740	1395
741	81
742	8
744	1877
745	12
746	4
747	15
748	4870
750	467
752	137
753	3
754	105
755	3
756	741
758	2
759	218
760	936
762	56
764	4
765	63
766	1
767	13
768	2900
770	2970
771	6
772	9
774	21
775	2
776	8
777	60
780	740
781	105
782	5
783	5
784	65
786	16
788	4
789	2
790	2
792	4196
793	34
796	1
798	191
800	252521
802	1882
803	58
804	2533
805	4040
806	244
807	30
808	1222
809	9
810	7995
812	143
813	3
814	657
815	542
816	2294
818	16
819	55
820	4986
821	2
822	22
824	61
825	456
826	7
828	115
829	1
830	886
831	1
832	329
834	10
835	11
836	2265
838	1
840	3895
842	5
844	13
845	69
846	4
847	120
848	20
850	129
852	67
854	2
855	6
856	11
858	435
860	795
861	9
864	1659
865	2
868	19
869	52
870	22
871	24
872	5
874	4
876	32
878	1
880	36581
882	195
884	239
885	5
888	297
890	106
891	49
892	1
894	2
895	4
896	38
897	25
900	10731
902	1858
903	10
904	30
905	35
906	27
907	1
908	15
910	261
912	1068
913	22
915	6
916	2
918	1
920	627
921	1
922	1
923	10
924	3531
925	4
928	2
930	17
935	1141
936	399
938	4
940	127
943	1
944	1
945	59
946	308
948	38
949	6
950	13
952	9
956	1
957	96
960	66895
961	2
962	409
964	1039
965	483
966	218
967	3
968	1648
969	3
970	1109
971	1
972	127
974	30
975	98
976	305
977	1
978	10
979	47
980	964
981	4
984	517
985	5
986	1
987	14
988	175
990	9681
992	128
993	1
994	1
995	4
996	22
998	2
1000	762
1001	28
1002	4
1004	2
1005	10
1008	1365
1010	19
1012	869
1014	43
1016	6
1017	1
1020	272
1022	1
1023	13
1024	30
1027	8
1028	3
1029	20
1030	2
1032	161
1034	673
1035	1
1036	7
1040	400
1044	38
1045	331
1048	3
1050	97
1053	4
1056	2274
1058	2
1060	38
1062	1
1064	12
1066	39
1067	46
1068	15
1071	7
1072	3
1078	639
1079	9
1080	14650
1082	69
1084	76
1085	137
1086	84
1088	44
1089	21
1090	168
1092	275
1094	1
1095	40
1096	14
1098	12
1100	5750
1101	3
1104	446
1105	13
1106	1
1107	2
1108	2
1110	63
1111	47
1112	4
1113	23
1116	40
1118	17
1119	1
1120	151
1122	265
1124	1
1125	6
1128	310
1130	5
1131	8
1132	1
1133	14
1134	53
1140	110
1144	428
1147	1
1148	1
1149	1
1150	2
1152	506
1155	136
1156	5
1157	4
1158	2
1160	62
1162	1
1164	21
1165	1
1166	311
1170	59
1176	366
1177	12
1178	1
1179	1
1180	6
1182	1
1183	1
1188	262
1196	60
1197	8
1199	10
1200	75168
1202	453
1204	483
1205	997
1206	153
1207	7
1208	222
1209	11
1210	2042
1212	140
1214	15
1215	188
1216	63
1218	35
1219	2
1220	1243
1221	17
1222	36
1224	187
1225	9
1226	2
1228	1
1230	195
1232	585
1235	10
1236	14
1239	1
1240	648
1242	4
1243	6
1245	24
1248	187
1250	31
1254	85
1256	2
1260	517
1261	5
1263	1
1264	1
1265	18
1266	5
1270	3
1272	155
1274	43
1276	115
1280	1969
1281	7
1282	6
1284	72
1285	1
1287	19
1288	31
1290	49
1292	1
1296	153
1298	24
1300	88
1302	47
1304	1
1308	8
1309	4
1310	1
1312	2
1316	3
1320	33421
1322	1
1323	4
1326	25
1330	1
1331	1
1332	8
1334	3
1335	2
1339	2
1340	5
1342	1543
1344	257
1350	403
1352	27
1353	3
1356	6
1358	1
1360	82
1364	1985
1365	20
1368	47
1370	4
1375	849
1378	22
1380	30
1382	1
1386	388
1390	5
1391	1
1392	46
1397	127
1400	44
1404	18
1407	6
1408	1477
1410	1
1416	16
1417	1
1419	34
1420	1
1426	2
1428	98
1430	1197
1440	26903
1441	12
1442	153
1443	1
1444	268
1445	166
1446	84
1447	6
1448	143
1449	4
1450	384
1452	555
1454	3
1455	28
1456	54
1458	10
1460	288
1461	2
1463	13
1464	526
1465	2
1467	2
1468	2
1470	110
1472	11
1473	1
1474	116
1475	1
1476	12
1480	158
1482	8
1484	1
1485	496
1488	668
1490	5
1491	3
1495	1
1496	603
1500	191
1504	4
1506	1
1507	8
1508	2
1510	1
1512	216
1518	64
1520	50
1521	3
1524	68
1529	17
1530	9
1534	6
1536	589
1540	1134
1547	1
1548	18
1551	11
1554	14
1560	284
1562	29
1564	2
1570	1
1572	3
1573	15
1575	8
1580	2
1584	761
1586	42
1590	1
1592	1
1595	17
1596	64
1600	83243
1602	538
1604	926
1605	1000
1606	42
1607	12
1608	538
1609	2
1610	1639
1612	131
1614	12
1615	119
1616	140
1617	8
1618	7
1619	1
1620	2391
1622	3
1624	32
1625	24
1626	7
1628	78
1630	225
1632	279
1634	1
1635	4
1636	3
1638	29
1639	4
1640	749
1642	3
1644	11
1645	9
1647	1
1648	4
1650	841
1651	10
1652	2
1655	2
1656	42
1660	190
1661	4
1664	76
1665	2
1668	9
1670	3
1672	121
1674	4
1675	1
1677	2
1680	556
1683	2
1690	43
1692	10
1694	27
1696	1
1700	51
1701	3
1703	2
1704	19
1705	11
1710	1
1712	1
1716	75
1720	108
1722	27
1727	2
1728	211
1729	1
1730	1
1735	1
1736	5
1738	15
1740	8
1742	12
1743	1
1748	4
1749	2
1750	5
1752	12
1755	9
1760	9794
1764	61
1768	48
1770	2
1776	26
1780	13
1781	2
1782	409
1785	2
1788	3
1792	3
1793	1
1794	9
1800	8441
1802	31
1804	357
1805	87
1806	44
1807	7
1808	17
1809	1
1810	101
1812	17
1814	3
1815	301
1816	2
1818	2
1820	137
1824	59
1825	2
1826	31
1827	5
1830	14
1833	2
1836	1
1837	18
1840	109
1845	2
1846	6
1848	359
1850	2
1856	1
1859	4
1860	32
1863	1
1870	424
1872	18
1876	1
1880	19
1884	5
1890	67
1892	35
1896	5
1898	2
1900	11
1903	5
1904	2
1908	1
1911	2
1914	13
1920	6644
1922	20
1924	135
1925	86
1926	9
1928	58
1930	75
1932	16
1934	1
1935	7
1936	55
1938	2
1940	85
1941	2
1944	91
1946	1
1947	1
1948	1
1950	20
1952	2
1953	1
1955	1
1956	2
1958	8
1960	51
1968	104
1974	14
1976	7
1980	6710
1984	5
1988	2
1991	2
1992	21
1995	3
2000	112
2002	199
2004	9
2008	2
2010	5
2013	2
2016	87
2020	3
2022	1
2024	249
2028	2
2035	115
2037	1
2040	52
2046	31
2048	1
2050	1
2052	1
2057	8
2058	12
2064	11
2068	191
2072	2
2079	6
2080	16
2088	8
2090	250
2100	31
2101	4
2106	7
2112	224
2119	1
2120	5
2123	1
2132	10
2134	16
2136	1
2139	1
2142	5
2145	34
2156	93
2158	2
2160	4186
2162	14
2164	30
2165	34
2166	24
2168	6
2170	43
2171	3
2172	20
2174	1
2175	8
2176	2
2178	8
2180	31
2184	98
2189	1
2190	8
2192	2
2196	1
2200	5112
2201	1
2205	3
2208	82
2210	3
2211	3
2212	1
2220	24
2222	101
2224	1
2226	7
2232	10
2233	1
2236	2
2240	2
2244	129
2250	5
2255	103
2256	70
2262	2
2266	20
2268	9
2275	2
2277	3
2280	38
2288	49
2299	1
2304	61
2310	249
2320	2
2328	12
2331	1
2332	17
2340	19
2346	2
2352	55
2354	8
2356	1
2360	1
2365	22
2366	9
2373	2
2376	67
2392	8
2398	4
2400	30111
2402	170
2404	242
2405	356
2406	52
2407	4
2408	135
2410	493
2412	51
2414	4
2415	58
2416	32
2418	9
2420	745
2424	52
2425	3
2426	1
2427	2
2428	3
2430	98
2432	7
2436	6
2440	214
2442	3
2444	8
2445	11
2448	38
2450	8
2452	1
2454	1
2457	2
2460	68
2464	39
2466	2
2470	7
2472	6
2475	4
2478	1
2480	76
2484	3
2486	3
2490	8
2496	16
2500	9
2508	4
2509	1
2520	205
2522	2
2530	54
2535	3
2540	2
2542	1
2544	11
2548	9
2550	3
2552	3
2556	1
2560	70
2562	17
2568	7
2570	1
2574	2
2580	5
2585	1
2587	1
2592	22
2595	1
2596	2
2600	14
2604	30
2616	1
2618	1
2625	5
2626	1
2632	1
2640	11627
2646	10
2652	6
2662	405
2664	2
2667	4
2680	1
2684	448
2688	45
2695	275
2700	487
2704	1
2705	1
2706	37
2708	1
2710	1
2715	1
2717	26
2720	8
2724	1
2728	233
2730	15
2736	4
2739	4
2740	2
2750	324
2751	1
2756	2
2760	6
2772	123
2780	2
2784	1
2790	1
2794	25
2800	2
2805	63
2814	3
2816	87
2820	1
2835	6
2838	6
2840	1
2849	1
2850	1
2856	14
2860	297
2880	3792
2882	16
2884	47
2885	13
2886	20
2888	21
2890	36
2892	12
2893	1
2894	1
2895	3
2898	2
2900	40
2904	128
2908	1
2910	9
2912	1
2914	1
2915	6
2920	13
2922	1
2926	4
2928	109
2930	1
2936	1
2940	36
2948	11
2952	11
2959	1
2960	4
2964	8
2970	570
2976	84
2982	2
2988	3
2992	31
3000	67
3005	1
3012	1
3013	1
3014	9
3016	1
3024	48
3025	4
3036	3
3048	11
3058	6
3060	10
3066	2
3072	48
3080	143
3084	2
3096	2
3102	5
3108	1
3120	44
3135	7
3144	3
3146	10
3150	1
3168	70
3172	17
3190	30
3192	3
3198	1
3200	16417
3202	93
3204	224
3205	137
3206	1
3207	3
3208	120
3209	1
3210	329
3211	2
3212	7
3214	5
3215	15
3216	34
3218	1
3220	251
3223	1
3224	9
3226	1
3228	2
3230	33
3232	8
3234	2
3236	1
3237	1
3240	460
3244	1
3245	3
3246	4
3250	12
3252	2
3255	1
3256	1
3260	30
3264	7
3276	5
3278	1
3280	57
3288	8
3290	6
3300	1167
3302	1
3312	1
3320	15
3322	18
3328	11
3330	1
3336	4
3340	1
3341	1
3344	18
3355	6
3360	51
3366	1
3376	1
3380	9
3388	3
3400	2
3402	5
3408	2
3410	39
3419	1
3420	1
3432	7
3440	9
3444	2
3450	1
3456	23
3465	1
3480	3
3486	1
3504	1
3510	2
3520	1730
3528	5
3536	2
3542	76
3549	1
3562	2
3564	52
3570	2
3575	42
3586	2
3600	4068
3602	20
3604	25
3605	33
3606	16
3607	1
3608	19
3610	57
3612	13
3615	11
3616	2
3618	1
3620	37
3624	6
3630	61
3636	2
3640	23
3645	2
3648	3
3650	1
3652	4
3654	1
3658	1
3660	15
3672	1
3674	2
3675	1
3680	13
3684	1
3685	6
3690	2
3696	12
3700	1
3720	5
3740	53
3760	4
3770	1
3780	18
3784	3
3822	3
3840	372
3843	1
3844	6
3848	8
3850	18
3856	1
3860	2
3864	24
3872	2
3880	2
3888	5
3900	5
3920	1
3924	1
3927	3
3936	4
3948	3
3960	2963
3982	55
3984	1
4000	31
4004	57
4005	1
4008	3
4015	71
4020	1
4026	6
4032	4
4037	6
4048	23
4050	17
4059	1
4070	73
4080	5
4092	14
4114	3
4116	1
4125	10
4128	1
4136	8
4158	4
4169	1
4180	61
4200	8
4202	1
4212	1
4213	1
4216	1
4224	17
4230	1
4235	1
4238	1
4242	1
4268	3
4290	11
4312	4
4320	776
4324	7
4325	3
4326	4
4328	5
4330	10
4332	1
4334	1
4335	3
4336	1
4338	1
4340	5
4342	1
4344	21
4356	1
4360	1
4362	2
4368	19
4380	7
4392	4
4400	4096
4416	9
4422	109
4428	1
4440	4
4444	73
4455	140
4464	3
4466	9
4477	2
4480	2
4488	28
4499	1
4500	4
4510	163
4512	3
4532	4
4536	4
4560	2
4565	19
4576	6
4598	1
4608	1
4620	151
4642	3
4664	3
4675	2
4680	2
4704	1
4708	1
4730	37
4732	6
4752	18
4784	1
4800	7633
4802	36
4804	61
4805	46
4806	17
4808	41
4810	102
4812	14
4814	2
4815	7
4816	9
4818	3
4820	104
4824	33
4828	1
4830	15
4832	3
4836	1
4838	1
4840	120
4845	5
4848	15
4850	2
4860	27
4862	2
4872	1
4880	12
4884	2
4890	5
4895	4
4896	8
4900	3
4908	1
4920	14
4928	2
4940	1
4944	3
4950	75
4960	7
4972	1
4980	3
4992	1
5000	2
5005	1
5040	47
5060	25
5082	10
5088	1
5120	1
5124	5
5126	1
5145	4
5160	3
5166	1
5170	1
5184	6
5187	1
5208	3
5226	1
5250	2
5252	1
5278	1
5280	2752
5292	2
5302	94
5324	65
5334	1
5335	57
5346	3
5356	1
5357	1
5368	30
5376	2
5379	3
5390	56
5400	273
5402	4
5405	2
5406	5
5410	3
5412	7
5418	1
5420	2
5423	1
5424	1
5430	1
5434	3
5440	1
5445	10
5456	6
5460	3
5480	2
5500	40
5504	1
5520	4
5522	2
5544	5
5555	2
5610	9
5632	1
5670	3
5698	1
5720	30
5760	297
5764	7
5766	1
5768	1
5770	2
5772	1
5775	2
5780	1
5784	24
5800	1
5808	8
5820	5
5830	3
5832	2
5844	3
5856	4
5880	5
5904	3
5928	2
5940	364
5952	4
5962	8
5984	2
5995	3
6000	19
6006	1
6024	2
6028	1
6048	3
6050	10
6072	1
6105	2
6116	1
6120	2
6144	1
6160	8
6204	1
6215	1
6237	1
6240	2
6292	3
6300	2
6336	9
6344	1
6358	2
6380	4
6400	1849
6402	7
6404	33
6405	8
6408	18
6410	27
6414	1
6416	3
6420	25
6424	1
6430	4
6440	10
6448	1
6460	3
6474	1
6480	82
6484	2
6495	1
6500	3
6510	2
6520	1
6525	1
6528	1
6560	1
6600	1174
6622	12
6644	17
6655	20
6666	1
6688	3
6710	27
6720	6
6732	2
6765	2
6798	1
6804	1
6820	35
6842	1
6888	1
6912	4
6930	5
6936	1
7040	145
7062	4
7084	2
7095	2
7128	3
7150	4
7200	1310
7202	2
7204	8
7205	11
7206	9
7208	4
7210	13
7212	6
7215	2
7218	2
7220	8
7221	1
7224	4
7230	1
7240	9
7245	1
7248	3
7251	1
7260	11
7296	1
7320	5
7344	1
7370	1
7392	1
7440	6
7480	3
7560	9
7590	1
7680	11
7700	5
7704	2
7728	2
7770	2
7776	1
7920	1004
7942	24
7964	16
7975	22
7980	2
8000	9
8008	7
8030	24
8085	2
8096	1
8100	6
8107	1
8140	7
8195	1
8250	1
8272	1
8316	2
8360	5
8382	1
8400	8
8415	1
8448	1
8505	1
8526	1
8556	1
8568	2
8580	2
8640	89
8664	3
8688	1
8700	1
8736	3
8748	1
8760	3
8800	2059
8820	1
8822	72
8844	42
8855	43
8866	4
8877	1
8888	15
8910	87
8928	1
8932	2
8954	1
8965	9
8976	1
9000	1
9020	53
9064	1
9108	1
9130	12
9216	2
9240	28
9295	1
9328	1
9350	5
9450	1
9460	6
9504	3
9600	1015
9602	3
9604	19
9605	2
9606	2
9608	7
9610	24
9612	2
9614	1
9615	1
9616	3
9620	5
9624	8
9628	1
9630	3
9632	1
9640	6
9648	10
9660	3
9680	7
9696	6
9720	8
9760	1
9768	1
9780	3
9840	3
9888	1
9900	118
9922	1
9944	3
9960	1
10076	1
10080	8
10120	5
10230	3
10248	1
10332	1
10340	1
10368	1
10452	1
10500	1
10560	342
10582	6
10604	10
10615	8
10626	1
10648	1
10670	5
10780	7
10800	104
10804	4
10805	1
10806	2
10808	1
10810	1
10812	2
10912	2
11000	7
11110	1
11220	1
11340	1
11520	27
11544	2
11580	3
11616	1
11718	1
11880	139
11902	2
11924	2
11935	2
11990	2
12000	2
12506	2
12600	5
12672	2
12800	86
12804	3
12808	2
12812	1
12820	1
12860	1
12960	19
13008	1
13020	1
13200	770
13222	23
13244	10
13255	16
13266	2
13277	1
13288	6
13299	1
13310	19
13354	1
13365	4
13420	14
13530	3
13545	1
13596	1
13640	6
13750	1
13860	4
14080	5
14190	1
14256	1
14300	1
14400	248
14402	1
14406	2
14408	1
14410	1
14412	2
14424	4
14448	2
14460	1
14520	1
14544	1
14640	1
14760	1
14850	5
15120	3
15162	2
15204	1
15626	1
15652	1
15840	163
15862	2
15884	1
15895	4
15950	2
16005	2
16060	2
16170	1
16200	5
16214	1
16800	5
16842	1
16905	1
17280	11
17600	603
17622	25
17644	16
17655	15
17666	2
17688	2
17710	20
17754	1
17765	3
17776	1
17820	20
18040	5
18095	1
18480	1
18700	1
19200	79
19204	1
19208	2
19224	3
19248	3
19260	2
19296	1
19320	1
19440	1
19680	1
19800	105
19822	3
19844	2
19866	1
19910	3
19965	1
20020	1
20240	1
20350	1
20826	1
21120	23
21142	1
21230	1
21600	19
21606	1
22000	1
23040	1
23760	28
23815	1
25200	2
25242	1
25600	5
25920	1
26400	295
26422	7
26444	6
26455	5
26510	5
26620	2
26730	3
26840	1
27720	1
28800	37
28824	1
28848	1
28920	1
29160	1
29700	8
29755	1
31680	15
32400	1
33600	3
33768	1
35200	104
35222	2
35244	1
35255	2
35288	1
35310	4
35420	1
35640	2
35695	1
38400	3
38496	1
39600	34
43200	5
43248	1
43320	1
47520	4
50400	1
51840	1
52800	52
52910	1
53020	1
53680	1
57600	8
57624	2
57648	1
58200	1
59400	2
63360	1
66000	1
70400	6
75600	1
79200	5
86400	2
105600	10
118800	2
