RTP and Standard Deviation Breakdown
Name	RTP	StDev
Initial	0.353691	55.63
Tumbles	0.361389	60.94
Base Total	0.715081	85.57
Free Spins	0.249767	156.1
Total	0.964848	178.2
----------------------------------------
Iterations	1000000000
Total Pay	4.995e+09
Feature Hits
Feature	Hits	Hit Rate
Base	199940019	5.0015
Base Win	197822841	5.055028
FS Tease	31025022	32.232048
Free Spins	2477559	403.62308
FS Trigger 3	2372602	421.47819
FS Trigger 4	102543	9752.0065
FS Trigger 5	2389	418585.18
FS Trigger 6	25	40000000
----------------------------------------
Base Hits
Symbol	1	2	3	4	5	6
WL	0	0	0	0	0	0
R1	0	0	37573448	17905525	10797707	3170772
R2	0	0	35150174	19129081	14135346	3054898
R3	0	0	49976073	26104915	20531244	7379503
R4	0	0	8794861	3822032	2242037	678624
R5	0	0	10721643	4806204	3015849	775424
R6	0	0	14554585	6724796	4413299	1772721
S1	0	0	74762517	46634240	16375936	10702402
S2	0	0	116409948	61524034	15980814	12357630
S3	0	0	56142821	29719970	18131759	12301702
S4	0	0	75263437	40279087	20338583	12910722
F1	0	0	0	0	0	0
F2	0	0	0	0	0	0
F3	0	0	0	0	0	0
----------------------------------------
Free Hits
Symbol	1	2	3	4	5	6
WL	0	0	0	0	0	0
R1	0	0	132100	38100	10779	5345
R2	0	0	203537	69302	20975	13720
R3	0	0	252320	88706	28141	20797
R4	0	0	136608	28422	7570	4382
R5	0	0	3248909	2148910	738745	503905
R6	0	0	5366418	2914630	761009	596933
S1	0	0	5903166	3818687	1995370	1618231
S2	0	0	8692206	5109796	2194613	1837239
S3	0	0	3184815	2047429	1281773	1163731
S4	0	0	3933362	2382573	1311085	1113858
F1	0	0	0	0	0	0
F2	0	0	0	0	0	0
F3	0	0	0	0	0	0
----------------------------------------
Average Free Spins: 	10.216738
----------------------------------------
Average Tumbles Base: 	1.7105744
----------------------------------------
Average Tumbles Free: 	1.94476
----------------------------------------
Tumble Frequencies Base
Number Tumble	Frequency
3	21546587
2	42308788
1	118533625
4	9774930
6	1415951
5	3485857
8	173317
7	539709
10	5658
9	34855
12	608
11	2770
13	141
14	33
16	3
15	8
19	1
----------------------------------------
Average Final Multiplier: 	1.1988453
Final Multiplier Frequencies
Multiplier	Frequency
1	899264377
3	22463580
5	6769230
4	11461001
2	53270191
7	1781141
6	3654569
8	792468
9	330535
12	18637
10	133498
13	6409
11	51506
14	2003
16	186
15	597
17	58
18	9
19	3
20	2
----------------------------------------
Average Final Multiplier Free Spins: 	19.180851
Final Multiplier Frequencies Free Spins
Multiplier	Frequency
16	115904
9	73198
22	94881
11	92318
18	113640
15	113742
20	106249
37	15882
21	100637
30	43921
19	110044
24	82368
17	115615
35	21803
31	38853
33	29522
49	1780
10	86666
25	75732
26	69018
4	25221
48	2177
5	29908
13	106808
23	88939
27	62108
7	51856
14	113060
78	4
12	102811
76	3
29	49330
28	55649
41	8253
8	67397
44	4751
6	46087
39	11421
32	33874
42	6727
34	25370
45	3832
36	18767
40	9583
43	5630
2	8453
56	386
38	13691
50	1446
54	645
3	10705
67	35
46	3233
47	2599
53	777
57	370
51	1159
58	272
55	494
63	69
52	941
64	65
62	118
59	214
60	192
61	128
72	7
66	59
65	53
68	24
73	9
71	15
69	19
75	6
74	10
70	17
77	3
81	2
80	2
88	1
83	1
----------------------------------------
Final Multiplier Frequencies Free Spins (split by initial multiplier)
Init Multiplier: 2
Average Final Multiplier (init 2):	18.77363
Final Mult	Frequency
2	8453
3	10687
4	25182
5	29823
6	45891
7	51544
8	66997
9	72561
10	85854
11	91282
12	101552
13	105227
14	111323
15	111613
16	113455
17	112875
18	110589
19	106776
20	102825
21	97036
22	91091
23	84920
24	78436
25	71522
26	64971
27	58151
28	51622
29	45595
30	40353
31	35248
32	30469
33	26218
34	22369
35	18998
36	16088
37	13430
38	11466
39	9391
40	7706
41	6570
42	5165
43	4324
44	3540
45	2815
46	2256
47	1819
48	1446
49	1141
50	890
51	688
52	549
53	440
54	337
55	234
56	183
57	183
58	110
59	82
60	54
61	47
62	48
63	22
64	16
65	11
66	20
67	10
68	4
69	4
70	3
71	2
----------------------------------------
Init Multiplier: 3
Average Final Multiplier (init 3):	28.174337
Final Mult	Frequency
3	18
4	39
5	85
6	196
7	312
8	400
9	636
10	809
11	1033
12	1254
13	1573
14	1729
15	2112
16	2434
17	2723
18	3030
19	3246
20	3392
21	3555
22	3740
23	3973
24	3879
25	4170
26	3984
27	3872
28	3962
29	3675
30	3499
31	3534
32	3321
33	3200
34	2914
35	2717
36	2613
37	2380
38	2139
39	1958
40	1813
41	1623
42	1498
43	1243
44	1149
45	974
46	920
47	729
48	688
49	589
50	510
51	440
52	351
53	306
54	280
55	234
56	182
57	161
58	141
59	111
60	116
61	69
62	59
63	39
64	44
65	35
66	35
67	21
68	13
69	8
70	12
71	9
72	6
73	7
74	7
75	4
76	3
77	3
78	3
80	2
----------------------------------------
Init Multiplier: 4
Average Final Multiplier (init 4):	37.292591
Final Mult	Frequency
9	1
10	3
11	3
12	5
13	8
14	8
15	17
16	15
17	17
18	21
19	22
20	32
21	46
22	50
23	46
24	52
25	40
26	63
27	84
28	65
29	60
30	69
31	71
32	83
33	102
34	86
35	88
36	66
37	71
38	86
39	70
40	64
41	59
42	64
43	63
44	61
45	42
46	57
47	50
48	41
49	50
50	45
51	31
52	40
53	30
54	28
55	24
56	21
57	26
58	19
59	21
60	22
61	11
62	11
63	8
64	5
65	7
66	4
67	4
68	7
69	7
70	2
71	3
72	1
73	2
74	3
75	2
78	1
81	1
83	1
88	1
----------------------------------------
Init Multiplier: 5
Average Final Multiplier (init 5):	46.6
Final Mult	Frequency
24	1
27	1
32	1
33	2
34	1
37	1
39	2
41	1
44	1
45	1
47	1
48	2
50	1
52	1
53	1
55	2
58	2
61	1
71	1
81	1
----------------------------------------
Elapsed time: 674.96048 seconds
