Pay	Frequency
0	920710784
2	1175722
4	3315963
5	1794790
6	1267008
7	78494
8	3717942
9	41594
10	3076446
11	14569
12	2785571
13	34577
14	484514
15	481909
16	3108291
17	12092
18	835693
19	25429
20	4037811
21	177204
22	299735
23	27498
24	3040737
25	163158
26	284260
27	43173
28	1142926
29	27205
30	1517312
31	16217
32	2031763
33	64071
34	273965
35	86985
36	1398303
37	26265
38	272586
39	22960
40	3562046
41	15673
42	556880
43	10342
44	754508
45	271497
46	226925
47	11633
48	1814525
49	17771
50	603789
51	18823
52	638523
53	30511
54	361764
55	88686
56	981314
57	32582
58	201365
59	11906
60	1904263
61	18463
62	187985
63	34005
64	1049444
65	80100
66	278177
67	11256
68	497864
69	37520
70	374160
71	10827
72	997837
73	12248
74	166429
75	71789
76	457476
77	15280
78	217148
79	13179
80	1994515
81	19076
82	156179
83	13353
84	549793
85	97766
86	137972
87	19759
88	553640
89	10326
90	561637
91	10756
92	349374
93	21538
94	126033
95	56436
96	752777
97	8397
98	133125
99	17513
100	646445
101	11938
102	165964
103	9231
104	429416
105	52728
106	120319
107	10151
108	378310
109	8857
110	213731
111	13418
112	423446
113	7179
114	145899
115	30526
116	241635
117	14994
118	97096
119	7894
120	1209700
121	7023
122	101280
123	10786
124	233589
125	49697
126	125099
127	7704
128	369749
129	11213
130	193358
131	8866
132	256294
133	7916
134	81347
135	44922
136	277935
137	6710
138	107758
139	7476
140	335368
141	11362
142	71086
143	7387
144	386159
145	24177
146	74322
147	9657
148	164858
149	7156
150	167595
151	6383
152	230782
153	8475
154	68107
155	17711
156	184629
157	5777
158	64050
159	8427
160	731302
161	5274
162	79826
163	6351
164	138688
165	39760
166	60665
167	5717
168	235450
169	5650
170	144488
171	6887
172	126535
173	5445
174	66813
175	20850
176	180162
177	6062
178	53139
179	6191
180	396708
181	5395
182	51040
183	5640
184	156205
185	18724
186	64273
187	4736
188	109004
189	6202
190	96048
191	4578
192	212284
193	4451
194	43947
195	15847
196	104310
197	4251
198	55459
199	4242
200	326121
201	5473
202	43398
203	4602
204	117618
205	14454
206	39644
207	4552
208	127800
209	3674
210	89763
211	3817
212	85218
213	4824
214	36469
215	9436
216	151596
217	3455
218	36111
219	4181
220	138590
221	3513
222	44124
223	3226
224	111823
225	11010
226	32729
227	3760
228	92020
229	2840
230	51200
231	3724
232	90046
233	3010
234	38637
235	6409
236	64487
237	4029
238	29915
239	2897
240	493399
241	2902
242	30747
243	3459
244	68329
245	19194
246	36935
247	2673
248	88264
249	3597
250	78266
251	2603
252	78446
253	2852
254	26755
255	14440
256	88985
257	2794
258	32346
259	2801
260	115840
261	3816
262	23615
263	2523
264	87733
265	8680
266	24676
267	3063
268	50556
269	2356
270	71266
271	2251
272	70028
273	3084
274	22337
275	6242
276	57093
277	2230
278	21770
279	2513
280	118087
281	2187
282	27875
283	2011
284	42314
285	8497
286	20890
287	1902
288	91813
289	2190
290	34718
291	2504
292	40148
293	2212
294	24734
295	4276
296	53227
297	2502
298	19165
299	1944
300	104102
301	1979
302	18007
303	2131
304	55823
305	4700
306	21872
307	1800
308	36761
309	2247
310	27554
311	1630
312	56819
313	1778
314	15706
315	4653
316	34189
317	1591
318	19903
319	1347
320	181486
321	2134
322	15774
323	1660
324	42233
325	7536
326	15316
327	1671
328	41947
329	1573
330	44745
331	1453
332	31127
333	1924
334	14206
335	5123
336	51767
337	1449
338	14138
339	1725
340	59390
341	1503
342	16019
343	1264
344	35145
345	4445
346	12832
347	1390
348	32276
349	1288
350	23842
351	1482
352	34921
353	1410
354	14301
355	2600
356	24668
357	1534
358	11545
359	1190
360	158463
361	1248
362	11468
363	1387
364	25777
365	5290
366	14890
367	1146
368	34425
369	1497
370	25249
371	1328
372	29938
373	1139
374	10005
375	5418
376	30673
377	1130
378	13318
379	1097
380	44524
381	1522
382	9893
383	1085
384	40720
385	2780
386	9391
387	1322
388	20376
389	1049
390	22307
391	952
392	27501
393	1253
394	9036
395	2119
396	24035
397	871
398	9043
399	1188
400	134758
401	959
402	11443
403	920
404	18861
405	6688
406	8587
407	848
408	30377
409	908
410	21428
411	1018
412	17111
413	1012
414	9545
415	2991
416	23998
417	1130
418	7659
419	914
420	43397
421	900
422	7386
423	899
424	20430
425	2453
426	8899
427	801
428	14641
429	1039
430	13634
431	820
432	29701
433	910
434	6702
435	2558
436	14254
437	739
438	8449
439	660
440	40049
441	934
442	6478
443	761
444	17755
445	2165
446	6005
447	817
448	19089
449	633
450	16576
451	634
452	12622
453	868
454	5832
455	1474
456	21523
457	649
458	5740
459	843
460	21550
461	601
462	6947
463	554
464	16239
465	1906
466	5525
467	667
468	14105
469	590
470	8716
471	675
472	14492
473	579
474	6484
475	1088
476	10600
477	714
478	5099
479	535
480	150897
481	607
482	5493
483	614
484	12496
485	6083
486	7379
487	572
488	16508
489	739
490	22893
491	586
492	14589
493	563
494	4933
495	4945
496	15632
497	529
498	6788
499	556
500	30752
501	903
502	4672
503	528
504	17711
505	2186
506	4822
507	672
508	9421
509	481
510	15486
511	474
512	13881
513	677
514	4569
515	1480
516	10877
517	527
518	4385
519	598
520	30715
521	475
522	5756
523	447
524	8440
525	2436
526	4246
527	457
528	14571
529	475
530	8571
531	491
532	8074
533	449
534	4487
535	1046
536	10205
537	550
538	3799
539	463
540	32744
541	387
542	3545
543	459
544	10445
545	1214
546	4801
547	416
548	7348
549	476
550	6813
551	363
552	11865
553	391
554	3348
555	1669
556	7108
557	338
558	4062
559	336
560	21649
561	498
562	3289
563	440
564	8748
565	902
566	3011
567	403
568	8354
569	335
570	8734
571	332
572	6374
573	423
574	2960
575	719
576	13181
577	341
578	2894
579	421
580	11197
581	347
582	3500
583	257
584	7916
585	1072
586	2916
587	360
588	7722
589	266
590	4426
591	384
592	8272
593	286
594	3407
595	545
596	5729
597	365
598	2429
599	289
600	42752
601	316
602	2731
603	334
604	6039
605	1094
606	3537
607	245
608	8335
609	386
610	5646
611	287
612	7405
613	292
614	2375
615	1245
616	7316
617	249
618	3059
619	287
620	10450
621	392
622	2222
623	248
624	9524
625	624
626	2306
627	325
628	4895
629	264
630	5589
631	222
632	6402
633	343
634	2248
635	550
636	5949
637	255
638	2058
639	253
640	30692
641	214
642	2873
643	257
644	4792
645	1333
646	2163
647	217
648	8298
649	228
650	5768
651	268
652	4499
653	228
654	2502
655	786
656	5820
657	257
658	2062
659	214
660	12898
661	232
662	1864
663	255
664	5562
665	539
666	2423
667	229
668	4121
669	265
670	3817
671	196
672	6989
673	235
674	1798
675	715
676	3812
677	186
678	2106
679	199
680	11179
681	229
682	1742
683	237
684	4497
685	473
686	1687
687	210
688	4519
689	185
690	3919
691	170
692	3245
693	204
694	1541
695	333
696	5131
697	175
698	1557
699	254
700	6254
701	151
702	1873
703	174
704	4103
705	513
706	1496
707	240
708	3668
709	146
710	2257
711	220
712	3616
713	175
714	1713
715	300
716	2672
717	180
718	1405
719	191
720	48703
721	176
722	1370
723	250
724	3522
725	1532
726	2284
727	161
728	4776
729	210
730	6232
731	226
732	4578
733	179
734	1345
735	1812
736	4622
737	147
738	1980
739	188
740	8955
741	260
742	1307
743	189
744	5422
745	550
746	1324
747	271
748	2891
749	172
750	5521
751	166
752	4195
753	234
754	1285
755	459
756	3718
757	148
758	1266
759	195
760	9994
761	125
762	1870
763	172
764	2685
765	865
766	1255
767	150
768	5206
769	132
770	2521
771	189
772	2548
773	178
774	1520
775	353
776	3401
777	205
778	1167
779	148
780	7987
781	149
782	1156
783	163
784	3518
785	297
786	1438
787	148
788	2231
789	168
790	1904
791	140
792	3980
793	133
794	995
795	543
796	2224
797	122
798	1324
799	148
800	61044
801	121
802	1218
803	172
804	3450
805	2558
806	1108
807	175
808	3508
809	135
810	9434
811	122
812	2318
813	167
814	1070
815	1258
816	4097
817	120
818	1020
819	172
820	10068
821	138
822	1228
823	121
824	2697
825	981
826	956
827	131
828	2483
829	116
830	3818
831	170
832	2718
833	140
834	1065
835	524
836	1761
837	139
838	854
839	88
840	12239
841	102
842	895
843	159
844	1781
845	690
846	1099
847	99
848	2496
849	131
850	2559
851	106
852	1983
853	83
854	761
855	639
856	2120
857	85
858	963
859	97
860	5227
861	115
862	708
863	93
864	3221
865	398
866	696
867	120
868	1458
869	97
870	2349
871	98
872	1882
873	94
874	740
875	291
876	1891
877	74
878	707
879	118
880	7353
881	75
882	994
883	108
884	1423
885	462
886	715
887	75
888	2763
889	76
890	1948
891	93
892	1411
893	75
894	846
895	222
896	2236
897	115
898	655
899	95
900	6988
901	64
902	624
903	85
904	1959
905	236
906	983
907	116
908	1303
909	78
910	1315
911	70
912	2727
913	59
914	617
915	318
916	1399
917	57
918	824
919	71
920	5014
921	122
922	627
923	88
924	1881
925	220
926	582
927	85
928	1781
929	88
930	1868
931	78
932	1324
933	88
934	534
935	186
936	1982
937	82
938	591
939	107
940	2535
941	71
942	736
943	59
944	1657
945	245
946	489
947	78
948	1603
949	63
950	979
951	70
952	1361
953	68
954	731
955	129
956	1078
957	81
958	475
959	59
960	33110
961	59
962	538
963	71
964	1726
965	1004
966	958
967	80
968	2124
969	95
970	4779
971	76
972	1892
973	85
974	588
975	1089
976	1922
977	74
978	771
979	79
980	6491
981	135
982	489
983	91
984	2103
985	342
986	544
987	112
988	1176
989	64
990	2950
991	63
992	1589
993	102
994	560
995	230
996	1433
997	66
998	515
999	76
1000	5676
1001	59
1002	681
1003	53
1004	1060
1005	437
1006	430
1007	62
1008	1884
1009	66
1010	1376
1011	70
1012	1011
1013	53
1014	533
1015	131
1016	1167
1017	91
1018	447
1019	48
1020	4292
1021	50
1022	460
1023	68
1024	1308
1025	151
1026	568
1027	52
1028	948
1029	91
1030	1005
1031	59
1032	1377
1033	61
1034	383
1035	201
1036	909
1037	44
1038	478
1039	53
1040	4263
1041	65
1042	354
1043	48
1044	1135
1045	147
1046	338
1047	44
1048	1030
1049	54
1050	1544
1051	54
1052	790
1053	70
1054	386
1055	103
1056	1322
1057	54
1058	373
1059	57
1060	1887
1061	52
1062	428
1063	55
1064	951
1065	150
1066	331
1067	55
1068	893
1069	47
1070	655
1071	44
1072	889
1073	40
1074	384
1075	75
1076	628
1077	70
1078	309
1079	52
1080	9265
1081	53
1082	321
1083	49
1084	744
1085	224
1086	521
1087	28
1088	1060
1089	49
1090	1081
1091	46
1092	1022
1093	46
1094	315
1095	447
1096	952
1097	42
1098	425
1099	45
1100	1951
1101	60
1102	292
1103	50
1104	1345
1105	119
1106	348
1107	51
1108	673
1109	36
1110	1225
1111	27
1112	948
1113	69
1114	312
1115	104
1116	879
1117	49
1118	324
1119	64
1120	2866
1121	42
1122	411
1123	35
1124	607
1125	229
1126	300
1127	43
1128	1211
1129	34
1130	649
1131	52
1132	658
1133	39
1134	365
1135	69
1136	872
1137	61
1138	283
1139	52
1140	2327
1141	35
1142	263
1143	50
1144	861
1145	59
1146	394
1147	38
1148	600
1149	37
1150	518
1151	43
1152	1315
1153	49
1154	280
1155	156
1156	582
1157	37
1158	329
1159	33
1160	1955
1161	37
1162	261
1163	36
1164	724
1165	71
1166	249
1167	55
1168	789
1169	24
1170	822
1171	31
1172	586
1173	44
1174	235
1175	59
1176	1027
1177	33
1178	218
1179	43
1180	914
1181	21
1182	305
1183	29
1184	777
1185	101
1186	218
1187	30
1188	645
1189	36
1190	394
1191	31
1192	718
1193	28
1194	297
1195	50
1196	450
1197	40
1198	205
1199	34
1200	20697
1201	30
1202	285
1203	32
1204	721
1205	585
1206	550
1207	26
1208	992
1209	42
1210	1758
1211	35
1212	945
1213	37
1214	237
1215	602
1216	945
1217	31
1218	345
1219	37
1220	2561
1221	54
1222	217
1223	40
1224	1065
1225	200
1226	221
1227	50
1228	520
1229	27
1230	1459
1231	35
1232	722
1233	40
1234	209
1235	145
1236	666
1237	35
1238	194
1239	34
1240	2753
1241	28
1242	317
1243	24
1244	401
1245	269
1246	205
1247	24
1248	838
1249	29
1250	689
1251	43
1252	426
1253	24
1254	270
1255	105
1256	587
1257	31
1258	215
1259	35
1260	2173
1261	28
1262	169
1263	32
1264	554
1265	98
1266	257
1267	27
1268	353
1269	32
1270	465
1271	16
1272	656
1273	35
1274	170
1275	168
1276	377
1277	24
1278	232
1279	15
1280	3830
1281	30
1282	169
1283	13
1284	485
1285	102
1286	166
1287	27
1288	553
1289	24
1290	957
1291	22
1292	368
1293	25
1294	137
1295	103
1296	770
1297	25
1298	193
1299	23
1300	1089
1301	22
1302	188
1303	26
1304	454
1305	105
1306	168
1307	23
1308	443
1309	19
1310	412
1311	25
1312	501
1313	15
1314	197
1315	48
1316	354
1317	19
1318	175
1319	28
1320	2322
1321	24
1322	170
1323	33
1324	329
1325	75
1326	207
1327	13
1328	504
1329	31
1330	390
1331	24
1332	467
1333	22
1334	156
1335	159
1336	433
1337	18
1338	212
1339	20
1340	733
1341	29
1342	131
1343	22
1344	596
1345	39
1346	143
1347	19
1348	318
1349	21
1350	623
1351	23
1352	377
1353	19
1354	119
1355	42
1356	395
1357	24
1358	122
1359	25
1360	1269
1361	20
1362	198
1363	28
1364	282
1365	97
1366	122
1367	23
1368	512
1369	20
1370	279
1371	16
1372	289
1373	18
1374	193
1375	43
1376	392
1377	24
1378	146
1379	19
1380	969
1381	22
1382	127
1383	21
1384	363
1385	27
1386	165
1387	13
1388	268
1389	29
1390	234
1391	14
1392	416
1393	17
1394	135
1395	65
1396	274
1397	14
1398	152
1399	13
1400	803
1401	22
1402	109
1403	15
1404	333
1405	34
1406	128
1407	20
1408	297
1409	16
1410	299
1411	10
1412	193
1413	20
1414	144
1415	30
1416	340
1417	10
1418	115
1419	20
1420	371
1421	19
1422	142
1423	20
1424	268
1425	54
1426	96
1427	17
1428	252
1429	14
1430	176
1431	30
1432	245
1433	9
1434	137
1435	23
1436	174
1437	19
1438	102
1439	7
1440	12675
1441	17
1442	133
1443	10
1444	369
1445	375
1446	321
1447	15
1448	566
1449	23
1450	1637
1451	16
1452	490
1453	24
1454	142
1455	518
1456	530
1457	25
1458	200
1459	28
1460	2026
1461	42
1462	129
1463	31
1464	630
1465	92
1466	156
1467	45
1468	271
1469	14
1470	1215
1471	15
1472	466
1473	28
1474	138
1475	96
1476	403
1477	16
1478	124
1479	21
1480	1790
1481	20
1482	228
1483	14
1484	260
1485	185
1486	128
1487	16
1488	516
1489	14
1490	391
1491	23
1492	277
1493	23
1494	199
1495	53
1496	336
1497	24
1498	126
1499	15
1500	1607
1501	26
1502	127
1503	17
1504	382
1505	59
1506	176
1507	15
1508	261
1509	24
1510	361
1511	19
1512	447
1513	17
1514	108
1515	118
1516	235
1517	13
1518	142
1519	14
1520	1337
1521	14
1522	91
1523	20
1524	286
1525	33
1526	92
1527	22
1528	260
1529	22
1530	626
1531	13
1532	219
1533	13
1534	107
1535	36
1536	400
1537	16
1538	81
1539	15
1540	530
1541	9
1542	142
1543	13
1544	279
1545	65
1546	90
1547	16
1548	254
1549	11
1550	218
1551	20
1552	262
1553	11
1554	131
1555	34
1556	171
1557	21
1558	98
1559	14
1560	1367
1561	9
1562	89
1563	18
1564	174
1565	36
1566	108
1567	17
1568	277
1569	22
1570	213
1571	11
1572	261
1573	9
1574	77
1575	92
1576	210
1577	12
1578	137
1579	10
1580	392
1581	23
1582	83
1583	7
1584	316
1585	20
1586	73
1587	10
1588	162
1589	6
1590	306
1591	15
1592	204
1593	8
1594	73
1595	24
1596	221
1597	13
1598	68
1599	14
1600	23421
1601	6
1602	194
1603	11
1604	507
1605	1082
1606	183
1607	25
1608	626
1609	31
1610	2927
1611	13
1612	271
1613	22
1614	145
1615	549
1616	424
1617	23
1618	121
1619	17
1620	4160
1621	25
1622	107
1623	25
1624	345
1625	275
1626	109
1627	18
1628	232
1629	11
1630	1412
1631	19
1632	348
1633	13
1634	102
1635	219
1636	171
1637	18
1638	123
1639	13
1640	2959
1641	16
1642	93
1643	13
1644	268
1645	209
1646	66
1647	19
1648	258
1649	6
1650	833
1651	8
1652	183
1653	13
1654	72
1655	78
1656	254
1657	10
1658	81
1659	18
1660	1760
1661	16
1662	91
1663	7
1664	208
1665	153
1666	80
1667	14
1668	203
1669	6
1670	427
1671	5
1672	164
1673	5
1674	83
1675	61
1676	128
1677	12
1678	54
1679	8
1680	2168
1681	11
1682	64
1683	10
1684	175
1685	91
1686	86
1687	4
1688	181
1689	8
1690	520
1691	8
1692	177
1693	5
1694	52
1695	80
1696	200
1697	7
1698	90
1699	12
1700	789
1701	12
1702	62
1703	10
1704	193
1705	34
1706	60
1707	8
1708	120
1709	9
1710	357
1711	10
1712	137
1713	9
1714	48
1715	34
1716	137
1717	7
1718	48
1719	9
1720	1248
1721	8
1722	69
1723	8
1724	109
1725	78
1726	60
1727	12
1728	248
1729	10
1730	289
1731	10
1732	105
1733	13
1734	65
1735	45
1736	150
1737	10
1738	48
1739	12
1740	654
1741	6
1742	55
1743	12
1744	148
1745	37
1746	69
1747	13
1748	132
1749	14
1750	208
1751	13
1752	187
1753	11
1754	56
1755	45
1756	131
1757	5
1758	64
1759	8
1760	914
1761	14
1762	39
1763	12
1764	194
1765	20
1766	38
1767	10
1768	173
1769	7
1770	261
1771	5
1772	120
1773	12
1774	59
1775	32
1776	223
1777	4
1778	41
1779	7
1780	539
1781	8
1782	63
1783	6
1784	120
1785	37
1786	62
1787	8
1788	188
1789	5
1790	129
1791	6
1792	162
1793	9
1794	66
1795	16
1796	81
1797	13
1798	50
1799	5
1800	3240
1801	4
1802	46
1803	15
1804	123
1805	43
1806	108
1807	11
1808	194
1809	9
1810	267
1811	8
1812	204
1813	6
1814	46
1815	112
1816	162
1817	8
1818	73
1819	3
1820	423
1821	15
1822	39
1823	12
1824	221
1825	30
1826	34
1827	12
1828	128
1829	7
1830	268
1831	8
1832	135
1833	11
1834	46
1835	23
1836	121
1837	4
1838	41
1839	8
1840	929
1841	4
1842	65
1843	5
1844	89
1845	44
1846	46
1847	3
1848	194
1849	9
1850	173
1851	4
1852	100
1853	5
1854	61
1855	19
1856	119
1857	6
1858	45
1859	6
1860	498
1861	6
1862	44
1863	12
1864	121
1865	15
1866	58
1867	6
1868	96
1869	11
1870	140
1871	5
1872	136
1873	5
1874	33
1875	25
1876	83
1877	6
1878	66
1879	3
1880	434
1881	6
1882	44
1883	14
1884	122
1885	15
1886	37
1887	5
1888	104
1889	7
1890	190
1891	3
1892	74
1893	6
1894	41
1895	10
1896	129
1897	6
1898	30
1899	9
1900	224
1901	3
1902	47
1903	4
1904	88
1905	23
1906	22
1907	4
1908	75
1909	3
1910	84
1911	11
1912	80
1913	4
1914	35
1915	11
1916	63
1917	7
1918	36
1919	5
1920	4556
1921	4
1922	41
1923	4
1924	131
1925	87
1926	79
1927	2
1928	212
1929	3
1930	564
1931	4
1932	160
1933	9
1934	57
1935	156
1936	193
1937	4
1938	66
1939	10
1940	724
1941	18
1942	31
1943	12
1944	168
1945	32
1946	63
1947	7
1948	113
1949	4
1950	380
1951	5
1952	129
1953	7
1954	41
1955	23
1956	97
1957	5
1958	44
1959	10
1960	839
1961	3
1962	66
1963	9
1964	77
1965	60
1966	43
1967	10
1968	141
1969	5
1970	149
1971	4
1972	75
1973	7
1974	54
1975	17
1976	82
1977	9
1978	37
1979	9
1980	591
1981	8
1982	60
1983	4
1984	113
1985	11
1986	62
1987	6
1988	76
1989	9
1990	111
1991	6
1992	105
1993	5
1994	44
1995	31
1996	60
1997	7
1998	46
1999	4
2000	666
2001	3
2002	39
2003	9
2004	102
2005	14
2006	27
2007	6
2008	68
2009	3
2010	190
2011	6
2012	68
2013	5
2014	35
2015	7
2016	116
2017	3
2018	36
2019	9
2020	218
2021	7
2022	37
2023	4
2024	72
2025	25
2026	38
2027	2
2028	75
2029	4
2030	73
2031	5
2032	78
2033	6
2034	40
2035	6
2036	48
2037	5
2038	29
2039	6
2040	548
2041	6
2042	26
2043	5
2044	64
2045	14
2046	36
2047	6
2048	85
2049	7
2050	79
2051	5
2052	68
2053	1
2054	20
2055	29
2056	95
2057	5
2058	45
2059	3
2060	150
2061	10
2062	23
2063	5
2064	84
2065	5
2066	28
2067	10
2068	56
2069	5
2070	106
2071	1
2072	51
2073	3
2074	35
2075	8
2076	43
2077	3
2078	19
2079	7
2080	402
2081	6
2082	32
2083	5
2084	41
2085	21
2086	27
2087	5
2088	84
2089	2
2090	75
2091	4
2092	61
2093	5
2094	21
2095	11
2096	75
2097	6
2098	26
2099	4
2100	212
2101	6
2102	15
2103	6
2104	59
2105	7
2106	30
2107	3
2108	42
2110	61
2111	12
2112	58
2114	23
2115	16
2116	36
2117	2
2118	28
2119	3
2120	161
2121	6
2122	18
2123	3
2124	62
2125	4
2126	16
2127	4
2128	43
2129	2
2130	75
2131	2
2132	34
2133	3
2134	17
2135	7
2136	71
2137	1
2138	17
2139	3
2140	91
2141	4
2142	25
2144	43
2145	15
2146	18
2147	2
2148	40
2149	1
2150	29
2151	3
2152	44
2153	1
2154	21
2155	4
2156	22
2157	5
2158	19
2159	3
2160	2473
2161	6
2162	17
2163	7
2164	48
2165	59
2166	62
2167	1
2168	86
2169	5
2170	265
2171	4
2172	91
2173	6
2174	17
2175	130
2176	96
2177	5
2178	45
2179	2
2180	328
2181	10
2182	16
2183	8
2184	115
2185	22
2186	18
2187	7
2188	48
2189	4
2190	299
2191	4
2192	102
2193	4
2194	25
2195	18
2196	58
2197	1
2198	30
2199	7
2200	378
2201	4
2202	41
2203	4
2204	50
2205	49
2206	26
2207	2
2208	116
2209	3
2210	83
2211	7
2212	50
2213	5
2214	35
2215	12
2216	88
2217	5
2218	23
2219	3
2220	370
2221	1
2222	34
2223	5
2224	65
2225	13
2226	40
2227	6
2228	40
2229	5
2230	57
2231	5
2232	106
2233	4
2234	28
2235	37
2236	41
2237	1
2238	29
2239	3
2240	306
2241	6
2242	23
2243	2
2244	81
2245	18
2246	20
2247	5
2248	65
2249	3
2250	133
2251	1
2252	47
2253	10
2254	16
2255	8
2256	104
2257	3
2258	25
2259	3
2260	100
2261	4
2262	24
2264	59
2265	14
2266	23
2268	54
2269	2
2270	36
2271	3
2272	73
2273	4
2274	36
2275	8
2276	29
2277	5
2278	12
2279	3
2280	342
2281	1
2282	19
2283	6
2284	45
2285	9
2286	22
2287	3
2288	65
2289	12
2290	48
2291	1
2292	48
2293	1
2294	13
2295	23
2296	53
2297	4
2298	25
2299	3
2300	79
2301	6
2302	12
2303	4
2304	78
2305	6
2306	10
2307	4
2308	29
2309	1
2310	74
2311	3
2312	49
2313	2
2314	16
2315	3
2316	56
2317	3
2318	11
2319	3
2320	172
2321	2
2322	28
2323	1
2324	26
2325	17
2326	21
2328	75
2329	1
2330	51
2331	3
2332	34
2334	21
2335	5
2336	58
2337	3
2338	15
2339	1
2340	189
2342	11
2343	4
2344	42
2345	4
2346	24
2347	4
2348	35
2350	24
2351	2
2352	72
2354	13
2355	16
2356	27
2357	4
2358	20
2359	5
2360	92
2361	6
2362	12
2363	3
2364	45
2365	5
2366	15
2367	1
2368	40
2369	2
2370	51
2371	1
2372	28
2373	2
2374	13
2375	6
2376	45
2377	1
2378	16
2379	6
2380	67
2382	13
2383	4
2384	31
2385	16
2386	12
2387	6
2388	33
2389	3
2390	12
2391	4
2392	28
2394	12
2395	7
2396	23
2397	4
2398	14
2399	1
2400	9567
2401	1
2402	36
2403	1
2404	139
2405	315
2406	158
2407	6
2408	208
2409	13
2410	993
2411	7
2412	199
2413	8
2414	25
2415	312
2416	157
2417	4
2418	51
2419	11
2420	1226
2421	8
2422	32
2423	7
2424	158
2425	85
2426	26
2427	17
2428	67
2429	9
2430	687
2431	3
2432	100
2433	3
2434	29
2435	56
2436	87
2437	1
2438	25
2439	8
2440	984
2441	6
2442	37
2443	7
2444	51
2445	99
2446	27
2447	5
2448	109
2449	5
2450	216
2451	10
2452	42
2453	13
2454	40
2455	39
2456	44
2457	8
2458	26
2459	2
2460	831
2461	5
2462	18
2463	6
2464	61
2465	38
2466	31
2467	5
2468	42
2469	6
2470	129
2471	1
2472	73
2473	1
2474	16
2475	56
2476	42
2477	3
2478	25
2479	1
2480	619
2482	20
2483	2
2484	67
2485	28
2486	8
2487	9
2488	30
2489	4
2490	277
2491	5
2492	32
2493	1
2494	19
2495	19
2496	62
2497	4
2498	12
2499	1
2500	215
2502	20
2503	3
2504	30
2505	34
2506	9
2507	4
2508	32
2509	4
2510	90
2511	5
2512	32
2513	2
2514	20
2515	11
2516	22
2517	4
2518	11
2520	644
2521	4
2522	17
2523	5
2524	37
2525	13
2526	27
2527	4
2528	48
2529	4
2530	87
2531	2
2532	46
2533	2
2534	5
2535	48
2536	31
2537	4
2538	14
2539	4
2540	132
2541	1
2542	9
2544	47
2545	18
2546	11
2547	5
2548	20
2550	112
2551	1
2552	25
2553	4
2554	12
2555	10
2556	23
2557	4
2558	12
2559	1
2560	386
2561	2
2562	25
2563	2
2564	18
2565	20
2566	11
2567	1
2568	46
2569	1
2570	72
2571	1
2572	16
2573	4
2574	17
2575	13
2576	39
2577	2
2578	10
2579	7
2580	276
2581	2
2582	12
2583	3
2584	24
2585	9
2586	13
2587	1
2588	19
2589	1
2590	60
2591	2
2592	48
2593	2
2594	7
2595	20
2596	26
2597	1
2598	13
2599	1
2600	166
2601	3
2602	13
2603	2
2604	25
2605	5
2606	11
2607	2
2608	37
2609	3
2610	83
2611	3
2612	21
2613	2
2614	8
2615	12
2616	34
2617	1
2618	6
2619	7
2620	78
2621	3
2622	14
2623	2
2624	24
2625	18
2626	13
2627	2
2628	36
2630	20
2632	43
2634	8
2635	5
2636	21
2637	1
2638	5
2639	1
2640	334
2641	2
2642	21
2644	33
2645	7
2646	23
2648	29
2649	4
2650	42
2651	4
2652	36
2653	3
2654	10
2655	25
2656	55
2657	3
2658	14
2659	3
2660	61
2661	2
2662	7
2663	2
2664	40
2665	3
2666	6
2667	4
2668	16
2669	2
2670	63
2671	3
2672	39
2673	1
2674	9
2675	3
2676	29
2677	3
2678	8
2679	3
2680	82
2681	1
2682	7
2683	1
2684	15
2685	18
2686	7
2687	2
2688	40
2689	1
2690	24
2691	1
2692	20
2693	4
2694	13
2695	5
2696	23
2697	2
2698	6
2699	1
2700	253
2701	3
2702	5
2703	1
2704	33
2705	5
2706	8
2707	1
2708	19
2709	1
2710	21
2711	2
2712	39
2713	1
2714	7
2715	11
2716	18
2717	2
2718	10
2719	1
2720	116
2722	8
2723	1
2724	27
2725	6
2726	6
2727	2
2728	17
2729	1
2730	58
2731	1
2732	24
2733	2
2734	7
2735	6
2736	41
2737	2
2738	10
2739	1
2740	65
2741	1
2742	9
2743	1
2744	18
2745	8
2746	5
2747	3
2748	25
2750	9
2751	2
2752	19
2754	16
2755	3
2756	19
2757	1
2758	11
2759	3
2760	172
2761	3
2762	5
2763	2
2764	20
2765	8
2766	11
2767	1
2768	16
2769	2
2770	16
2771	1
2772	27
2773	3
2774	5
2775	15
2776	21
2778	7
2779	2
2780	54
2781	1
2782	4
2784	33
2785	3
2786	4
2788	13
2789	1
2790	38
2792	24
2793	1
2794	5
2795	3
2796	18
2797	2
2798	3
2800	122
2802	9
2804	13
2805	3
2806	3
2807	1
2808	19
2809	1
2810	22
2811	1
2812	12
2813	2
2814	8
2815	4
2816	16
2817	2
2818	5
2819	1
2820	79
2822	10
2823	2
2824	13
2825	5
2826	10
2828	10
2829	3
2830	13
2831	2
2832	22
2833	2
2834	3
2835	13
2836	18
2837	3
2838	8
2840	32
2841	2
2842	7
2843	3
2844	12
2845	3
2846	2
2847	2
2848	14
2849	1
2850	24
2851	1
2852	10
2853	1
2854	5
2855	2
2856	17
2857	2
2858	2
2859	1
2860	26
2861	1
2862	6
2863	1
2864	18
2865	5
2866	5
2867	2
2868	13
2869	1
2870	11
2872	10
2873	4
2874	4
2875	1
2876	10
2878	4
2879	1
2880	2173
2882	5
2884	35
2885	43
2886	43
2887	1
2888	62
2889	1
2890	258
2891	2
2892	54
2893	2
2894	13
2895	107
2896	58
2897	2
2898	28
2900	321
2901	2
2902	10
2903	8
2904	48
2905	15
2906	13
2907	9
2908	22
2910	207
2911	4
2912	36
2913	2
2914	7
2915	12
2916	35
2917	1
2918	17
2919	7
2920	234
2921	3
2922	25
2923	1
2924	23
2925	33
2926	17
2928	51
2929	5
2930	56
2931	5
2932	18
2933	4
2934	15
2935	6
2936	25
2937	5
2938	12
2939	1
2940	246
2941	2
2942	9
2943	3
2944	35
2945	8
2946	10
2948	20
2949	3
2950	35
2952	38
2953	2
2954	7
2955	20
2956	22
2957	1
2958	11
2959	2
2960	159
2961	2
2962	10
2964	24
2965	5
2966	10
2967	3
2968	34
2969	3
2970	87
2971	2
2972	16
2973	3
2974	7
2975	2
2976	40
2977	2
2978	11
2980	72
2982	19
2983	3
2984	24
2985	11
2986	9
2987	1
2988	19
2990	20
2991	1
2992	22
2993	1
2994	6
2995	1
2996	11
2997	3
2998	4
2999	2
3000	228
3002	8
3003	2
3004	10
3005	2
3006	15
3007	2
3008	24
3009	4
3010	26
3012	13
3013	2
3014	7
3015	10
3016	14
3017	2
3018	6
3019	3
3020	34
3021	5
3022	8
3023	2
3024	27
3025	3
3026	9
3027	3
3028	13
3030	40
3031	2
3032	17
3033	3
3034	4
3035	1
3036	16
3038	5
3040	94
3042	9
3043	2
3044	12
3045	7
3046	5
3047	1
3048	16
3049	2
3050	14
3051	3
3052	10
3053	1
3054	9
3055	2
3056	13
3057	1
3058	6
3059	1
3060	98
3061	1
3062	2
3063	2
3064	15
3065	2
3066	9
3067	2
3068	13
3070	15
3071	2
3072	27
3074	6
3075	6
3076	13
3077	1
3078	9
3079	1
3080	46
3081	3
3082	5
3083	2
3084	17
3085	5
3086	5
3087	1
3088	15
3089	1
3090	22
3091	2
3092	10
3093	1
3094	12
3095	3
3096	23
3098	5
3100	34
3101	1
3102	4
3104	11
3105	2
3106	2
3107	1
3108	14
3109	3
3110	7
3111	2
3112	10
3113	2
3114	4
3116	9
3118	3
3119	2
3120	112
3122	2
3123	3
3124	23
3125	2
3126	3
3127	1
3128	11
3130	12
3131	2
3132	21
3134	5
3135	3
3136	18
3138	6
3140	20
3141	2
3142	3
3144	11
3145	1
3146	2
3147	3
3148	10
3149	3
3150	23
3151	1
3152	22
3154	3
3155	2
3156	10
3157	1
3158	3
3159	5
3160	24
3162	6
3164	8
3165	3
3166	5
3167	2
3168	10
3170	10
3171	1
3172	6
3174	4
3175	2
3176	6
3178	2
3180	31
3181	1
3182	2
3183	1
3184	10
3185	1
3186	5
3187	1
3188	7
3189	1
3190	7
3192	7
3193	1
3194	4
3195	1
3196	2
3197	1
3198	4
3200	6018
3201	1
3202	17
3203	3
3204	114
3205	192
3206	36
3207	8
3208	139
3209	2
3210	825
3211	4
3212	54
3213	4
3214	31
3215	136
3216	93
3217	4
3218	27
3219	8
3220	942
3221	8
3222	13
3223	5
3224	60
3225	49
3226	15
3227	5
3228	40
3229	2
3230	384
3231	2
3232	48
3233	4
3234	11
3235	22
3236	33
3237	2
3238	13
3239	3
3240	1020
3241	2
3242	16
3243	1
3244	30
3245	66
3246	20
3247	3
3248	33
3249	4
3250	197
3251	1
3252	23
3253	2
3254	9
3255	33
3256	35
3257	1
3258	15
3259	2
3260	536
3261	1
3262	8
3263	3
3264	43
3265	25
3266	7
3267	3
3268	17
3269	2
3270	140
3272	19
3274	6
3275	12
3276	20
3278	8
3279	2
3280	461
3281	2
3282	3
3283	2
3284	16
3285	17
3286	7
3287	2
3288	30
3289	1
3290	141
3291	1
3292	19
3293	1
3294	12
3295	4
3296	22
3297	1
3298	6
3299	3
3300	210
3301	3
3302	9
3303	4
3304	12
3305	10
3306	11
3308	11
3309	1
3310	54
3312	24
3313	2
3314	4
3315	10
3316	12
3318	3
3320	373
3321	1
3322	6
3323	1
3324	20
3325	6
3326	3
3328	13
3329	1
3330	62
3332	12
3333	1
3334	7
3335	13
3336	20
3338	5
3340	97
3342	4
3344	11
3345	4
3346	6
3348	17
3349	2
3350	37
3351	1
3352	9
3354	3
3355	9
3356	8
3357	1
3358	2
3359	2
3360	224
3361	1
3362	7
3364	6
3365	5
3366	4
3367	2
3368	14
3369	1
3370	28
3372	18
3374	1
3375	9
3376	13
3378	6
3380	134
3381	2
3382	3
3384	16
3385	2
3386	5
3387	1
3388	7
3389	1
3390	41
3392	17
3394	2
3395	2
3396	10
3397	2
3398	2
3399	3
3400	129
3402	8
3404	8
3405	5
3406	4
3408	7
3410	29
3412	7
3414	3
3415	4
3416	10
3418	5
3419	1
3420	84
3422	1
3424	6
3425	4
3426	9
3427	1
3428	10
3429	3
3430	16
3431	1
3432	11
3433	1
3434	3
3435	1
3436	7
3437	1
3438	2
3439	1
3440	153
3442	5
3443	1
3444	9
3445	4
3446	4
3448	11
3450	20
3451	3
3452	13
3453	2
3454	4
3455	6
3456	14
3458	4
3459	1
3460	39
3461	1
3462	5
3463	1
3464	13
3465	3
3466	4
3467	4
3468	5
3469	1
3470	30
3472	10
3473	1
3474	6
3475	1
3476	4
3477	1
3478	4
3479	1
3480	82
3482	1
3484	11
3485	4
3486	7
3488	7
3489	1
3490	13
3492	6
3494	4
3495	1
3496	12
3497	1
3498	2
3500	56
3501	1
3502	5
3504	13
3506	8
3507	2
3508	9
3509	1
3510	22
3511	4
3512	9
3513	2
3514	4
3515	2
3516	13
3518	3
3519	3
3520	61
3521	1
3522	4
3524	8
3525	4
3526	6
3528	15
3529	1
3530	10
3531	2
3532	6
3534	1
3535	1
3536	10
3537	1
3538	2
3540	38
3541	1
3542	2
3544	8
3545	4
3546	7
3547	2
3548	2
3549	2
3550	15
3551	3
3552	12
3553	1
3554	2
3555	1
3556	4
3558	1
3560	64
3562	5
3563	1
3564	10
3565	1
3566	3
3567	1
3568	9
3569	1
3570	11
3571	1
3572	5
3574	2
3575	1
3576	15
3578	2
3579	1
3580	22
3582	1
3583	1
3584	9
3585	1
3586	3
3588	3
3590	9
3592	5
3594	3
3596	6
3597	1
3598	3
3599	2
3600	1628
3602	6
3603	1
3604	18
3605	36
3606	38
3608	38
3610	109
3612	41
3613	2
3614	5
3615	62
3616	31
3617	1
3618	11
3619	1
3620	156
3621	1
3622	3
3623	2
3624	28
3625	16
3626	7
3627	6
3628	12
3630	156
3632	21
3634	7
3635	12
3636	23
3639	1
3640	140
3641	1
3642	10
3643	2
3644	14
3645	36
3646	6
3647	3
3648	19
3649	1
3650	27
3652	6
3653	1
3654	11
3655	5
3656	16
3657	2
3658	6
3660	146
3661	1
3662	1
3663	2
3664	4
3665	5
3666	6
3668	9
3669	1
3670	19
3671	1
3672	19
3674	2
3675	14
3676	6
3677	2
3678	9
3679	1
3680	140
3681	2
3683	3
3684	7
3685	6
3686	4
3687	4
3688	7
3689	1
3690	65
3692	4
3693	1
3694	4
3695	4
3696	11
3697	2
3698	3
3700	59
3702	3
3704	7
3705	6
3706	3
3707	2
3708	9
3709	1
3710	16
3711	2
3712	14
3713	2
3714	4
3715	2
3716	7
3717	2
3718	2
3720	116
3721	1
3722	1
3723	1
3724	2
3725	3
3726	6
3728	6
3730	10
3731	2
3732	6
3733	1
3734	1
3735	10
3736	8
3737	2
3738	2
3740	35
3741	1
3742	1
3743	1
3744	11
3745	2
3746	2
3747	2
3748	5
3749	1
3750	24
3752	6
3753	2
3755	2
3756	6
3758	1
3760	54
3762	7
3764	6
3765	9
3766	6
3768	11
3769	1
3770	11
3772	1
3773	1
3774	1
3775	1
3776	10
3777	2
3778	2
3779	1
3780	46
3781	1
3782	2
3783	2
3784	7
3785	3
3786	3
3788	3
3789	1
3790	6
3792	6
3795	7
3796	6
3798	2
3799	1
3800	49
3801	2
3804	4
3805	3
3806	1
3808	4
3810	21
3812	2
3814	3
3815	3
3816	5
3817	1
3819	1
3820	10
3821	1
3822	4
3824	3
3825	2
3828	3
3830	3
3832	6
3834	4
3835	2
3836	2
3837	1
3839	1
3840	367
3841	1
3842	1
3844	9
3845	1
3846	4
3848	30
3850	42
3852	15
3853	1
3854	3
3855	14
3856	14
3857	2
3858	3
3859	1
3860	62
3861	3
3862	3
3863	2
3864	13
3865	1
3866	4
3868	7
3870	36
3871	2
3872	10
3873	1
3874	3
3875	4
3876	5
3878	2
3880	43
3882	3
3884	6
3885	9
3886	3
3887	1
3888	13
3890	9
3891	1
3892	2
3894	4
3896	2
3897	1
3898	1
3899	1
3900	55
3902	2
3904	3
3905	2
3906	1
3908	4
3910	12
3912	7
3914	1
3915	3
3916	5
3917	2
3918	3
3920	50
3922	1
3924	9
3925	3
3926	1
3927	1
3928	2
3929	2
3930	16
3932	6
3933	1
3934	5
3936	7
3938	3
3939	2
3940	22
3942	2
3944	6
3945	4
3946	3
3947	2
3948	6
3949	2
3950	5
3952	6
3953	1
3954	3
3956	6
3958	9
3959	1
3960	52
3962	1
3964	7
3965	2
3966	3
3967	1
3968	5
3969	1
3970	5
3972	4
3973	1
3974	4
3975	7
3976	7
3980	9
3981	1
3982	4
3983	1
3984	6
3986	4
3987	2
3988	4
3990	9
3991	1
3992	5
3993	1
3994	2
3996	2
3997	1
3999	1
4000	84
4001	1
4002	2
4003	1
4004	3
4005	5
4006	1
4008	10
4010	6
4012	6
4015	1
4016	7
4018	1
4019	1
4020	20
4022	1
4023	1
4024	7
4025	1
4026	2
4028	1
4030	5
4031	2
4032	10
4033	1
4034	2
4035	2
4036	2
4037	2
4038	3
4040	22
4042	2
4044	1
4045	7
4046	1
4047	2
4048	4
4049	2
4050	22
4052	2
4053	1
4056	4
4058	1
4060	9
4062	2
4063	1
4064	4
4065	1
4066	6
4067	2
4068	3
4070	5
4072	6
4074	2
4075	1
4076	5
4078	1
4080	38
4081	1
4082	3
4084	2
4085	1
4086	2
4088	9
4089	1
4090	4
4092	2
4094	5
4095	2
4096	2
4098	3
4100	12
4101	1
4102	2
4104	9
4105	2
4106	4
4107	1
4108	7
4110	9
4112	4
4113	1
4114	3
4115	3
4116	8
4117	1
4118	1
4120	10
4122	3
4124	2
4126	2
4127	1
4128	11
4130	7
4132	4
4133	2
4134	1
4135	1
4136	8
4137	1
4138	2
4140	16
4142	1
4144	7
4145	1
4146	2
4148	1
4150	4
4152	7
4154	3
4156	1
4157	1
4158	1
4159	2
4160	24
4162	2
4164	1
4165	2
4166	1
4168	1
4170	6
4172	3
4174	1
4175	1
4176	6
4178	2
4179	1
4180	7
4182	1
4185	1
4186	1
4190	3
4192	2
4194	1
4196	1
4197	2
4198	2
4200	21
4202	1
4204	3
4206	4
4208	4
4210	5
4212	2
4213	1
4214	2
4215	4
4216	2
4217	1
4218	2
4220	7
4222	3
4224	3
4225	1
4230	10
4232	2
4235	1
4236	1
4237	1
4238	1
4240	13
4242	2
4244	3
4245	2
4246	2
4247	1
4248	3
4250	1
4251	1
4252	1
4254	3
4256	1
4258	2
4259	1
4260	5
4261	1
4264	1
4266	1
4268	1
4270	1
4272	1
4274	1
4276	1
4278	1
4280	3
4282	2
4286	2
4287	2
4288	2
4290	1
4296	2
4300	3
4302	2
4304	2
4306	1
4308	1
4310	2
4312	1
4320	509
4322	1
4323	1
4324	7
4325	2
4326	14
4328	12
4329	1
4330	51
4332	13
4334	1
4335	35
4336	12
4338	4
4340	82
4341	3
4342	2
4343	1
4344	12
4345	3
4346	4
4347	3
4348	4
4350	43
4351	2
4352	9
4353	2
4354	3
4355	1
4356	4
4358	3
4360	56
4362	7
4363	1
4364	5
4365	12
4366	2
4368	12
4369	1
4370	18
4371	2
4372	4
4374	1
4375	3
4376	4
4377	1
4379	1
4380	62
4381	1
4382	3
4383	2
4384	9
4385	1
4386	3
4387	1
4388	4
4389	1
4390	9
4392	5
4395	3
4396	4
4398	6
4400	46
4402	1
4404	6
4408	7
4410	25
4411	1
4412	7
4413	2
4415	4
4416	8
4418	2
4420	17
4421	1
4422	3
4424	3
4425	1
4426	5
4428	4
4429	2
4430	5
4431	1
4432	2
4434	1
4437	2
4438	2
4439	1
4440	42
4441	1
4442	4
4443	1
4444	5
4445	2
4446	4
4447	1
4448	6
4449	1
4450	5
4452	6
4454	2
4455	5
4456	6
4459	1
4460	9
4461	2
4462	1
4464	7
4465	1
4466	2
4469	1
4470	11
4471	1
4472	3
4473	1
4474	2
4475	1
4476	4
4478	1
4480	32
4481	1
4482	3
4483	1
4484	1
4485	2
4486	1
4488	4
4489	1
4490	6
4492	2
4493	2
4495	1
4496	1
4498	1
4500	19
4503	1
4504	2
4506	4
4508	2
4510	4
4512	5
4514	1
4515	2
4516	2
4518	1
4520	15
4524	6
4526	1
4528	7
4530	12
4532	2
4535	1
4536	3
4540	11
4542	1
4543	1
4544	4
4545	2
4548	3
4549	1
4550	4
4552	2
4554	1
4556	1
4560	25
4564	3
4565	1
4566	3
4568	4
4571	1
4572	3
4573	1
4574	1
4575	2
4576	6
4578	2
4580	4
4584	6
4586	2
4588	3
4590	7
4592	5
4596	1
4600	7
4602	4
4604	3
4606	1
4608	3
4610	4
4611	1
4612	2
4614	4
4616	2
4617	1
4618	3
4619	3
4620	9
4624	1
4626	1
4628	1
4629	1
4630	1
4632	3
4634	1
4635	1
4638	2
4640	12
4641	1
4644	1
4646	3
4648	5
4650	4
4652	4
4654	1
4656	5
4660	8
4662	1
4664	2
4665	1
4668	1
4670	3
4672	2
4674	1
4676	2
4677	1
4678	2
4680	20
4683	1
4684	4
4686	2
4688	2
4692	5
4694	1
4695	2
4696	1
4698	2
4700	2
4702	1
4704	3
4706	2
4708	2
4710	3
4712	1
4715	1
4716	7
4717	1
4719	1
4720	3
4721	1
4722	2
4724	1
4726	1
4728	3
4729	1
4732	2
4733	1
4736	3
4738	2
4740	7
4743	1
4744	1
4750	1
4753	1
4754	1
4760	3
4762	1
4764	2
4768	1
4770	3
4774	1
4775	1
4776	2
4780	2
4782	1
4784	5
4785	1
4788	1
4790	1
4792	1
4796	1
4800	3170
4802	5
4804	34
4805	103
4806	54
4807	1
4808	51
4809	6
4810	351
4812	67
4813	2
4814	9
4815	117
4816	45
4818	17
4819	2
4820	415
4821	4
4822	6
4823	3
4824	48
4825	19
4826	10
4827	10
4828	14
4830	249
4831	4
4832	24
4833	3
4834	4
4835	12
4836	23
4838	6
4839	5
4840	359
4841	1
4842	5
4843	3
4844	13
4845	46
4846	3
4848	25
4850	67
4851	1
4852	13
4854	6
4855	7
4856	11
4857	2
4858	3
4860	303
4861	2
4862	5
4864	10
4865	7
4866	12
4867	1
4868	12
4869	2
4870	61
4872	14
4873	2
4874	2
4875	15
4876	8
4878	6
4879	1
4880	177
4881	1
4882	5
4884	10
4885	8
4886	1
4887	1
4888	11
4890	113
4892	4
4893	1
4894	2
4895	7
4896	19
4898	3
4899	2
4900	73
4902	8
4904	8
4905	10
4906	4
4907	1
4908	7
4910	25
4911	1
4912	9
4914	5
4915	5
4916	6
4918	1
4920	193
4922	1
4924	7
4925	6
4926	5
4928	7
4930	30
4932	11
4934	2
4935	13
4936	5
4938	6
4940	44
4941	1
4942	2
4943	1
4944	8
4945	6
4946	4
4948	4
4950	32
4952	6
4953	1
4954	3
4955	1
4956	3
4957	1
4958	2
4960	89
4962	3
4963	2
4964	1
4965	6
4968	4
4970	19
4972	5
4974	1
4975	1
4976	2
4978	2
4980	82
4982	1
4984	1
4985	2
4986	2
4988	6
4990	12
4992	9
4993	1
4995	10
4996	5
4998	3
5000	45
5002	1
5003	2
5004	3
5005	4
5006	3
5008	4
5009	1
5010	16
5012	1
5015	2
5016	11
5018	1
5020	16
5022	3
5024	1
5025	3
5026	2
5028	6
5030	9
5032	2
5033	1
5035	1
5038	1
5040	85
5043	2
5044	2
5045	3
5046	6
5048	5
5049	1
5050	8
5051	1
5052	5
5054	1
5055	5
5056	6
5057	1
5058	1
5060	24
5061	2
5063	1
5064	7
5065	1
5067	2
5068	1
5069	1
5070	16
5072	5
5074	1
5076	4
5078	1
5080	16
5082	2
5083	1
5085	1
5086	2
5088	5
5090	5
5094	1
5096	2
5098	1
5100	35
5102	1
5104	4
5105	1
5108	2
5109	1
5110	3
5112	1
5113	1
5114	2
5115	4
5116	3
5120	37
5123	1
5124	3
5125	1
5128	4
5130	15
5132	3
5134	1
5135	1
5136	5
5140	11
5144	2
5145	1
5150	3
5151	1
5152	6
5153	1
5156	2
5158	2
5160	50
5163	1
5164	2
5168	2
5169	1
5170	3
5172	3
5174	1
5175	3
5176	1
5178	4
5180	13
5181	1
5183	1
5184	5
5187	2
5188	2
5190	8
5192	3
5194	1
5196	1
5197	1
5199	1
5200	24
5202	1
5204	1
5205	4
5206	1
5207	1
5208	3
5210	4
5212	2
5213	1
5215	1
5216	5
5217	1
5220	12
5224	2
5228	1
5229	1
5230	3
5232	1
5234	5
5235	3
5236	1
5238	1
5239	2
5240	6
5241	2
5244	3
5248	4
5250	6
5251	1
5252	1
5254	2
5256	7
5258	1
5259	1
5260	6
5262	4
5264	4
5265	1
5266	1
5269	1
5272	1
5274	1
5279	1
5280	34
5282	1
5284	2
5285	1
5286	2
5287	1
5288	3
5290	3
5292	4
5295	2
5296	3
5298	2
5300	6
5304	3
5306	1
5308	2
5310	3
5311	1
5312	5
5314	3
5316	2
5320	5
5324	1
5327	1
5328	2
5330	1
5334	2
5336	1
5337	1
5338	1
5340	17
5344	1
5346	3
5347	1
5348	1
5349	2
5350	1
5356	1
5360	5
5362	2
5364	2
5366	1
5368	1
5370	3
5372	1
5376	1
5377	1
5379	1
5380	1
5385	1
5391	1
5392	2
5400	148
5402	1
5403	1
5404	1
5405	3
5406	2
5408	1
5410	9
5412	5
5414	2
5415	8
5416	4
5418	2
5420	14
5422	1
5424	2
5428	1
5429	1
5430	10
5431	2
5432	1
5433	1
5434	2
5436	1
5437	1
5438	2
5440	16
5442	1
5443	1
5444	1
5445	6
5447	2
5448	3
5450	5
5453	1
5454	1
5455	3
5456	1
5460	15
5462	1
5464	4
5465	1
5468	1
5469	2
5472	1
5475	1
5480	7
5484	2
5485	2
5488	1
5490	9
5491	1
5492	3
5496	1
5500	3
5501	1
5502	2
5504	1
5505	5
5508	1
5509	1
5512	1
5514	1
5515	1
5518	1
5520	29
5521	1
5524	1
5528	1
5530	2
5532	5
5534	1
5538	2
5540	4
5542	1
5544	2
5548	1
5550	4
5555	1
5558	1
5560	6
5562	3
5563	1
5564	2
5565	1
5568	1
5570	1
5572	1
5577	1
5578	1
5580	4
5581	1
5584	2
5586	1
5588	3
5590	1
5592	2
5593	1
5595	1
5596	2
5598	1
5600	12
5606	1
5608	1
5610	1
5612	1
5616	1
5618	1
5620	2
5622	1
5623	1
5624	1
5628	1
5629	1
5630	1
5632	1
5635	1
5640	12
5644	1
5648	1
5652	1
5654	2
5658	1
5660	2
5661	1
5664	1
5665	1
5670	1
5672	1
5676	3
5678	1
5679	1
5680	4
5692	2
5695	2
5700	3
5702	1
5704	1
5705	1
5706	1
5716	1
5720	3
5724	2
5728	2
5730	2
5734	1
5736	4
5740	3
5742	1
5744	1
5750	2
5754	1
5760	204
5762	1
5764	2
5768	8
5769	2
5770	16
5772	2
5775	11
5776	4
5778	3
5780	25
5784	4
5786	3
5787	1
5788	1
5790	16
5791	1
5792	4
5793	1
5794	1
5795	2
5800	23
5801	1
5804	4
5805	4
5807	2
5808	2
5810	4
5811	1
5816	2
5817	2
5818	1
5820	16
5822	1
5824	3
5826	2
5828	2
5830	6
5832	1
5835	1
5840	12
5842	1
5843	1
5844	2
5845	2
5850	8
5852	2
5856	2
5857	1
5860	6
5862	2
5864	2
5868	1
5870	1
5880	18
5882	1
5884	2
5885	1
5888	2
5890	1
5892	2
5895	2
5900	4
5904	2
5910	8
5911	3
5912	1
5913	1
5916	1
5920	7
5922	2
5924	1
5929	1
5930	1
5932	2
5936	2
5940	12
5942	1
5944	1
5946	1
5948	2
5950	3
5952	3
5954	1
5955	1
5960	2
5962	2
5964	2
5968	1
5970	2
5973	1
5974	1
5976	2
5980	1
5992	1
5994	1
6000	12
6001	1
6005	1
6008	2
6010	2
6011	1
6012	3
6016	1
6020	4
6024	3
6025	2
6030	1
6032	3
6036	3
6038	1
6040	7
6042	1
6045	1
6046	1
6048	4
6050	2
6052	2
6056	2
6060	4
6065	1
6072	1
6074	2
6076	1
6080	1
6084	1
6086	1
6088	1
6090	3
6092	1
6098	1
6099	1
6100	1
6105	3
6110	1
6112	1
6116	3
6118	1
6120	9
6122	1
6126	1
6128	2
6136	3
6140	2
6148	1
6152	2
6153	1
6160	1
6162	1
6165	1
6168	1
6172	1
6175	1
6176	1
6180	4
6184	3
6185	1
6186	4
6187	1
6188	1
6192	3
6194	1
6196	1
6202	1
6210	2
6216	1
6220	1
6225	1
6233	1
6238	1
6240	5
6242	1
6248	2
6249	1
6254	1
6256	1
6261	1
6264	1
6280	1
6282	1
6285	2
6289	1
6300	2
6304	1
6320	1
6336	1
6340	1
6342	1
6350	1
6360	4
6370	1
6380	2
6386	1
6392	1
6400	926
6404	13
6405	20
6406	8
6408	37
6409	1
6410	125
6412	6
6414	3
6415	19
6416	21
6417	1
6418	4
6419	1
6420	143
6421	2
6424	9
6425	6
6426	2
6427	1
6428	10
6429	1
6430	62
6431	1
6432	6
6434	3
6435	2
6436	7
6437	1
6440	126
6442	5
6444	3
6445	5
6446	2
6448	8
6450	18
6451	1
6452	4
6453	1
6454	2
6455	2
6456	4
6457	1
6458	6
6460	71
6462	2
6463	1
6464	6
6465	3
6467	1
6468	2
6469	2
6470	15
6472	2
6475	1
6476	3
6478	1
6480	122
6481	1
6484	4
6485	1
6486	2
6488	5
6490	31
6492	5
6494	1
6495	5
6496	5
6500	43
6504	4
6505	3
6506	1
6508	1
6509	2
6510	21
6512	3
6514	1
6515	2
6516	4
6519	1
6520	60
6523	1
6524	2
6525	2
6526	2
6528	4
6530	7
6535	2
6536	4
6537	1
6538	1
6540	22
6548	5
6549	1
6550	10
6552	4
6554	1
6555	1
6556	1
6559	1
6560	37
6564	3
6565	1
6567	1
6568	2
6570	8
6572	2
6574	1
6575	1
6576	3
6578	1
6579	1
6580	21
6582	2
6584	2
6586	1
6588	1
6589	1
6590	2
6592	1
6600	23
6606	1
6608	3
6610	5
6612	4
6614	1
6615	4
6616	2
6620	10
6624	1
6626	1
6627	1
6628	1
6629	1
6630	1
6636	2
6640	26
6644	1
6645	1
6646	1
6648	2
6650	5
6654	2
6658	1
6660	11
6666	1
6668	1
6669	1
6670	4
6676	1
6678	1
6680	5
6685	1
6688	1
6690	5
6691	1
6692	2
6694	1
6696	1
6698	1
6700	4
6703	1
6710	2
6711	1
6720	14
6724	1
6728	1
6730	3
6731	1
6736	2
6740	4
6744	2
6747	1
6750	2
6752	1
6756	2
6760	13
6763	1
6768	1
6770	3
6774	1
6776	1
6780	8
6785	1
6786	1
6790	1
6794	1
6796	1
6800	11
6804	1
6810	1
6812	1
6816	2
6817	1
6820	4
6828	1
6830	2
6832	3
6834	1
6840	6
6841	1
6842	1
6847	1
6855	1
6856	1
6860	1
6864	3
6866	1
6867	1
6869	1
6872	1
6874	2
6876	1
6880	10
6886	1
6888	4
6891	1
6892	1
6895	1
6900	1
6904	1
6910	1
6912	3
6920	2
6932	1
6936	2
6940	4
6948	1
6950	1
6952	1
6956	1
6960	4
6972	1
6980	1
6984	1
6990	1
6998	1
7000	2
7002	1
7007	1
7016	1
7017	1
7020	1
7040	1
7044	1
7066	1
7090	1
7120	4
7127	1
7130	1
7132	1
7152	1
7153	1
7156	1
7158	1
7160	1
7168	1
7180	1
7190	1
7200	608
7204	10
7205	15
7206	15
7208	14
7210	58
7212	16
7214	1
7215	29
7216	10
7217	1
7218	2
7220	80
7221	2
7222	1
7224	18
7225	1
7226	3
7227	2
7228	6
7230	62
7232	6
7234	2
7235	3
7236	2
7238	2
7239	2
7240	62
7242	2
7245	11
7246	1
7247	1
7248	7
7250	18
7252	2
7253	1
7254	2
7255	2
7256	3
7257	1
7258	1
7260	74
7261	1
7262	1
7264	6
7265	2
7266	1
7268	2
7270	9
7272	3
7275	10
7276	2
7278	3
7279	1
7280	43
7282	4
7284	3
7285	3
7287	1
7288	1
7289	1
7290	23
7294	2
7295	3
7296	4
7298	1
7300	12
7303	1
7304	1
7305	3
7306	2
7309	2
7310	4
7313	1
7316	2
7320	45
7321	1
7324	1
7325	4
7330	1
7332	2
7334	2
7335	4
7336	1
7338	2
7340	6
7342	2
7344	1
7347	1
7350	9
7353	2
7356	1
7357	1
7360	15
7364	2
7365	3
7368	4
7370	3
7372	1
7373	1
7375	1
7376	3
7378	1
7380	19
7381	1
7384	1
7385	2
7388	2
7390	4
7391	3
7392	3
7394	1
7395	3
7396	1
7398	4
7400	7
7404	2
7406	3
7408	1
7410	8
7415	1
7416	1
7417	1
7418	1
7420	5
7422	2
7428	1
7439	1
7440	25
7444	1
7447	1
7448	1
7450	1
7452	1
7455	1
7460	6
7464	2
7467	2
7470	9
7472	2
7479	1
7480	4
7481	1
7488	1
7490	2
7492	2
7494	1
7495	1
7500	6
7501	1
7504	1
7507	1
7508	1
7510	1
7512	1
7515	1
7516	1
7518	2
7520	4
7530	1
7532	1
7536	1
7540	2
7546	1
7550	2
7556	1
7560	12
7565	1
7570	2
7574	1
7575	1
7576	2
7580	2
7590	3
7598	1
7600	11
7602	1
7604	2
7608	1
7610	2
7611	1
7615	1
7620	5
7628	1
7630	1
7635	1
7644	1
7650	2
7654	1
7656	1
7658	1
7659	1
7664	1
7665	1
7672	1
7680	22
7688	1
7690	1
7695	1
7700	3
7708	1
7710	1
7712	1
7720	1
7726	1
7730	1
7732	1
7735	1
7736	1
7740	7
7748	1
7750	1
7752	1
7755	1
7760	1
7770	2
7776	1
7780	1
7785	1
7800	5
7802	1
7805	1
7806	1
7812	1
7816	1
7828	1
7836	1
7840	4
7843	1
7848	1
7850	1
7860	3
7868	1
7884	1
7886	1
7890	1
7903	1
7920	6
7928	1
7942	1
7956	2
7980	1
7996	1
8000	12
8006	1
8008	1
8010	1
8016	2
8020	5
8024	1
8025	1
8030	3
8040	3
8042	2
8050	1
8055	1
8056	2
8060	1
8064	1
8068	2
8080	4
8090	1
8094	1
8098	1
8100	11
8115	1
8116	2
8119	1
8120	2
8127	1
8130	2
8132	1
8140	1
8155	1
8160	1
8170	1
8172	2
8176	1
8178	1
8180	2
8191	1
8192	1
8196	1
8200	4
8204	2
8212	1
8228	1
8230	1
8234	1
8236	1
8242	1
8244	1
8247	1
8250	1
8252	2
8260	1
8274	1
8280	1
8310	1
8320	4
8340	1
8342	1
8355	1
8393	1
8400	5
8412	1
8416	1
8436	1
8451	1
8452	1
8490	1
8494	1
8504	1
8538	1
8572	1
8592	1
8620	1
8627	1
8640	53
8650	3
8655	4
8658	1
8660	7
8670	6
8674	1
8678	3
8680	1
8682	2
8685	2
8688	1
8690	1
8696	2
8700	4
8712	1
8715	1
8727	1
8731	1
8732	1
8738	1
8740	2
8742	1
8750	1
8756	1
8760	5
8770	1
8775	1
8781	1
8788	1
8800	1
8804	1
8820	5
8826	1
8850	1
8860	1
8868	1
8876	1
8880	1
8882	1
8885	1
8900	2
8918	1
8926	1
8940	2
8944	1
8960	1
8964	1
8978	1
8992	1
9000	1
9008	1
9012	1
9029	1
9048	1
9050	1
9060	2
9066	1
9079	1
9090	1
9104	1
9105	1
9116	1
9124	2
9126	1
9130	1
9132	1
9136	1
9144	1
9163	1
9200	1
9300	1
9315	1
9325	1
9342	1
9360	1
9380	1
9420	1
9448	1
9472	1
9481	1
9509	1
9510	1
9514	1
9533	1
9560	2
9594	1
9600	572
9604	7
9605	11
9606	7
9608	11
9610	62
9612	11
9614	5
9615	24
9616	11
9618	3
9619	2
9620	77
9621	1
9622	2
9624	3
9625	3
9626	1
9627	1
9628	2
9629	2
9630	56
9632	8
9633	1
9634	3
9635	2
9636	6
9638	4
9640	75
9641	2
9642	4
9644	1
9645	4
9646	1
9648	2
9650	8
9652	3
9653	1
9656	4
9660	46
9662	2
9664	2
9665	1
9668	5
9670	11
9671	1
9672	4
9675	2
9676	1
9680	34
9681	2
9684	4
9685	1
9686	2
9688	1
9690	21
9692	1
9694	1
9695	1
9696	3
9698	1
9700	15
9702	1
9704	1
9705	2
9708	1
9710	6
9712	2
9713	1
9714	1
9716	1
9720	43
9725	1
9730	6
9732	3
9735	3
9740	11
9748	2
9750	5
9752	1
9754	1
9756	1
9758	1
9759	1
9760	15
9761	1
9768	1
9770	3
9772	1
9774	1
9776	2
9780	14
9788	1
9790	1
9792	1
9795	2
9796	1
9798	1
9800	10
9802	1
9808	1
9810	3
9815	1
9816	3
9818	1
9820	3
9824	1
9828	1
9834	1
9836	1
9840	17
9844	2
9847	1
9848	1
9850	2
9854	2
9856	1
9860	2
9864	1
9869	1
9870	5
9879	1
9880	3
9885	1
9900	3
9906	1
9910	1
9915	2
9920	5
9924	1
9928	1
9930	1
9940	1
9944	1
9950	1
9960	8
9966	1
9970	3
9972	1
9976	2
9980	2
9984	1
9996	1
10000	7
10008	1
10010	2
10022	1
10040	1
10050	3
10060	1
10063	1
10064	1
10080	7
10090	1
10096	1
10104	2
10109	1
10110	2
10113	1
10114	1
10120	1
10132	1
10140	1
10163	1
10172	1
10199	1
10200	3
10210	1
10220	1
10240	1
10245	1
10254	1
10260	2
10275	1
10319	1
10320	1
10332	1
10340	1
10368	1
10381	1
10400	2
10410	1
10416	1
10420	1
10428	1
10432	2
10448	1
10464	1
10472	1
10480	1
10495	1
10500	2
10504	1
10548	1
10558	1
10576	1
10590	1
10605	1
10620	1
10629	1
10696	1
10716	1
10800	82
10804	1
10805	2
10806	4
10810	5
10815	7
10816	2
10818	1
10820	7
10824	1
10828	2
10830	7
10835	1
10836	2
10839	1
10840	6
10844	1
10845	1
10848	1
10850	1
10860	6
10865	1
10866	1
10870	3
10873	1
10880	5
10885	1
10890	2
10892	2
10900	3
10902	1
10906	1
10920	5
10926	2
10928	2
10932	1
10942	1
10964	1
10980	2
10989	1
10990	2
10995	2
11000	2
11010	1
11020	1
11024	1
11025	1
11040	5
11045	1
11048	1
11050	1
11055	1
11082	1
11088	1
11092	2
11100	1
11115	1
11120	1
11140	1
11160	3
11200	2
11216	1
11280	1
11286	1
11299	1
11332	1
11355	1
11372	1
11400	2
11410	1
11440	2
11460	1
11498	1
11520	10
11544	1
11560	1
11568	1
11591	1
11596	1
11598	1
11610	1
11636	1
11680	2
11690	1
11720	1
11730	1
11740	1
11822	1
11836	1
11902	1
11908	1
11952	1
12000	7
12008	1
12016	2
12018	2
12025	1
12064	1
12080	1
12116	1
12124	1
12193	1
12197	1
12200	1
12231	1
12246	1
12315	1
12350	1
12409	1
12435	1
12450	1
12518	1
12592	1
12606	1
12624	1
12684	1
12736	1
12800	63
12804	3
12806	1
12808	5
12810	13
12814	3
12815	2
12816	2
12820	13
12824	1
12827	1
12830	6
12832	2
12840	11
12842	1
12845	1
12848	1
12850	1
12860	7
12867	1
12876	1
12880	5
12890	5
12900	5
12910	1
12920	9
12928	1
12940	2
12944	1
12956	1
12960	13
12972	2
12980	2
12982	1
12990	2
12995	1
12996	1
13000	1
13019	1
13020	1
13024	1
13030	1
13040	1
13044	1
13052	1
13070	2
13078	1
13080	1
13082	1
13110	1
13122	1
13136	1
13220	1
13238	1
13280	2
13320	1
13344	1
13536	1
13876	1
14148	1
14210	1
14328	1
14400	141
14406	1
14408	3
14410	13
14412	2
14415	14
14416	4
14418	1
14419	1
14420	13
14424	4
14427	1
14428	2
14430	17
14432	1
14440	15
14442	1
14443	1
14444	2
14445	1
14446	2
14448	3
14450	3
14451	1
14458	1
14460	18
14465	1
14466	1
14468	2
14470	1
14476	1
14480	12
14482	1
14484	1
14487	1
14490	4
14492	1
14494	2
14496	1
14500	8
14502	1
14505	2
14510	2
14512	1
14514	2
14520	11
14528	1
14530	1
14532	1
14535	1
14536	1
14540	2
14550	2
14552	1
14556	1
14560	2
14568	1
14572	1
14580	4
14592	1
14600	2
14607	1
14610	4
14630	1
14634	1
14640	7
14656	2
14658	1
14660	1
14670	1
14672	2
14686	1
14720	3
14728	1
14730	1
14736	1
14740	1
14748	1
14758	1
14760	4
14768	1
14799	1
14816	1
14840	1
14847	1
14895	1
14930	1
15000	2
15080	1
15160	1
15300	1
15360	1
15464	1
15465	1
15510	1
15600	3
15636	1
15660	1
15855	1
15978	1
16000	4
16016	1
16020	1
16030	1
16040	1
16048	1
16106	1
16120	1
16134	1
16170	1
16200	2
16212	1
16296	1
16302	1
16359	1
16360	1
16442	1
16583	1
16740	1
16800	1
17100	1
17280	2
17300	1
17394	1
17520	1
17760	1
17876	1
18396	1
18816	1
19170	1
19200	59
19206	1
19208	1
19210	7
19215	2
19216	1
19220	7
19223	1
19228	1
19230	7
19240	14
19244	1
19252	1
19256	1
19260	4
19264	1
19265	1
19272	1
19280	4
19284	1
19290	4
19292	1
19300	1
19305	1
19310	1
19324	1
19330	1
19332	1
19335	1
19344	1
19352	1
19360	1
19384	1
19392	1
19400	1
19410	1
19416	1
19440	3
19452	1
19460	1
19470	1
19472	1
19560	1
19566	1
19592	1
19600	1
19608	1
19628	1
19650	1
19762	1
19870	1
19936	1
20054	1
20172	1
20399	1
20950	1
21600	16
21608	1
21610	2
21612	1
21615	2
21616	1
21620	3
21621	1
21622	1
21630	1
21632	1
21640	1
21648	1
21650	1
21652	1
21654	1
21660	3
21666	1
21680	3
21690	1
21704	1
21720	3
21739	1
21742	1
21750	1
21796	1
21804	1
21825	1
21840	1
21882	1
21945	1
21960	2
21990	1
22000	1
22065	1
22110	1
22704	1
22800	1
23180	1
24020	2
24730	1
25550	1
25600	1
25620	1
25645	1
25668	1
25738	1
27060	1
27110	1
28800	11
28804	1
28805	1
28806	1
28810	2
28812	3
28818	1
28820	4
28830	2
28836	1
28846	1
28860	1
28864	1
28890	2
28896	1
28920	2
28962	2
28970	1
29000	1
29010	1
29048	1
29050	1
29160	3
29200	1
29358	1
29720	1
30491	1
30826	1
32400	1
32415	1
32440	1
32500	1
32880	1
36000	1
36010	1
36012	1
36479	1
36640	1
36946	1
37870	1
38400	1
38408	1
38418	1
39118	1
39521	1
43200	3
43232	1
43248	1
43290	1
43302	1
43336	1
51220	1
51224	1
57600	1
64800	1
65028	1
