Pay	Frequency
0	802177159
2	8118651
4	15377093
5	5964119
6	2983285
7	504881
8	13672240
9	282098
10	11788851
11	90266
12	5777742
13	208964
14	2130092
15	1533935
16	7108140
17	84684
18	1962474
19	113646
20	14445723
21	323107
22	1001772
23	124323
24	4690735
25	858663
26	930332
27	112292
28	2395919
29	121247
30	4337557
31	79006
32	2972358
33	123563
34	832130
35	288896
36	2194541
37	85626
38	710184
39	83791
40	10567062
41	59767
42	1004669
43	48529
44	1453724
45	906811
46	591314
47	55562
48	2396563
49	73031
50	1843727
51	52794
52	1102663
53	90499
54	652968
55	239679
56	1311972
57	67763
58	501637
59	40145
60	4549695
61	53640
62	457802
63	62369
64	1260943
65	311559
66	491568
67	34916
68	903029
69	62237
70	976890
71	34782
72	1221366
73	40936
74	370629
75	138280
76	731450
77	41874
78	391953
79	33160
80	5064818
81	37130
82	359823
83	31402
84	877986
85	388182
86	297732
87	38917
88	792816
89	34175
90	1303998
91	27734
92	569275
93	39251
94	287230
95	157870
96	884566
97	27383
98	282990
99	29094
100	1465270
101	32468
102	279738
103	24854
104	559616
105	128279
106	247600
107	22227
108	515187
109	23384
110	538295
111	26338
112	503104
113	20800
114	238072
115	69972
116	394619
117	23795
118	190890
119	18140
120	2729519
121	17153
122	202201
123	20395
124	405486
125	198890
126	227423
127	17548
128	472360
129	22332
130	529871
131	16181
132	361013
133	19828
134	161212
135	103188
136	369968
137	15261
138	177756
139	16406
140	720985
141	20686
142	139520
143	17081
144	459908
145	64711
146	145871
147	16966
148	274192
149	16796
150	337150
151	14370
152	296332
153	15109
154	131076
155	43115
156	259784
157	12523
158	122387
159	15799
160	1691464
161	11627
162	140742
163	11489
164	261874
165	127979
166	116450
167	12563
168	309573
169	13374
170	363468
171	12396
172	201394
173	12883
174	115242
175	59854
176	230411
177	12146
178	102279
179	11013
180	817675
181	11124
182	92967
183	11414
184	214639
185	59581
186	105698
187	9592
188	179746
189	12335
190	231515
191	8956
192	242842
193	9482
194	85512
195	37892
196	159792
197	9640
198	89866
199	8803
200	735107
201	9623
202	82890
203	8135
204	164690
205	54089
206	73753
207	9720
208	165086
209	8110
210	199452
211	7443
212	132355
213	8812
214	67440
215	27666
216	173186
217	7278
218	66842
219	7799
220	304680
221	7150
222	73164
223	6712
224	136968
225	26634
226	61187
227	6524
228	123695
229	6149
230	116759
231	6985
232	119523
233	5862
234	61441
235	16559
236	99176
237	6828
238	52866
239	5726
240	1134201
241	5480
242	59577
243	6049
244	124500
245	77837
246	67597
247	5882
248	134732
249	7494
250	204090
251	5468
252	114176
253	6332
254	50768
255	36630
256	112474
257	5515
258	56130
259	5353
260	264448
261	7092
262	44525
263	5416
264	105164
265	24255
266	44355
267	5937
268	78542
269	5248
270	152880
271	4690
272	87308
273	5298
274	42235
275	16636
276	78802
277	4596
278	40180
279	5081
280	229976
281	4161
282	43176
283	3981
284	66731
285	23524
286	37071
287	4017
288	107985
289	4143
290	84742
291	4233
292	63139
293	4774
294	38779
295	13219
296	70226
297	4400
298	34787
299	3569
300	205111
301	3712
302	32424
303	4377
304	68080
305	13649
306	35517
307	3282
308	56870
309	4095
310	64312
311	3262
312	65136
313	3542
314	28675
315	10228
316	50272
317	3268
318	31124
319	3157
320	383405
321	3601
322	29297
323	2997
324	64476
325	23939
326	29101
327	3471
328	63914
329	3454
330	94226
331	2759
332	47982
333	3652
334	25938
335	13652
336	59559
337	2824
338	26290
339	3220
340	124147
341	3104
342	25806
343	2760
344	48361
345	11554
346	23394
347	2523
348	43684
349	2643
350	56066
351	2842
352	42995
353	2589
354	23198
355	7454
356	36757
357	2754
358	20599
359	2340
360	324324
361	2294
362	21643
363	2346
364	41738
365	21989
366	26000
367	2324
368	48674
369	2896
370	63177
371	2185
372	41728
373	2650
374	19124
375	12922
376	40243
377	2228
378	22206
379	2054
380	95576
381	2889
382	17456
383	2443
384	46627
385	7939
386	17637
387	2513
388	31441
389	2127
390	45692
391	1983
392	34166
393	2284
394	16870
395	5368
396	31436
397	1901
398	15978
399	2206
400	371681
401	1743
402	20179
403	1670
404	35035
405	26640
406	15738
407	1889
408	39411
409	2205
410	63633
411	1935
412	26766
413	2139
414	16211
415	9637
416	30646
417	2051
418	14507
419	1688
420	96675
421	1866
422	13208
423	1797
424	27471
425	7483
426	14649
427	1484
428	23166
429	1781
430	35560
431	1413
432	33916
433	1499
434	12346
435	5472
436	21591
437	1602
438	13434
439	1431
440	87043
441	1566
442	11869
443	1420
444	23098
445	7292
446	11281
447	1653
448	24255
449	1465
450	34273
451	1290
452	19199
453	1642
454	10810
455	4538
456	22731
457	1272
458	10646
459	1434
460	47700
461	1352
462	11270
463	1190
464	20122
465	4474
466	9732
467	1120
468	18320
469	1210
470	20128
471	1232
472	18328
473	1140
474	9964
475	2871
476	15603
477	1279
478	8791
479	1085
480	329450
481	1033
482	11027
483	1116
484	26363
485	20295
486	14008
487	1231
488	28996
489	1691
490	56177
491	1077
492	22516
493	1439
494	9639
495	11183
496	22028
497	1238
498	10998
499	1158
500	68367
501	1664
502	8414
503	1206
504	21908
505	6793
506	8659
507	1427
508	15396
509	1074
510	35283
511	1014
512	17002
513	1177
514	8080
515	4617
516	15570
517	1032
518	7798
519	1177
520	62650
521	930
522	8741
523	825
524	13266
525	7143
526	7280
527	953
528	16944
529	984
530	22580
531	984
532	11956
533	994
534	7537
535	3570
536	13046
537	1134
538	6734
539	783
540	66152
541	825
542	6470
543	970
544	13573
545	4765
546	7738
547	745
548	11970
549	936
550	17411
551	736
552	13805
553	824
554	5951
555	3562
556	10857
557	771
558	6477
559	710
560	41743
561	862
562	5747
563	729
564	11577
565	3301
566	5543
567	873
568	11239
569	722
570	18993
571	677
572	9297
573	797
574	5129
575	2213
576	15585
577	658
578	5371
579	751
580	25684
581	715
582	5691
583	630
584	10264
585	2433
586	5338
587	591
588	9577
589	602
590	10899
591	712
592	9592
593	627
594	5192
595	1432
596	8336
597	676
598	4461
599	556
600	96839
601	578
602	4928
603	601
604	9747
605	5199
606	5985
607	536
608	11153
609	686
610	16275
611	551
612	9736
613	605
614	4363
615	2934
616	9251
617	526
618	4944
619	509
620	24733
621	687
622	3920
623	544
624	9557
625	1875
626	4074
627	692
628	7334
629	497
630	11155
631	518
632	7921
633	537
634	3810
635	1335
636	7363
637	497
638	3748
639	514
640	61301
641	469
642	4454
643	456
644	8386
645	3385
646	4213
647	454
648	10613
649	473
650	13433
651	481
652	7194
653	567
654	3997
655	2164
656	7856
657	508
658	3826
659	513
660	23729
661	520
662	3258
663	539
664	7319
665	1812
666	3883
667	399
668	6072
669	490
670	9186
671	389
672	7377
673	456
674	3205
675	1598
676	5573
677	395
678	3394
679	390
680	22247
681	490
682	3122
683	385
684	6078
685	1625
686	2995
687	452
688	6238
689	354
690	8423
691	390
692	4992
693	451
694	2693
695	1117
696	5992
697	382
698	2902
699	335
700	13474
701	352
702	2887
703	329
704	5283
705	1163
706	2536
707	302
708	4832
709	333
710	5339
711	390
712	4809
713	332
714	2543
715	745
716	4019
717	377
718	2334
719	278
720	99827
721	288
722	2988
723	323
724	7221
725	5897
726	4913
727	349
728	8690
729	483
730	15832
731	349
732	7238
733	445
734	2656
735	3709
736	6669
737	340
738	3279
739	376
740	19409
741	517
742	2352
743	412
744	6649
745	1919
746	2404
747	560
748	4451
749	315
750	11080
751	346
752	5013
753	347
754	2348
755	1269
756	4892
757	306
758	2401
759	414
760	19349
761	317
762	2685
763	273
764	4022
765	2147
766	2236
767	292
768	6005
769	307
770	6659
771	370
772	3832
773	328
774	2377
775	1104
776	4323
777	385
778	2174
779	278
780	14005
781	311
782	1950
783	365
784	4151
785	1035
786	2223
787	247
788	3851
789	329
790	4898
791	277
792	4293
793	242
794	1927
795	971
796	3206
797	258
798	2012
799	232
800	175530
801	294
802	3400
803	239
804	8582
805	11604
806	2595
807	500
808	8250
809	443
810	26167
811	265
812	4358
813	386
814	2335
815	4141
816	5827
817	287
818	2397
819	379
820	27668
821	356
822	2072
823	286
824	4383
825	2746
826	1896
827	297
828	3668
829	276
830	11618
831	273
832	3770
833	252
834	1842
835	1504
836	2862
837	299
838	1651
839	257
840	26835
841	214
842	1705
843	241
844	3119
845	2755
846	1829
847	249
848	3776
849	286
850	8011
851	202
852	2889
853	252
854	1450
855	1599
856	3057
857	174
858	1654
859	179
860	13919
861	255
862	1366
863	238
864	4632
865	1349
866	1285
867	245
868	2442
869	204
870	5835
871	177
872	2622
873	219
874	1344
875	879
876	2346
877	185
878	1281
879	268
880	15820
881	177
882	1413
883	159
884	2426
885	1504
886	1166
887	156
888	2904
889	173
890	5918
891	166
892	2049
893	187
894	1454
895	863
896	2537
897	202
898	1191
899	155
900	15508
901	180
902	1185
903	197
904	2586
905	812
906	1468
907	151
908	2279
909	179
910	3859
911	142
912	2665
913	166
914	1088
915	673
916	2018
917	127
918	1202
919	132
920	11441
921	161
922	1050
923	146
924	2322
925	880
926	1042
927	160
928	2333
929	132
930	4102
931	142
932	1865
933	163
934	1035
935	629
936	2216
937	132
938	1039
939	165
940	5989
941	160
942	1114
943	153
944	2004
945	625
946	976
947	127
948	1835
949	129
950	2521
951	136
952	1803
953	112
954	1025
955	334
956	1574
957	142
958	857
959	130
960	63062
961	135
962	1219
963	122
964	4036
965	3004
966	2173
967	155
968	4573
969	203
970	10157
971	131
972	3474
973	194
974	1230
975	2184
976	3097
977	138
978	1503
979	178
980	13229
981	289
982	993
983	172
984	3025
985	1373
986	1055
987	239
988	1993
989	175
990	6884
991	158
992	2219
993	152
994	1042
995	961
996	1998
997	111
998	978
999	209
1000	12071
1001	150
1002	1063
1003	152
1004	1655
1005	1271
1006	904
1007	111
1008	2454
1009	137
1010	4036
1011	164
1012	1556
1013	150
1014	1007
1015	666
1016	1744
1017	139
1018	846
1019	85
1020	8387
1021	140
1022	759
1023	138
1024	1731
1025	606
1026	895
1027	103
1028	1506
1029	127
1030	2895
1031	92
1032	1672
1033	129
1034	730
1035	525
1036	1291
1037	125
1038	778
1039	101
1040	8621
1041	122
1042	681
1043	94
1044	1462
1045	667
1046	640
1047	149
1048	1579
1049	101
1050	3658
1051	98
1052	1198
1053	114
1054	675
1055	401
1056	1540
1057	95
1058	757
1059	103
1060	4780
1061	103
1062	763
1063	88
1064	1271
1065	422
1066	595
1067	89
1068	1211
1069	96
1070	2032
1071	100
1072	1092
1073	94
1074	688
1075	239
1076	1027
1077	114
1078	551
1079	84
1080	18249
1081	72
1082	638
1083	80
1084	1387
1085	1003
1086	1097
1087	67
1088	1839
1089	108
1090	3081
1091	70
1092	1660
1093	116
1094	595
1095	923
1096	1429
1097	87
1098	733
1099	82
1100	4575
1101	153
1102	490
1103	113
1104	1501
1105	360
1106	588
1107	168
1108	1028
1109	95
1110	2551
1111	92
1112	1157
1113	78
1114	547
1115	272
1116	1134
1117	92
1118	601
1119	103
1120	5125
1121	74
1122	618
1123	69
1124	1013
1125	535
1126	502
1127	71
1128	1334
1129	75
1130	1836
1131	99
1132	881
1133	95
1134	613
1135	280
1136	1044
1137	90
1138	510
1139	64
1140	4212
1141	87
1142	474
1143	88
1144	1015
1145	250
1146	554
1147	70
1148	895
1149	89
1150	1438
1151	62
1152	1499
1153	78
1154	441
1155	293
1156	873
1157	70
1158	510
1159	63
1160	3947
1161	84
1162	457
1163	66
1164	997
1165	302
1166	481
1167	84
1168	987
1169	58
1170	1667
1171	77
1172	828
1173	52
1174	432
1175	202
1176	1042
1177	61
1178	494
1179	82
1180	2163
1181	56
1182	502
1183	55
1184	825
1185	222
1186	479
1187	62
1188	836
1189	61
1190	883
1191	65
1192	812
1193	50
1194	424
1195	126
1196	683
1197	88
1198	380
1199	49
1200	51483
1201	64
1202	768
1203	65
1204	2146
1205	2948
1206	1252
1207	85
1208	2521
1209	104
1210	5903
1211	66
1212	1981
1213	81
1214	561
1215	1351
1216	1718
1217	86
1218	756
1219	76
1220	7574
1221	148
1222	450
1223	95
1224	1623
1225	645
1226	500
1227	164
1228	870
1229	65
1230	3288
1231	77
1232	1116
1233	77
1234	455
1235	390
1236	965
1237	73
1238	436
1239	99
1240	6649
1241	50
1242	563
1243	48
1244	823
1245	774
1246	430
1247	64
1248	1145
1249	64
1250	1929
1251	67
1252	668
1253	57
1254	429
1255	318
1256	824
1257	86
1258	387
1259	57
1260	4435
1261	46
1262	339
1263	78
1264	846
1265	338
1266	470
1267	39
1268	735
1269	59
1270	1350
1271	42
1272	849
1273	42
1274	328
1275	297
1276	560
1277	53
1278	371
1279	48
1280	7437
1281	64
1282	343
1283	52
1284	949
1285	378
1286	402
1287	71
1288	944
1289	59
1290	2121
1291	42
1292	676
1293	70
1294	324
1295	304
1296	1105
1297	49
1298	369
1299	61
1300	2652
1301	73
1302	363
1303	46
1304	659
1305	272
1306	323
1307	39
1308	648
1309	51
1310	1046
1311	73
1312	639
1313	47
1314	349
1315	163
1316	500
1317	42
1318	264
1319	28
1320	4003
1321	40
1322	280
1323	43
1324	592
1325	278
1326	372
1327	43
1328	682
1329	55
1330	1137
1331	43
1332	612
1333	48
1334	298
1335	287
1336	607
1337	44
1338	312
1339	40
1340	1733
1341	53
1342	259
1343	62
1344	664
1345	138
1346	255
1347	57
1348	459
1349	34
1350	1191
1351	50
1352	503
1353	46
1354	262
1355	107
1356	505
1357	47
1358	230
1359	42
1360	2679
1361	44
1362	264
1363	28
1364	475
1365	235
1366	240
1367	44
1368	637
1369	48
1370	813
1371	41
1372	407
1373	38
1374	266
1375	133
1376	473
1377	41
1378	248
1379	33
1380	1843
1381	38
1382	211
1383	54
1384	486
1385	132
1386	295
1387	39
1388	411
1389	45
1390	663
1391	30
1392	560
1393	38
1394	180
1395	130
1396	365
1397	32
1398	243
1399	31
1400	2062
1401	34
1402	178
1403	31
1404	461
1405	104
1406	189
1407	37
1408	437
1409	36
1410	723
1411	27
1412	374
1413	36
1414	186
1415	87
1416	433
1417	33
1418	194
1419	22
1420	958
1421	26
1422	206
1423	36
1424	370
1425	113
1426	195
1427	22
1428	358
1429	26
1430	358
1431	29
1432	285
1433	20
1434	208
1435	60
1436	268
1437	37
1438	170
1439	32
1440	22576
1441	32
1442	272
1443	32
1444	1111
1445	1086
1446	927
1447	41
1448	1494
1449	75
1450	3425
1451	33
1452	1244
1453	53
1454	295
1455	867
1456	965
1457	38
1458	458
1459	57
1460	3910
1461	92
1462	252
1463	78
1464	908
1465	459
1466	304
1467	109
1468	534
1469	57
1470	2424
1471	48
1472	621
1473	61
1474	273
1475	294
1476	634
1477	37
1478	316
1479	65
1480	3289
1481	40
1482	310
1483	42
1484	482
1485	469
1486	278
1487	38
1488	735
1489	31
1490	1247
1491	69
1492	361
1493	48
1494	278
1495	196
1496	461
1497	52
1498	230
1499	34
1500	2828
1501	39
1502	203
1503	42
1504	490
1505	197
1506	300
1507	26
1508	452
1509	49
1510	978
1511	27
1512	536
1513	45
1514	207
1515	199
1516	361
1517	41
1518	252
1519	24
1520	2520
1521	38
1522	181
1523	33
1524	443
1525	198
1526	215
1527	43
1528	479
1529	24
1530	1211
1531	26
1532	373
1533	34
1534	195
1535	159
1536	496
1537	30
1538	195
1539	35
1540	1373
1541	38
1542	216
1543	33
1544	373
1545	136
1546	205
1547	34
1548	342
1549	27
1550	618
1551	25
1552	329
1553	33
1554	167
1555	67
1556	282
1557	34
1558	141
1559	15
1560	2245
1561	29
1562	160
1563	35
1564	313
1565	131
1566	231
1567	21
1568	378
1569	34
1570	627
1571	19
1572	332
1573	32
1574	179
1575	183
1576	291
1577	20
1578	222
1579	32
1580	941
1581	37
1582	144
1583	29
1584	351
1585	79
1586	144
1587	34
1588	256
1589	23
1590	590
1591	29
1592	295
1593	25
1594	134
1595	61
1596	279
1597	23
1598	156
1599	36
1600	59027
1601	22
1602	699
1603	19
1604	2276
1605	3606
1606	630
1607	78
1608	2261
1609	100
1610	7748
1611	37
1612	999
1613	85
1614	435
1615	1544
1616	1177
1617	58
1618	401
1619	71
1620	9651
1621	60
1622	212
1623	53
1624	939
1625	983
1626	345
1627	56
1628	547
1629	54
1630	3989
1631	39
1632	730
1633	41
1634	274
1635	572
1636	479
1637	38
1638	261
1639	45
1640	6906
1641	37
1642	248
1643	26
1644	465
1645	871
1646	196
1647	44
1648	634
1649	48
1650	2446
1651	34
1652	318
1653	40
1654	218
1655	431
1656	437
1657	34
1658	197
1659	31
1660	4285
1661	25
1662	183
1663	34
1664	411
1665	491
1666	164
1667	31
1668	374
1669	41
1670	1449
1671	30
1672	294
1673	20
1674	159
1675	272
1676	254
1677	20
1678	148
1679	27
1680	4693
1681	27
1682	135
1683	21
1684	352
1685	386
1686	193
1687	26
1688	375
1689	31
1690	1837
1691	16
1692	344
1693	29
1694	141
1695	299
1696	330
1697	18
1698	184
1699	27
1700	2377
1701	26
1702	143
1703	23
1704	329
1705	158
1706	118
1707	28
1708	254
1709	17
1710	963
1711	25
1712	256
1713	15
1714	129
1715	120
1716	228
1717	20
1718	111
1719	20
1720	2984
1721	20
1722	150
1723	15
1724	222
1725	302
1726	117
1727	17
1728	509
1729	21
1730	911
1731	22
1732	195
1733	22
1734	126
1735	181
1736	208
1737	22
1738	112
1739	23
1740	1495
1741	24
1742	104
1743	27
1744	234
1745	103
1746	145
1747	12
1748	207
1749	17
1750	685
1751	25
1752	237
1753	25
1754	103
1755	107
1756	161
1757	17
1758	111
1759	14
1760	1870
1761	18
1762	97
1763	13
1764	214
1765	151
1766	104
1767	25
1768	257
1769	16
1770	695
1771	18
1772	204
1773	19
1774	88
1775	87
1776	243
1777	13
1778	127
1779	26
1780	1461
1781	10
1782	111
1783	13
1784	235
1785	125
1786	99
1787	11
1788	197
1789	12
1790	480
1791	20
1792	231
1793	19
1794	95
1795	73
1796	166
1797	12
1798	85
1799	15
1800	7034
1801	14
1802	126
1803	15
1804	326
1805	262
1806	262
1807	18
1808	408
1809	21
1810	817
1811	11
1812	407
1813	12
1814	83
1815	215
1816	318
1817	17
1818	134
1819	16
1820	1276
1821	22
1822	95
1823	30
1824	293
1825	99
1826	103
1827	28
1828	181
1829	15
1830	551
1831	23
1832	202
1833	17
1834	80
1835	55
1836	187
1837	10
1838	97
1839	18
1840	2079
1841	13
1842	145
1843	11
1844	177
1845	163
1846	95
1847	9
1848	271
1849	11
1850	602
1851	22
1852	172
1853	14
1854	98
1855	78
1856	175
1857	21
1858	92
1859	7
1860	1114
1861	12
1862	74
1863	11
1864	203
1865	59
1866	107
1867	6
1868	157
1869	25
1870	425
1871	8
1872	217
1873	11
1874	68
1875	73
1876	148
1877	6
1878	104
1879	8
1880	1041
1881	19
1882	68
1883	10
1884	184
1885	79
1886	83
1887	17
1888	185
1889	10
1890	396
1891	10
1892	145
1893	7
1894	74
1895	45
1896	175
1897	12
1898	73
1899	17
1900	666
1901	13
1902	84
1903	11
1904	120
1905	50
1906	63
1907	9
1908	142
1909	4
1910	230
1911	15
1912	145
1913	10
1914	69
1915	31
1916	115
1917	10
1918	56
1919	9
1920	7245
1921	9
1922	94
1923	10
1924	393
1925	191
1926	235
1927	12
1928	515
1929	17
1930	1127
1931	12
1932	398
1933	16
1934	98
1935	263
1936	304
1937	12
1938	144
1939	21
1940	1372
1941	34
1942	86
1943	14
1944	364
1945	140
1946	66
1947	19
1948	179
1949	18
1950	807
1951	21
1952	218
1953	26
1954	83
1955	98
1956	201
1957	11
1958	98
1959	22
1960	1544
1961	12
1962	106
1963	12
1964	161
1965	153
1966	84
1967	18
1968	267
1969	17
1970	486
1971	15
1972	136
1973	23
1974	89
1975	86
1976	153
1977	13
1978	75
1979	14
1980	1078
1981	12
1982	58
1983	22
1984	135
1985	83
1986	102
1987	10
1988	174
1989	19
1990	398
1991	9
1992	154
1993	8
1994	56
1995	82
1996	126
1997	7
1998	92
1999	8
2000	1352
2001	7
2002	91
2003	8
2004	160
2005	66
2006	84
2007	13
2008	163
2009	6
2010	494
2011	16
2012	138
2013	9
2014	72
2015	49
2016	171
2017	7
2018	67
2019	14
2020	634
2021	9
2022	76
2023	8
2024	112
2025	43
2026	66
2027	10
2028	139
2029	8
2030	211
2031	11
2032	97
2033	10
2034	62
2035	41
2036	86
2037	18
2038	46
2039	12
2040	972
2041	6
2042	60
2043	12
2044	111
2045	55
2046	79
2047	1
2048	125
2049	12
2050	291
2051	9
2052	142
2053	6
2054	52
2055	72
2056	102
2057	4
2058	57
2059	10
2060	398
2061	12
2062	43
2063	13
2064	132
2065	30
2066	43
2067	13
2068	104
2069	6
2070	221
2071	6
2072	91
2073	9
2074	52
2075	20
2076	105
2077	10
2078	63
2079	8
2080	737
2081	7
2082	68
2083	6
2084	93
2085	39
2086	45
2087	4
2088	120
2089	5
2090	237
2091	9
2092	81
2093	9
2094	40
2095	24
2096	102
2097	8
2098	50
2099	8
2100	530
2101	9
2102	43
2103	4
2104	80
2105	22
2106	56
2107	6
2108	92
2109	5
2110	168
2111	9
2112	92
2113	10
2114	32
2115	28
2116	69
2117	7
2118	44
2119	6
2120	476
2121	9
2122	33
2123	3
2124	71
2125	20
2126	47
2127	11
2128	78
2129	8
2130	168
2131	9
2132	76
2133	7
2134	35
2135	27
2136	84
2137	6
2138	42
2139	9
2140	261
2141	5
2142	36
2143	5
2144	83
2145	33
2146	35
2147	5
2148	55
2149	7
2150	97
2151	7
2152	75
2153	7
2154	36
2155	15
2156	60
2157	8
2158	23
2160	4105
2161	2
2162	41
2163	5
2164	201
2165	180
2166	203
2167	8
2168	330
2169	12
2170	572
2171	10
2172	247
2173	11
2174	71
2175	248
2176	195
2177	11
2178	93
2179	11
2180	719
2181	21
2182	38
2183	17
2184	194
2185	78
2186	49
2187	27
2188	113
2189	12
2190	493
2191	13
2192	113
2193	7
2194	55
2195	51
2196	115
2197	12
2198	71
2199	14
2200	825
2201	10
2202	75
2203	9
2204	84
2205	112
2206	50
2207	8
2208	155
2209	10
2210	223
2211	10
2212	69
2213	7
2214	54
2215	44
2216	84
2217	7
2218	53
2219	7
2220	583
2221	9
2222	41
2223	14
2224	112
2225	28
2226	77
2227	3
2228	100
2229	12
2230	173
2231	6
2232	131
2233	5
2234	44
2235	50
2236	81
2237	5
2238	47
2239	4
2240	497
2241	13
2242	33
2243	6
2244	100
2245	46
2246	41
2247	14
2248	109
2249	9
2250	252
2251	8
2252	78
2253	12
2254	41
2255	26
2256	114
2257	6
2258	40
2259	14
2260	343
2261	8
2262	65
2263	6
2264	77
2265	32
2266	37
2267	7
2268	75
2269	3
2270	123
2271	7
2272	93
2273	1
2274	39
2275	10
2276	55
2277	9
2278	26
2280	533
2281	1
2282	41
2283	9
2284	88
2285	20
2286	59
2287	6
2288	96
2289	7
2290	127
2291	10
2292	92
2293	15
2294	36
2295	47
2296	83
2297	6
2298	41
2299	5
2300	211
2301	9
2302	27
2303	10
2304	117
2305	16
2306	49
2307	9
2308	60
2309	5
2310	110
2311	8
2312	57
2313	5
2314	30
2315	16
2316	59
2317	5
2318	36
2319	7
2320	375
2321	2
2322	39
2323	2
2324	55
2325	33
2326	33
2327	7
2328	79
2329	8
2330	126
2331	6
2332	58
2333	6
2334	42
2335	25
2336	61
2337	7
2338	30
2339	4
2340	293
2341	8
2342	31
2343	10
2344	65
2345	14
2346	50
2347	2
2348	70
2349	8
2350	104
2351	5
2352	74
2353	4
2354	32
2355	25
2356	66
2357	6
2358	21
2359	5
2360	210
2361	5
2362	23
2363	7
2364	59
2365	18
2366	24
2367	11
2368	46
2369	4
2370	123
2371	4
2372	47
2373	6
2374	22
2375	9
2376	64
2377	6
2378	19
2379	6
2380	136
2381	4
2382	22
2383	5
2384	53
2385	16
2386	27
2387	5
2388	43
2389	1
2390	48
2391	6
2392	36
2393	4
2394	28
2395	5
2396	36
2397	7
2398	17
2399	6
2400	21680
2401	10
2402	175
2403	7
2404	791
2405	1256
2406	519
2407	20
2408	926
2409	36
2410	2652
2411	10
2412	689
2413	24
2414	127
2415	595
2416	503
2417	15
2418	192
2419	17
2420	2907
2421	52
2422	65
2423	34
2424	479
2425	327
2426	93
2427	43
2428	171
2429	22
2430	1589
2431	21
2432	228
2433	17
2434	91
2435	203
2436	228
2437	18
2438	93
2439	28
2440	2298
2441	8
2442	140
2443	15
2444	153
2445	337
2446	68
2447	11
2448	276
2449	13
2450	763
2451	21
2452	115
2453	23
2454	99
2455	143
2456	108
2457	16
2458	73
2459	4
2460	1570
2461	4
2462	55
2463	15
2464	135
2465	128
2466	83
2467	10
2468	147
2469	19
2470	454
2471	12
2472	133
2473	9
2474	48
2475	104
2476	85
2477	8
2478	58
2479	13
2480	1439
2481	12
2482	53
2483	11
2484	143
2485	134
2486	44
2487	17
2488	133
2489	8
2490	614
2491	11
2492	93
2493	13
2494	43
2495	84
2496	150
2497	9
2498	48
2499	13
2500	790
2501	4
2502	69
2503	8
2504	82
2505	64
2506	42
2507	11
2508	89
2509	7
2510	243
2511	9
2512	70
2513	9
2514	45
2515	38
2516	52
2517	6
2518	23
2519	3
2520	1066
2521	2
2522	33
2523	3
2524	81
2525	80
2526	73
2527	6
2528	109
2529	9
2530	316
2531	3
2532	93
2533	8
2534	16
2535	103
2536	62
2537	9
2538	42
2539	4
2540	393
2541	13
2542	23
2543	17
2544	87
2545	42
2546	37
2547	12
2548	54
2549	2
2550	250
2551	5
2552	57
2553	10
2554	24
2555	18
2556	58
2557	5
2558	35
2559	4
2560	730
2561	5
2562	51
2563	4
2564	60
2565	58
2566	28
2567	8
2568	91
2569	6
2570	255
2571	12
2572	51
2573	8
2574	30
2575	30
2576	49
2577	8
2578	39
2579	5
2580	536
2581	8
2582	22
2583	6
2584	84
2585	39
2586	44
2587	7
2588	55
2589	8
2590	173
2591	3
2592	150
2593	1
2594	26
2595	49
2596	54
2597	2
2598	29
2599	2
2600	502
2601	7
2602	32
2603	5
2604	55
2605	30
2606	22
2607	8
2608	58
2609	7
2610	163
2611	5
2612	45
2613	5
2614	21
2615	18
2616	64
2617	1
2618	26
2619	5
2620	229
2621	4
2622	22
2623	3
2624	43
2625	27
2626	16
2627	6
2628	52
2629	3
2630	84
2631	2
2632	44
2633	5
2634	27
2635	24
2636	34
2637	6
2638	16
2639	4
2640	567
2641	4
2642	19
2643	5
2644	42
2645	36
2646	32
2647	4
2648	60
2649	4
2650	150
2651	3
2652	78
2653	1
2654	20
2655	37
2656	50
2657	6
2658	37
2659	8
2660	227
2661	9
2662	8
2663	2
2664	86
2665	22
2666	23
2667	13
2668	38
2669	3
2670	141
2671	8
2672	45
2673	5
2674	32
2675	9
2676	50
2677	3
2678	13
2679	6
2680	199
2681	3
2682	31
2683	4
2684	30
2685	19
2686	19
2687	6
2688	52
2689	8
2690	78
2691	6
2692	31
2693	3
2694	19
2695	17
2696	41
2697	4
2698	20
2699	2
2700	606
2701	8
2702	18
2703	2
2704	37
2705	17
2706	32
2707	5
2708	43
2709	8
2710	71
2711	3
2712	60
2713	4
2714	8
2715	14
2716	31
2717	3
2718	15
2719	1
2720	265
2721	7
2722	14
2723	4
2724	36
2725	8
2726	14
2727	6
2728	47
2729	3
2730	121
2731	5
2732	27
2733	3
2734	12
2735	11
2736	50
2737	2
2738	25
2739	3
2740	174
2741	3
2742	20
2743	2
2744	39
2745	19
2746	20
2747	4
2748	21
2749	2
2750	63
2751	2
2752	28
2753	3
2754	17
2755	5
2756	27
2757	3
2758	13
2759	2
2760	304
2761	2
2762	13
2763	2
2764	42
2765	11
2766	26
2768	37
2769	6
2770	75
2771	5
2772	62
2773	2
2774	9
2775	31
2776	31
2777	6
2778	22
2779	3
2780	136
2781	8
2782	12
2783	4
2784	39
2785	13
2786	15
2787	5
2788	26
2789	3
2790	65
2791	4
2792	29
2794	16
2795	5
2796	28
2797	3
2798	10
2799	2
2800	301
2801	2
2802	14
2803	1
2804	27
2805	14
2806	15
2808	51
2809	2
2810	57
2811	4
2812	25
2814	16
2815	9
2816	38
2817	4
2818	7
2819	2
2820	135
2821	4
2822	13
2823	10
2824	25
2825	13
2826	14
2827	1
2828	24
2829	3
2830	33
2831	4
2832	32
2833	2
2834	9
2835	6
2836	20
2837	3
2838	15
2839	4
2840	109
2841	2
2842	12
2843	1
2844	25
2845	9
2846	10
2847	4
2848	30
2849	3
2850	45
2851	8
2852	20
2853	2
2854	17
2855	4
2856	27
2857	2
2858	8
2859	3
2860	66
2861	3
2862	9
2864	24
2865	8
2866	8
2868	20
2869	3
2870	23
2871	3
2872	19
2873	2
2874	6
2875	7
2876	16
2877	1
2878	9
2879	2
2880	3049
2881	3
2882	28
2883	1
2884	126
2885	77
2886	123
2887	4
2888	177
2889	4
2890	472
2891	3
2892	182
2893	2
2894	33
2895	150
2896	117
2897	3
2898	54
2899	3
2900	565
2901	13
2902	15
2903	13
2904	134
2905	82
2906	31
2907	16
2908	51
2909	1
2910	382
2911	6
2912	62
2913	9
2914	30
2915	63
2916	80
2917	5
2918	27
2919	3
2920	443
2921	2
2922	24
2923	5
2924	45
2925	79
2926	34
2927	9
2928	88
2929	2
2930	180
2931	8
2932	39
2933	8
2934	39
2935	36
2936	42
2937	11
2938	34
2939	2
2940	366
2941	5
2942	17
2943	3
2944	46
2945	28
2946	42
2947	6
2948	55
2949	10
2950	166
2951	2
2952	62
2953	3
2954	19
2955	36
2956	36
2957	7
2958	26
2959	2
2960	255
2961	6
2962	19
2963	6
2964	50
2965	15
2966	16
2967	10
2968	50
2969	8
2970	155
2971	5
2972	40
2973	4
2974	21
2975	17
2976	51
2978	24
2979	4
2980	192
2981	5
2982	25
2983	6
2984	31
2985	24
2986	12
2987	5
2988	40
2990	71
2991	3
2992	28
2993	5
2994	20
2995	6
2996	21
2997	2
2998	17
2999	2
3000	337
3001	3
3002	19
3003	4
3004	27
3005	18
3006	23
3007	2
3008	50
3009	5
3010	95
3011	3
3012	42
3013	2
3014	10
3015	20
3016	46
3018	18
3019	3
3020	126
3021	5
3022	13
3023	2
3024	48
3025	8
3026	19
3027	5
3028	20
3029	4
3030	68
3032	29
3033	5
3034	10
3035	12
3036	29
3037	1
3038	14
3039	6
3040	201
3041	2
3042	18
3043	3
3044	11
3045	19
3046	12
3047	4
3048	35
3049	1
3050	59
3051	2
3052	17
3053	3
3054	14
3055	13
3056	17
3057	5
3058	15
3060	158
3061	3
3062	11
3063	3
3064	25
3065	5
3066	11
3067	4
3068	31
3069	3
3070	52
3071	4
3072	38
3073	4
3074	9
3075	12
3076	23
3077	2
3078	11
3079	4
3080	130
3081	7
3082	11
3083	1
3084	25
3085	6
3086	9
3087	4
3088	17
3089	3
3090	47
3091	2
3092	17
3093	2
3094	6
3095	3
3096	42
3097	2
3098	11
3099	2
3100	77
3101	4
3102	20
3103	2
3104	22
3105	10
3106	8
3107	1
3108	13
3110	25
3111	2
3112	22
3113	3
3114	7
3115	5
3116	18
3117	3
3118	7
3119	2
3120	207
3121	4
3122	4
3124	17
3125	9
3126	7
3127	3
3128	29
3129	1
3130	45
3132	28
3133	2
3134	7
3135	13
3136	32
3137	5
3138	10
3139	3
3140	85
3141	3
3142	7
3143	1
3144	29
3145	4
3146	11
3147	2
3148	19
3149	1
3150	63
3151	2
3152	17
3153	4
3154	12
3155	4
3156	17
3157	3
3158	6
3159	1
3160	64
3161	2
3162	21
3163	4
3164	15
3165	6
3166	8
3167	1
3168	24
3169	2
3170	32
3171	6
3172	15
3173	1
3174	7
3175	4
3176	12
3177	3
3178	4
3179	6
3180	78
3182	10
3183	2
3184	12
3185	5
3186	13
3188	12
3189	2
3190	26
3192	10
3193	1
3194	7
3195	7
3196	10
3197	3
3198	10
3200	12618
3201	1
3202	115
3203	1
3204	539
3205	634
3206	177
3207	10
3208	551
3209	14
3210	1799
3211	4
3212	295
3213	8
3214	85
3215	311
3216	241
3217	8
3218	92
3219	12
3220	1822
3221	18
3222	36
3223	9
3224	188
3225	190
3226	47
3227	15
3228	98
3229	10
3230	949
3231	10
3232	94
3233	6
3234	47
3235	121
3236	96
3237	7
3238	38
3239	8
3240	1826
3241	6
3242	50
3243	10
3244	77
3245	188
3246	45
3247	5
3248	162
3249	11
3250	588
3251	8
3252	77
3253	12
3254	44
3255	136
3256	85
3257	9
3258	45
3259	8
3260	1115
3261	7
3262	16
3263	9
3264	96
3265	89
3266	23
3267	7
3268	90
3269	9
3270	419
3271	6
3272	47
3273	3
3274	27
3275	55
3276	44
3277	3
3278	37
3279	3
3280	926
3281	4
3282	26
3283	4
3284	78
3285	89
3286	26
3287	4
3288	70
3289	7
3290	441
3292	48
3293	2
3294	26
3295	57
3296	66
3297	5
3298	25
3299	3
3300	634
3301	3
3302	22
3303	6
3304	39
3305	52
3306	27
3307	3
3308	40
3309	2
3310	208
3311	6
3312	37
3313	2
3314	16
3315	23
3316	40
3317	3
3318	12
3319	3
3320	674
3321	2
3322	8
3323	2
3324	44
3325	60
3326	15
3327	2
3328	58
3329	3
3330	233
3331	1
3332	31
3333	4
3334	15
3335	39
3336	40
3337	4
3338	16
3339	6
3340	308
3341	4
3342	15
3343	8
3344	38
3345	28
3346	14
3347	2
3348	18
3349	3
3350	143
3351	6
3352	24
3353	2
3354	7
3355	15
3356	21
3357	3
3358	10
3359	3
3360	472
3361	5
3362	13
3363	2
3364	27
3365	22
3366	16
3367	1
3368	38
3369	5
3370	131
3371	3
3372	41
3373	2
3374	20
3375	23
3376	21
3377	3
3378	15
3379	1
3380	369
3381	3
3382	18
3383	1
3384	39
3385	22
3386	12
3387	4
3388	25
3390	111
3391	1
3392	26
3393	2
3394	4
3395	12
3396	25
3398	15
3399	3
3400	340
3401	2
3402	16
3403	3
3404	30
3405	10
3406	8
3407	2
3408	27
3409	1
3410	92
3411	3
3412	24
3413	2
3414	13
3415	12
3416	20
3417	1
3418	14
3419	1
3420	186
3421	2
3422	12
3423	1
3424	22
3425	9
3426	9
3427	2
3428	20
3429	5
3430	52
3432	20
3433	3
3434	4
3435	6
3436	19
3437	2
3438	4
3440	323
3441	1
3442	10
3443	2
3444	14
3445	22
3446	15
3447	1
3448	23
3449	2
3450	100
3451	1
3452	20
3453	2
3454	9
3455	8
3456	39
3457	6
3458	14
3459	1
3460	164
3461	4
3462	7
3463	2
3464	18
3465	13
3466	8
3467	2
3468	18
3470	65
3471	3
3472	16
3474	12
3475	13
3476	13
3477	1
3478	3
3480	177
3482	12
3483	3
3484	16
3485	11
3486	8
3487	2
3488	19
3489	2
3490	40
3491	2
3492	18
3493	1
3494	11
3495	7
3496	15
3497	2
3498	8
3499	1
3500	137
3501	2
3502	10
3504	12
3505	7
3506	6
3507	1
3508	12
3509	1
3510	48
3511	1
3512	16
3514	10
3515	4
3516	18
3517	1
3518	6
3519	2
3520	116
3522	13
3524	19
3525	13
3526	8
3527	1
3528	14
3529	1
3530	43
3531	2
3532	14
3533	4
3534	9
3535	9
3536	19
3537	2
3538	7
3539	2
3540	69
3542	2
3543	2
3544	11
3545	7
3546	12
3547	3
3548	6
3549	1
3550	27
3551	1
3552	11
3553	2
3554	6
3555	8
3556	19
3557	2
3558	4
3560	153
3561	3
3562	5
3563	1
3564	15
3565	9
3566	15
3567	2
3568	12
3569	4
3570	47
3572	13
3573	2
3574	3
3575	3
3576	14
3578	8
3579	1
3580	76
3582	7
3584	12
3585	5
3586	4
3587	3
3588	17
3590	32
3591	1
3592	11
3594	7
3595	5
3596	7
3597	1
3598	4
3600	3219
3602	32
3604	100
3605	152
3606	108
3607	3
3608	163
3609	4
3610	311
3611	5
3612	145
3613	5
3614	27
3615	132
3616	92
3617	2
3618	31
3619	6
3620	420
3621	17
3622	17
3623	6
3624	94
3625	33
3626	12
3627	5
3628	36
3629	2
3630	271
3631	2
3632	51
3633	2
3634	19
3635	32
3636	48
3637	2
3638	14
3639	4
3640	387
3641	2
3642	28
3644	26
3645	41
3646	26
3647	3
3648	71
3649	4
3650	109
3651	3
3652	22
3653	4
3654	17
3655	28
3656	27
3657	5
3658	16
3659	3
3660	282
3661	3
3662	10
3663	4
3664	36
3665	19
3666	21
3667	3
3668	23
3669	3
3670	60
3671	1
3672	36
3673	3
3674	9
3675	20
3676	21
3677	1
3678	13
3679	1
3680	293
3681	4
3682	8
3683	2
3684	38
3685	19
3686	8
3687	7
3688	39
3689	2
3690	123
3691	3
3692	20
3693	2
3694	9
3695	15
3696	26
3697	2
3698	16
3699	1
3700	132
3701	1
3702	13
3703	3
3704	24
3705	14
3706	11
3707	3
3708	18
3709	1
3710	50
3711	5
3712	19
3714	6
3715	8
3716	23
3717	4
3718	6
3719	2
3720	223
3721	6
3722	15
3723	4
3724	11
3725	13
3726	20
3727	1
3728	21
3729	1
3730	38
3731	1
3732	21
3733	1
3734	8
3735	19
3736	19
3737	3
3738	5
3739	2
3740	88
3741	3
3742	6
3743	1
3744	27
3745	11
3746	6
3747	3
3748	15
3749	1
3750	57
3752	16
3753	3
3754	7
3755	6
3756	16
3758	5
3759	1
3760	135
3761	1
3762	10
3763	1
3764	15
3765	12
3766	6
3767	1
3768	22
3769	1
3770	32
3772	12
3773	2
3774	8
3775	7
3776	15
3777	4
3778	6
3779	2
3780	88
3781	1
3782	5
3783	2
3784	11
3785	4
3786	10
3787	1
3788	14
3789	2
3790	21
3791	1
3792	20
3794	5
3795	6
3796	5
3797	1
3798	10
3800	112
3801	1
3802	5
3803	1
3804	12
3805	7
3806	1
3807	3
3808	9
3809	1
3810	28
3812	10
3813	5
3814	2
3815	3
3816	19
3817	1
3818	3
3819	5
3820	36
3822	11
3824	9
3825	8
3826	5
3827	1
3828	7
3829	3
3830	26
3831	3
3832	6
3834	3
3835	3
3836	7
3838	1
3839	3
3840	454
3841	1
3842	5
3843	1
3844	25
3845	5
3846	19
3847	2
3848	50
3849	2
3850	83
3851	2
3852	26
3853	2
3854	7
3855	21
3856	29
3857	1
3858	8
3859	1
3860	95
3861	4
3862	5
3863	2
3864	28
3865	8
3866	3
3867	2
3868	20
3870	62
3871	1
3872	15
3873	3
3874	5
3875	11
3876	21
3877	1
3878	9
3879	3
3880	87
3881	3
3882	15
3883	4
3884	9
3885	11
3886	7
3888	30
3890	32
3891	2
3892	10
3893	1
3894	9
3895	7
3896	13
3897	3
3898	8
3899	2
3900	84
3901	2
3902	1
3903	1
3904	10
3905	3
3906	6
3908	8
3909	1
3910	28
3911	1
3912	18
3913	1
3914	3
3915	9
3916	8
3918	5
3919	1
3920	111
3922	1
3924	12
3925	7
3926	3
3927	1
3928	8
3929	3
3930	45
3931	1
3932	10
3934	5
3935	6
3936	11
3937	2
3938	3
3939	1
3940	62
3941	2
3942	4
3943	1
3944	8
3945	3
3946	2
3948	12
3949	2
3950	24
3952	9
3953	1
3954	4
3955	1
3956	9
3957	1
3958	6
3959	2
3960	91
3962	2
3964	13
3965	4
3966	6
3967	2
3968	15
3969	1
3970	21
3971	2
3972	16
3973	1
3974	4
3975	4
3976	5
3977	2
3978	3
3979	1
3980	41
3981	2
3982	5
3984	15
3985	2
3986	6
3987	3
3988	10
3990	20
3991	1
3992	7
3993	1
3994	2
3995	2
3996	8
3997	1
3998	6
4000	105
4001	3
4002	3
4003	2
4004	11
4005	5
4006	9
4007	1
4008	17
4010	25
4011	1
4012	10
4013	4
4014	8
4015	4
4016	12
4017	3
4018	9
4020	50
4021	3
4022	5
4023	1
4024	19
4025	4
4026	6
4028	6
4030	20
4032	9
4034	4
4035	4
4036	8
4038	1
4039	2
4040	50
4041	1
4042	4
4043	2
4044	9
4045	1
4046	3
4047	1
4048	5
4050	22
4052	4
4053	1
4054	5
4055	4
4056	13
4058	7
4060	24
4062	2
4063	4
4064	13
4065	4
4066	4
4067	1
4068	6
4069	2
4070	10
4071	1
4072	5
4074	7
4076	5
4077	1
4078	2
4079	1
4080	73
4082	2
4083	1
4084	7
4085	2
4086	4
4087	1
4088	9
4089	2
4090	20
4091	1
4092	7
4094	3
4095	2
4096	9
4098	3
4100	32
4101	4
4102	2
4104	13
4106	5
4108	7
4110	19
4112	11
4113	2
4114	2
4115	2
4116	10
4117	1
4118	1
4119	2
4120	24
4121	1
4122	2
4123	1
4124	4
4125	2
4126	4
4128	8
4129	1
4130	9
4131	1
4132	7
4133	1
4134	3
4135	1
4136	10
4138	2
4140	31
4141	3
4142	5
4143	1
4144	6
4146	2
4148	8
4149	1
4150	5
4151	1
4152	9
4153	2
4154	1
4155	1
4156	5
4157	2
4158	1
4159	2
4160	34
4162	5
4164	8
4165	3
4166	1
4168	8
4169	1
4170	19
4171	1
4172	7
4173	1
4175	2
4176	7
4178	1
4180	16
4182	1
4184	5
4185	1
4186	5
4187	1
4188	3
4190	5
4191	1
4192	6
4193	1
4194	2
4196	7
4197	2
4198	2
4199	1
4200	30
4201	1
4202	2
4203	1
4204	3
4205	1
4206	6
4208	6
4210	13
4212	6
4214	5
4215	2
4216	4
4218	4
4219	1
4220	10
4222	3
4223	1
4224	10
4225	2
4226	6
4227	1
4228	5
4230	18
4231	1
4232	8
4234	1
4235	1
4236	4
4237	2
4238	5
4240	19
4242	1
4244	6
4245	1
4246	5
4247	1
4248	3
4249	1
4250	8
4252	1
4253	1
4254	4
4255	2
4256	6
4258	2
4259	2
4260	20
4261	2
4262	3
4263	1
4264	2
4265	1
4266	6
4268	4
4269	2
4270	6
4272	6
4273	1
4274	1
4276	1
4280	25
4282	1
4286	1
4288	4
4290	10
4291	1
4292	4
4294	1
4296	5
4298	3
4299	1
4300	11
4302	5
4304	4
4305	1
4306	1
4308	3
4310	8
4312	1
4316	2
4320	634
4322	2
4324	18
4325	12
4326	35
4327	1
4328	70
4329	4
4330	86
4332	37
4334	10
4335	39
4336	21
4337	2
4338	15
4339	3
4340	97
4341	3
4342	5
4343	2
4344	33
4345	13
4346	7
4347	6
4348	12
4349	2
4350	88
4351	1
4352	14
4354	4
4355	7
4356	21
4358	5
4359	2
4360	90
4361	1
4362	10
4363	2
4364	9
4365	22
4366	3
4367	2
4368	13
4370	49
4371	4
4372	4
4373	3
4374	12
4375	6
4376	9
4377	8
4378	10
4379	1
4380	93
4381	4
4382	3
4383	2
4384	11
4385	4
4386	11
4387	1
4388	13
4390	27
4391	1
4392	13
4393	1
4394	5
4395	9
4396	3
4397	1
4398	8
4400	80
4401	2
4402	5
4403	2
4404	15
4405	8
4406	3
4407	4
4408	17
4409	1
4410	53
4411	1
4412	4
4413	3
4414	8
4415	6
4416	7
4417	1
4418	5
4419	1
4420	44
4422	8
4424	9
4425	9
4426	7
4428	9
4429	1
4430	18
4431	1
4432	5
4434	5
4435	2
4436	2
4437	1
4438	2
4440	66
4441	2
4442	4
4444	10
4445	7
4446	4
4447	1
4448	9
4450	17
4452	9
4453	3
4455	5
4456	7
4458	4
4460	28
4461	1
4462	8
4463	2
4464	6
4465	1
4466	4
4467	2
4468	8
4469	1
4470	21
4471	2
4472	7
4474	2
4475	2
4476	3
4477	1
4478	5
4479	1
4480	32
4482	4
4484	6
4485	5
4486	2
4488	6
4489	1
4490	6
4491	2
4492	7
4493	1
4494	3
4495	5
4496	7
4498	5
4499	1
4500	37
4501	1
4502	2
4503	1
4504	5
4505	1
4506	3
4508	2
4509	3
4510	14
4512	7
4515	4
4516	8
4518	3
4520	21
4521	1
4522	4
4524	8
4525	3
4526	3
4527	1
4528	3
4529	1
4530	8
4532	4
4533	1
4534	3
4535	1
4536	4
4538	3
4539	1
4540	16
4542	5
4544	6
4545	1
4546	6
4548	5
4550	8
4551	1
4552	6
4553	2
4554	4
4555	1
4556	5
4559	1
4560	45
4562	2
4563	1
4564	2
4565	2
4566	5
4567	1
4568	10
4570	9
4572	7
4573	1
4574	4
4575	4
4576	6
4578	2
4580	15
4581	2
4582	2
4583	1
4584	2
4586	2
4588	4
4590	18
4592	3
4593	1
4594	2
4595	1
4596	5
4598	2
4600	17
4602	6
4603	1
4604	5
4605	3
4606	5
4608	4
4610	1
4612	9
4614	1
4616	3
4618	2
4620	11
4622	1
4624	6
4625	1
4626	2
4628	2
4629	1
4630	9
4632	8
4635	3
4636	2
4639	1
4640	18
4642	2
4644	5
4645	1
4646	2
4647	1
4648	5
4650	13
4651	1
4652	5
4653	1
4654	5
4656	4
4658	3
4660	8
4661	1
4662	1
4663	1
4664	3
4665	1
4666	2
4668	4
4670	2
4671	1
4674	3
4676	2
4678	1
4680	23
4682	2
4683	1
4684	4
4686	5
4688	5
4690	7
4692	3
4693	1
4694	2
4695	4
4696	6
4698	1
4700	12
4702	2
4703	2
4704	2
4705	1
4706	1
4708	4
4710	13
4712	6
4714	1
4715	1
4716	4
4717	1
4718	2
4720	11
4721	1
4722	2
4724	3
4725	1
4726	1
4727	1
4728	2
4730	6
4732	4
4733	2
4734	2
4736	4
4739	2
4740	14
4741	1
4742	2
4744	1
4746	3
4748	3
4750	1
4752	3
4754	3
4755	1
4756	1
4758	1
4760	4
4761	1
4762	1
4764	1
4765	2
4766	2
4768	3
4770	5
4772	1
4776	3
4780	5
4781	1
4783	1
4784	1
4786	1
4787	1
4788	3
4790	4
4792	4
4794	1
4800	5839
4801	1
4802	40
4804	246
4805	330
4806	169
4807	5
4808	288
4809	11
4810	774
4811	3
4812	202
4813	5
4814	39
4815	189
4816	136
4817	5
4818	66
4819	7
4820	840
4821	16
4822	26
4823	11
4824	164
4825	97
4826	22
4827	18
4828	50
4829	3
4830	473
4831	2
4832	66
4833	7
4834	29
4835	71
4836	59
4837	3
4838	29
4839	6
4840	684
4841	3
4842	38
4843	2
4844	30
4845	108
4846	18
4847	2
4848	74
4849	4
4850	260
4851	12
4852	26
4853	10
4854	29
4855	54
4856	34
4857	6
4858	15
4859	4
4860	551
4861	3
4862	9
4863	5
4864	44
4865	43
4866	16
4867	4
4868	38
4869	4
4870	172
4871	2
4872	39
4873	1
4874	14
4875	17
4876	21
4878	19
4879	1
4880	388
4881	4
4882	13
4883	2
4884	33
4885	22
4886	12
4887	4
4888	21
4889	3
4890	234
4891	3
4892	19
4893	5
4894	11
4895	19
4896	36
4898	12
4899	5
4900	247
4901	1
4902	21
4903	3
4904	15
4905	19
4906	6
4907	2
4908	17
4909	3
4910	103
4911	4
4912	13
4913	2
4914	13
4915	11
4916	21
4917	3
4918	6
4920	331
4921	1
4922	9
4924	19
4925	30
4926	24
4928	24
4929	2
4930	100
4932	30
4933	2
4934	7
4935	28
4936	13
4937	2
4938	15
4939	2
4940	137
4942	6
4943	3
4944	23
4945	13
4946	7
4947	3
4948	19
4950	79
4951	4
4952	14
4953	1
4954	6
4955	7
4956	10
4958	9
4959	1
4960	142
4961	2
4962	12
4963	1
4964	10
4965	23
4966	9
4967	3
4968	19
4969	1
4970	67
4971	2
4972	11
4973	1
4974	8
4975	15
4976	17
4978	9
4979	1
4980	149
4981	1
4982	1
4983	1
4984	10
4985	7
4986	5
4988	9
4989	2
4990	50
4991	2
4992	14
4994	6
4995	17
4996	8
4997	1
4998	5
4999	2
5000	127
5001	2
5002	4
5003	1
5004	12
5005	7
5006	6
5007	3
5008	19
5009	1
5010	51
5012	11
5013	2
5014	9
5015	4
5016	15
5017	3
5018	4
5019	1
5020	76
5021	3
5022	8
5023	1
5024	15
5025	10
5026	3
5028	9
5030	21
5031	1
5032	7
5033	3
5034	2
5035	5
5036	8
5037	1
5038	3
5040	134
5041	3
5042	3
5043	1
5044	3
5045	3
5046	9
5047	1
5048	7
5049	1
5050	34
5051	2
5052	17
5053	2
5054	2
5055	11
5056	14
5057	1
5058	7
5059	1
5060	69
5061	1
5062	3
5064	11
5065	5
5066	8
5067	3
5068	5
5069	2
5070	53
5071	1
5072	12
5074	5
5075	4
5076	7
5077	2
5078	4
5079	1
5080	47
5082	5
5084	5
5085	9
5086	2
5088	9
5089	1
5090	18
5092	9
5093	1
5094	2
5095	3
5096	6
5097	2
5099	1
5100	57
5102	2
5103	1
5104	7
5106	5
5108	4
5110	14
5111	1
5112	11
5114	1
5115	6
5116	5
5118	3
5120	58
5122	3
5123	1
5124	9
5125	4
5126	3
5127	1
5128	10
5129	2
5130	22
5132	4
5135	3
5136	7
5137	2
5139	1
5140	34
5141	1
5142	7
5143	1
5144	3
5145	5
5146	1
5148	3
5149	3
5150	11
5152	1
5154	2
5155	4
5156	5
5157	2
5158	1
5160	64
5162	1
5163	2
5164	4
5165	3
5166	5
5168	9
5169	1
5170	22
5172	8
5173	1
5174	1
5175	4
5176	11
5178	3
5180	35
5182	2
5183	2
5184	10
5187	3
5188	6
5189	1
5190	20
5191	1
5192	5
5194	3
5195	2
5196	6
5198	1
5199	2
5200	52
5202	3
5204	4
5205	2
5206	2
5207	1
5208	6
5209	1
5210	6
5211	1
5212	5
5213	1
5214	5
5215	6
5216	7
5218	2
5220	21
5223	2
5224	4
5225	1
5226	2
5228	1
5230	11
5232	10
5233	1
5234	2
5235	1
5236	7
5237	2
5238	2
5239	1
5240	35
5242	3
5244	4
5246	2
5248	5
5250	7
5251	1
5252	3
5253	1
5254	1
5255	1
5256	5
5258	2
5260	20
5262	3
5264	3
5265	2
5266	2
5268	2
5270	8
5272	1
5274	2
5276	1
5277	3
5278	3
5279	1
5280	50
5282	3
5283	1
5284	2
5285	7
5286	3
5287	1
5288	3
5290	9
5291	1
5292	9
5293	1
5294	1
5295	1
5296	3
5298	4
5299	3
5300	10
5301	1
5302	1
5304	8
5305	4
5306	4
5308	2
5309	1
5310	16
5312	2
5315	2
5316	4
5318	2
5320	20
5322	1
5324	2
5325	1
5326	2
5328	12
5330	4
5331	1
5332	1
5334	3
5335	2
5336	6
5339	2
5340	22
5342	1
5344	3
5345	1
5346	2
5349	1
5350	4
5352	1
5355	1
5356	5
5358	2
5360	18
5364	3
5367	1
5370	9
5371	1
5372	3
5375	1
5376	3
5378	4
5379	2
5380	10
5382	1
5385	1
5386	1
5390	5
5394	2
5395	1
5396	1
5398	1
5399	1
5400	275
5402	2
5404	6
5405	5
5406	11
5407	1
5408	16
5410	18
5412	11
5413	1
5414	2
5415	11
5416	15
5418	5
5420	25
5421	2
5422	1
5424	5
5425	4
5426	3
5427	1
5428	4
5430	15
5431	1
5432	3
5433	1
5434	1
5435	1
5436	5
5439	2
5440	27
5442	4
5444	3
5445	4
5446	4
5447	1
5448	10
5449	1
5450	9
5451	2
5452	7
5454	4
5455	4
5456	3
5458	2
5459	1
5460	32
5462	1
5463	1
5464	4
5465	1
5466	2
5467	2
5468	1
5469	1
5470	7
5472	2
5474	2
5475	2
5476	2
5479	3
5480	18
5481	2
5484	6
5485	4
5488	3
5489	2
5490	6
5492	2
5493	1
5494	3
5495	2
5496	4
5498	1
5500	10
5501	1
5503	1
5505	3
5506	1
5507	1
5508	3
5509	1
5510	3
5511	1
5512	1
5514	2
5516	2
5517	1
5518	2
5520	44
5522	1
5524	3
5525	4
5526	1
5528	3
5530	9
5532	6
5533	1
5534	1
5535	5
5536	4
5538	3
5540	12
5544	9
5546	1
5547	2
5548	4
5549	1
5550	5
5552	4
5555	1
5556	3
5557	1
5560	14
5562	4
5563	1
5564	3
5565	4
5566	1
5568	4
5569	1
5570	4
5572	2
5573	1
5574	1
5575	1
5576	3
5578	1
5579	1
5580	14
5581	1
5584	2
5585	2
5589	1
5590	5
5592	2
5593	1
5594	2
5595	1
5596	3
5598	1
5600	32
5604	1
5605	1
5607	1
5608	7
5610	9
5612	5
5616	2
5618	1
5620	9
5622	4
5623	1
5624	1
5625	1
5626	2
5628	1
5630	7
5632	1
5634	2
5635	1
5637	1
5640	30
5641	1
5642	1
5643	1
5644	1
5645	1
5646	2
5648	1
5650	3
5652	2
5655	3
5656	1
5657	1
5658	1
5660	4
5662	1
5664	4
5666	1
5667	1
5669	2
5670	4
5676	2
5678	1
5680	5
5683	1
5684	3
5686	2
5688	2
5690	5
5691	1
5698	1
5699	2
5700	12
5705	2
5706	1
5708	2
5710	2
5712	3
5714	1
5715	1
5718	1
5719	1
5720	6
5721	1
5722	1
5724	2
5728	2
5730	2
5732	2
5735	1
5736	2
5740	11
5744	4
5748	3
5750	2
5752	1
5758	2
5760	222
5764	7
5766	12
5768	17
5770	30
5772	18
5774	3
5775	10
5776	7
5777	1
5778	6
5779	1
5780	43
5782	3
5783	1
5784	15
5785	7
5787	1
5788	1
5789	1
5790	21
5792	4
5793	2
5794	4
5795	7
5796	9
5798	5
5800	39
5802	4
5803	1
5804	3
5805	5
5808	5
5809	1
5810	13
5811	2
5812	5
5813	1
5814	1
5815	5
5816	3
5817	3
5818	4
5819	1
5820	23
5822	2
5823	1
5824	7
5825	1
5826	1
5828	2
5829	1
5830	15
5831	1
5832	6
5833	1
5834	1
5835	5
5836	4
5838	3
5840	14
5842	1
5843	1
5844	3
5848	1
5850	7
5851	2
5852	6
5854	1
5855	1
5856	5
5858	1
5859	1
5860	11
5862	2
5864	2
5866	2
5868	2
5869	1
5870	7
5872	6
5873	1
5874	3
5876	3
5878	2
5880	16
5884	1
5885	1
5886	2
5887	1
5888	3
5890	4
5894	2
5895	1
5896	3
5900	13
5904	2
5907	1
5909	1
5910	6
5912	3
5913	2
5914	1
5915	1
5916	2
5917	1
5919	1
5920	15
5922	2
5924	3
5925	3
5927	1
5928	3
5930	3
5931	1
5932	1
5933	2
5934	3
5936	2
5938	3
5940	8
5942	1
5944	5
5946	2
5948	2
5950	6
5952	2
5954	1
5955	1
5958	5
5960	10
5961	1
5966	2
5968	4
5970	10
5972	4
5974	1
5976	3
5978	2
5980	6
5981	1
5982	2
5984	1
5988	1
5990	2
5992	1
5994	1
5995	1
6000	37
6002	1
6004	1
6006	2
6007	1
6008	2
6010	3
6012	3
6013	1
6016	2
6017	1
6018	1
6019	1
6020	7
6021	2
6022	1
6026	1
6028	2
6030	4
6032	6
6034	1
6036	2
6040	5
6042	1
6044	2
6048	6
6050	3
6052	2
6054	1
6056	2
6057	1
6058	1
6060	4
6062	1
6068	2
6070	2
6072	3
6076	3
6078	1
6080	4
6082	1
6084	2
6086	1
6088	2
6090	3
6092	1
6094	1
6096	2
6100	4
6102	4
6106	1
6110	1
6116	2
6118	1
6120	7
6122	2
6129	2
6130	2
6132	5
6134	1
6136	2
6138	1
6139	2
6140	5
6149	1
6150	1
6154	1
6156	1
6158	1
6160	10
6162	1
6165	2
6168	2
6169	1
6170	1
6175	1
6176	1
6177	1
6180	3
6184	2
6186	1
6187	1
6188	2
6189	1
6190	2
6192	1
6196	2
6197	1
6198	1
6200	3
6202	1
6204	1
6205	1
6208	1
6209	1
6210	2
6211	1
6214	1
6215	1
6216	4
6220	1
6222	1
6224	2
6228	2
6230	1
6236	1
6240	8
6246	1
6248	2
6250	1
6252	1
6254	1
6256	3
6257	2
6258	1
6262	1
6264	2
6266	1
6267	1
6268	1
6270	3
6272	1
6273	2
6280	1
6282	2
6283	1
6284	1
6288	1
6290	1
6292	1
6294	1
6295	1
6296	2
6297	1
6300	3
6302	1
6309	1
6315	1
6317	1
6320	2
6322	1
6324	2
6330	1
6332	2
6344	1
6346	1
6348	1
6350	1
6354	1
6360	5
6370	1
6376	1
6378	1
6380	5
6386	1
6387	1
6390	2
6392	1
6396	2
6400	1602
6402	4
6404	86
6405	49
6406	38
6408	77
6410	206
6412	48
6413	1
6414	10
6415	31
6416	35
6417	1
6418	17
6419	1
6420	252
6421	4
6422	5
6423	1
6424	42
6425	28
6426	5
6428	21
6429	2
6430	130
6431	1
6432	19
6433	4
6434	10
6435	20
6436	15
6437	2
6438	8
6439	4
6440	195
6441	2
6442	7
6443	1
6444	13
6445	28
6446	4
6448	22
6450	66
6451	1
6452	8
6453	1
6454	3
6455	15
6456	14
6458	9
6459	1
6460	149
6462	4
6463	1
6464	12
6465	14
6466	4
6467	1
6468	8
6470	54
6472	13
6473	3
6474	7
6475	6
6476	5
6477	2
6478	5
6480	216
6482	4
6484	11
6485	13
6486	12
6488	11
6489	1
6490	79
6492	7
6494	5
6495	10
6496	7
6497	2
6498	5
6500	79
6502	8
6503	3
6504	10
6505	9
6506	4
6508	9
6509	2
6510	43
6511	3
6512	9
6513	3
6514	2
6515	4
6516	7
6519	1
6520	102
6522	1
6523	1
6524	10
6525	10
6526	6
6527	1
6528	4
6529	1
6530	33
6531	2
6532	2
6534	1
6535	7
6536	3
6538	2
6539	2
6540	55
6541	3
6542	2
6544	7
6545	3
6546	2
6548	3
6550	27
6552	5
6554	3
6555	1
6556	6
6558	5
6560	56
6562	1
6563	1
6564	3
6565	5
6566	1
6568	4
6569	1
6570	19
6572	4
6574	6
6575	2
6576	4
6578	3
6580	55
6582	2
6584	5
6585	1
6586	4
6588	5
6590	12
6592	6
6594	1
6595	2
6596	8
6598	3
6599	1
6600	54
6602	2
6604	4
6606	2
6608	5
6610	18
6612	5
6615	2
6616	2
6618	3
6619	1
6620	40
6621	1
6623	1
6624	3
6625	1
6628	7
6629	1
6630	9
6633	1
6635	1
6636	4
6637	2
6639	1
6640	45
6641	1
6642	1
6644	3
6645	2
6646	3
6648	3
6649	1
6650	17
6652	3
6654	1
6655	2
6656	5
6658	1
6660	29
6661	1
6664	1
6665	1
6668	2
6669	1
6670	16
6672	6
6675	1
6676	2
6677	1
6678	4
6680	15
6682	1
6684	2
6685	1
6688	3
6690	5
6692	2
6694	1
6695	1
6696	1
6700	23
6702	2
6704	3
6705	1
6706	3
6708	2
6710	3
6711	1
6716	4
6718	1
6719	1
6720	17
6724	1
6728	5
6730	10
6732	1
6736	5
6738	1
6739	1
6740	9
6742	1
6746	1
6748	1
6750	4
6751	1
6752	2
6754	1
6755	1
6756	3
6759	2
6760	24
6762	1
6764	2
6766	1
6768	3
6769	1
6770	7
6771	1
6772	2
6775	1
6776	2
6777	1
6778	2
6780	11
6784	2
6786	2
6788	2
6790	8
6792	2
6794	1
6795	1
6798	1
6800	23
6802	2
6804	1
6805	5
6806	1
6808	1
6810	1
6812	2
6816	2
6820	10
6824	2
6825	2
6826	2
6827	1
6830	4
6832	1
6833	1
6834	3
6836	1
6840	9
6844	3
6846	2
6848	3
6850	5
6854	1
6856	2
6860	5
6864	1
6866	1
6868	1
6870	4
6871	1
6874	1
6876	1
6877	2
6878	3
6880	14
6881	1
6882	1
6884	3
6885	1
6888	3
6890	3
6892	4
6896	5
6900	13
6904	1
6905	1
6910	2
6912	2
6914	2
6915	1
6920	4
6922	1
6924	1
6925	1
6926	2
6928	1
6930	2
6932	1
6936	1
6937	1
6940	6
6944	3
6948	1
6952	1
6960	11
6964	1
6966	1
6972	1
6974	1
6975	1
6976	2
6980	3
6984	1
6989	1
6990	1
6992	2
6997	1
7000	6
7002	2
7004	1
7008	2
7010	4
7012	2
7014	1
7016	1
7020	7
7025	1
7026	2
7028	1
7030	2
7036	1
7039	1
7040	3
7046	1
7050	1
7052	1
7054	1
7056	1
7060	2
7064	1
7071	1
7072	1
7080	3
7094	1
7100	2
7104	1
7120	7
7124	2
7125	1
7130	4
7134	2
7136	2
7140	3
7144	2
7146	1
7148	1
7150	1
7158	1
7160	2
7161	2
7162	1
7164	1
7167	1
7174	1
7180	3
7184	2
7186	1
7198	2
7200	1058
7202	3
7204	32
7205	47
7206	38
7208	67
7209	2
7210	121
7211	1
7212	44
7213	2
7214	9
7215	42
7216	36
7217	1
7218	13
7220	135
7221	5
7222	4
7223	3
7224	27
7225	18
7226	6
7227	8
7228	10
7230	104
7232	23
7233	2
7234	5
7235	8
7236	18
7237	1
7238	7
7239	2
7240	107
7241	1
7242	10
7243	1
7244	11
7245	15
7246	4
7247	1
7248	19
7249	3
7250	46
7251	2
7252	8
7253	3
7254	6
7255	6
7256	8
7257	3
7258	7
7259	1
7260	80
7262	2
7263	2
7264	6
7265	6
7266	7
7267	1
7268	12
7270	21
7272	13
7273	1
7274	3
7275	14
7276	6
7277	1
7278	8
7279	1
7280	69
7282	2
7284	11
7285	4
7286	4
7288	6
7289	2
7290	31
7291	3
7292	7
7294	4
7295	7
7296	4
7298	2
7300	45
7301	1
7302	5
7303	2
7304	3
7305	6
7306	3
7308	5
7310	14
7312	8
7314	3
7315	3
7316	1
7317	1
7318	4
7320	78
7321	1
7324	1
7325	1
7326	8
7328	4
7329	2
7330	20
7331	2
7332	8
7334	2
7335	10
7336	5
7337	1
7338	4
7340	16
7341	3
7342	2
7343	4
7344	4
7345	3
7346	2
7347	2
7348	1
7349	2
7350	19
7352	4
7356	1
7358	1
7360	32
7361	1
7362	6
7364	4
7365	3
7366	2
7368	7
7370	14
7372	2
7373	2
7374	5
7375	2
7376	1
7378	1
7380	35
7381	1
7382	1
7384	5
7385	2
7386	2
7387	1
7388	1
7390	8
7392	8
7394	3
7395	4
7396	2
7397	2
7398	4
7399	1
7400	27
7402	2
7404	1
7405	2
7406	4
7407	3
7408	4
7409	1
7410	10
7411	2
7412	5
7413	1
7414	1
7415	1
7416	2
7420	16
7421	1
7422	3
7424	3
7425	2
7426	1
7428	5
7430	5
7433	1
7434	2
7435	2
7436	2
7438	1
7440	50
7441	1
7443	2
7444	1
7448	4
7450	6
7452	3
7455	6
7456	1
7457	1
7458	2
7460	16
7461	1
7463	1
7464	4
7465	1
7466	1
7467	1
7468	2
7470	8
7472	1
7475	2
7476	3
7478	2
7480	9
7482	1
7484	1
7485	4
7486	1
7488	1
7490	4
7491	3
7492	2
7494	1
7495	2
7496	1
7498	1
7500	20
7502	1
7503	1
7504	3
7505	1
7508	3
7510	3
7512	3
7516	1
7518	1
7519	1
7520	17
7522	1
7524	3
7528	4
7529	1
7530	8
7534	2
7535	1
7536	1
7540	8
7541	1
7545	1
7546	2
7547	2
7548	1
7550	1
7552	2
7554	2
7556	1
7560	14
7566	3
7568	1
7570	4
7572	2
7574	3
7575	1
7576	2
7580	4
7584	2
7586	2
7588	1
7590	2
7592	1
7594	1
7596	1
7598	2
7600	10
7602	1
7604	1
7606	1
7608	4
7610	1
7614	1
7616	1
7618	1
7620	10
7624	4
7628	1
7630	6
7632	3
7636	1
7637	1
7640	5
7642	1
7643	1
7644	2
7649	1
7650	3
7652	2
7655	1
7656	1
7659	1
7660	3
7662	1
7664	1
7666	1
7670	1
7673	1
7674	1
7675	1
7680	21
7682	1
7685	2
7686	1
7688	6
7690	10
7695	1
7696	2
7698	1
7700	1
7704	1
7705	1
7710	2
7712	2
7715	1
7716	1
7718	1
7720	4
7724	2
7725	1
7728	4
7730	1
7732	1
7737	1
7740	7
7744	1
7748	1
7750	3
7752	4
7755	1
7758	2
7760	2
7762	1
7767	2
7768	1
7770	1
7771	1
7772	2
7776	2
7778	1
7780	4
7782	1
7786	1
7788	2
7790	1
7800	4
7805	2
7806	2
7808	2
7810	2
7812	2
7814	1
7816	1
7820	2
7823	1
7825	1
7826	2
7828	1
7830	1
7836	2
7840	4
7842	1
7848	1
7856	1
7858	2
7859	1
7860	3
7865	1
7866	1
7868	1
7870	1
7876	2
7880	3
7888	2
7890	2
7892	2
7896	1
7908	2
7918	1
7920	5
7926	2
7928	1
7930	1
7932	2
7934	1
7935	1
7936	1
7940	1
7944	2
7947	1
7950	1
7960	1
7965	1
7968	1
7973	1
7983	1
7986	1
7989	1
7990	2
7994	1
8000	6
8004	1
8006	1
8010	1
8012	3
8015	1
8016	1
8020	4
8024	2
8025	1
8028	1
8029	1
8030	1
8036	3
8040	5
8046	3
8048	1
8050	2
8060	1
8066	1
8068	2
8074	1
8076	2
8078	2
8080	2
8081	1
8088	1
8096	1
8100	14
8102	1
8104	2
8108	1
8109	1
8112	2
8120	1
8124	1
8125	1
8127	1
8130	1
8135	1
8140	1
8142	1
8144	1
8146	1
8160	4
8164	1
8165	1
8166	1
8168	1
8172	2
8175	1
8180	1
8181	1
8185	1
8188	2
8192	2
8196	1
8198	1
8199	1
8200	1
8202	1
8208	2
8214	1
8220	2
8224	1
8228	1
8230	1
8232	2
8236	1
8240	1
8244	1
8246	1
8254	1
8256	1
8260	4
8264	1
8266	1
8268	2
8280	2
8284	1
8290	1
8298	1
8300	3
8306	1
8311	1
8312	1
8314	1
8326	2
8329	1
8330	1
8332	1
8334	1
8338	1
8340	3
8352	1
8360	1
8362	1
8363	1
8372	1
8400	3
8408	1
8415	1
8420	2
8424	1
8432	1
8438	1
8444	1
8454	1
8459	1
8464	1
8472	1
8489	1
8508	1
8520	1
8527	1
8532	1
8552	1
8566	1
8568	1
8572	1
8576	2
8578	1
8592	1
8600	1
8610	2
8628	1
8640	54
8644	2
8646	3
8648	2
8649	1
8650	6
8652	4
8655	3
8658	1
8660	9
8664	4
8665	3
8667	1
8668	1
8670	3
8672	2
8674	3
8676	4
8679	1
8680	5
8682	1
8684	1
8685	3
8688	2
8690	2
8691	1
8692	1
8693	1
8694	1
8695	1
8698	1
8700	8
8704	1
8705	2
8706	4
8708	3
8720	5
8724	1
8726	1
8728	1
8730	3
8732	2
8738	1
8739	1
8740	2
8745	1
8747	1
8748	1
8750	4
8756	1
8760	7
8763	1
8764	3
8768	2
8780	1
8784	1
8786	2
8790	3
8795	1
8796	1
8798	2
8800	5
8808	1
8816	1
8818	1
8820	1
8830	2
8832	3
8836	1
8840	1
8842	1
8858	1
8868	1
8874	1
8876	2
8880	1
8890	1
8895	1
8904	1
8907	1
8910	2
8914	1
8922	2
8930	1
8931	1
8940	2
8942	1
8950	1
8956	1
8965	1
8970	2
8972	1
8980	1
8996	1
9000	2
9008	1
9012	1
9018	1
9022	1
9024	2
9030	3
9036	1
9040	1
9050	1
9056	1
9068	1
9070	1
9085	1
9106	1
9119	1
9120	1
9132	2
9134	1
9136	1
9140	1
9141	1
9150	1
9152	1
9162	1
9164	1
9170	1
9171	1
9174	1
9180	2
9192	1
9200	1
9204	1
9226	1
9246	1
9260	1
9300	1
9306	1
9339	1
9374	1
9384	1
9396	1
9400	2
9420	3
9450	1
9460	1
9469	1
9475	1
9488	1
9512	1
9521	1
9526	1
9533	1
9573	1
9580	1
9598	1
9600	835
9602	6
9604	39
9605	22
9606	30
9607	1
9608	53
9609	1
9610	126
9612	44
9613	2
9614	5
9615	29
9616	32
9617	1
9618	7
9619	2
9620	159
9621	1
9623	3
9624	31
9625	17
9626	9
9627	3
9628	11
9630	80
9631	2
9632	7
9633	2
9634	6
9635	14
9636	10
9637	1
9638	6
9639	4
9640	123
9642	5
9643	2
9644	8
9645	15
9646	5
9647	1
9648	13
9649	1
9650	44
9651	3
9652	7
9653	1
9654	6
9655	10
9656	6
9657	3
9658	3
9659	1
9660	79
9661	1
9662	2
9664	9
9665	7
9666	3
9668	5
9669	2
9670	37
9672	9
9673	1
9674	1
9675	7
9676	4
9677	2
9678	4
9680	77
9682	1
9684	4
9685	5
9686	1
9688	4
9689	1
9690	33
9692	6
9693	1
9694	3
9695	2
9696	7
9697	2
9698	1
9699	1
9700	35
9702	5
9704	4
9705	3
9706	2
9707	1
9708	2
9710	19
9712	7
9716	5
9717	2
9718	4
9720	62
9723	1
9724	4
9725	6
9726	1
9728	3
9729	1
9730	18
9732	2
9734	3
9735	2
9736	4
9738	3
9740	28
9741	1
9742	1
9744	4
9746	1
9747	5
9748	1
9749	1
9750	11
9751	2
9752	4
9754	1
9755	2
9756	2
9760	33
9761	1
9762	2
9763	1
9764	4
9765	7
9768	4
9770	5
9772	1
9775	2
9776	2
9777	2
9778	2
9780	30
9783	1
9784	4
9785	2
9786	3
9788	2
9790	9
9792	4
9795	3
9796	1
9797	1
9798	3
9800	35
9804	1
9805	1
9806	4
9808	3
9810	9
9812	2
9814	1
9815	1
9816	1
9818	2
9820	7
9822	1
9824	2
9825	1
9826	1
9828	1
9830	7
9838	1
9840	26
9842	4
9848	3
9850	9
9852	3
9853	1
9854	1
9855	4
9856	2
9859	1
9860	14
9862	1
9865	2
9868	2
9870	12
9872	1
9875	1
9876	3
9880	9
9882	3
9884	2
9885	3
9890	5
9892	1
9896	1
9897	1
9900	12
9906	1
9907	1
9910	1
9912	1
9915	1
9917	1
9920	12
9924	1
9928	1
9930	2
9944	3
9945	1
9950	4
9954	1
9956	1
9960	13
9966	2
9970	2
9975	1
9980	8
9981	1
9984	1
9990	5
9996	2
9998	1
10000	11
10003	1
10004	2
10005	4
10010	5
10012	1
10016	3
10018	1
10020	6
10024	2
10030	1
10032	1
10040	2
10044	2
10046	1
10048	1
10056	1
10058	1
10062	1
10065	1
10070	1
10072	1
10078	1
10080	8
10083	1
10088	1
10090	3
10092	1
10094	1
10095	2
10096	1
10100	6
10102	1
10104	2
10106	1
10110	2
10112	2
10119	1
10120	4
10130	2
10132	2
10134	1
10140	4
10144	1
10148	1
10150	1
10152	1
10160	3
10170	1
10171	1
10174	1
10180	2
10184	1
10189	1
10200	4
10203	1
10218	1
10220	1
10226	1
10230	1
10260	2
10268	1
10273	1
10280	1
10299	1
10300	1
10314	1
10320	3
10323	1
10348	1
10360	1
10368	1
10370	1
10374	1
10380	1
10384	1
10386	1
10390	1
10400	1
10401	1
10410	2
10424	1
10428	1
10432	1
10440	2
10442	1
10444	1
10452	1
10455	1
10460	1
10468	1
10500	1
10520	1
10552	1
10560	2
10568	1
10570	1
10580	1
10588	1
10589	1
10590	1
10594	1
10596	1
10600	1
10610	1
10624	1
10629	1
10636	1
10644	1
10655	1
10665	1
10668	1
10674	1
10720	1
10721	1
10740	2
10780	1
10800	114
10802	1
10804	6
10805	9
10806	5
10808	13
10809	1
10810	6
10812	2
10815	5
10816	6
10818	2
10819	1
10820	15
10823	1
10824	9
10825	5
10828	1
10830	7
10832	2
10836	1
10840	7
10844	1
10845	2
10846	1
10847	1
10848	6
10849	1
10850	4
10852	1
10854	2
10856	2
10858	1
10860	10
10862	1
10863	1
10864	1
10865	1
10868	1
10870	4
10872	2
10876	1
10878	1
10880	7
10884	2
10886	2
10888	1
10890	6
10895	1
10896	2
10898	1
10899	1
10900	4
10902	1
10904	1
10905	1
10908	1
10910	2
10916	4
10919	1
10920	3
10922	1
10924	1
10925	1
10930	1
10932	2
10934	1
10936	1
10938	1
10940	2
10942	1
10944	1
10945	2
10946	1
10948	1
10950	1
10954	1
10956	1
10960	2
10970	2
10980	1
10988	1
10990	1
11000	3
11002	1
11010	2
11020	2
11023	1
11025	1
11032	1
11034	1
11036	1
11040	8
11046	1
11047	1
11048	1
11049	1
11050	1
11055	1
11057	1
11060	2
11063	1
11064	3
11070	2
11074	1
11079	1
11080	2
11086	1
11088	2
11096	1
11106	1
11108	1
11116	1
11120	2
11123	1
11130	1
11132	1
11140	2
11145	1
11160	3
11164	1
11172	1
11178	1
11180	2
11184	1
11187	1
11190	1
11192	1
11196	1
11200	1
11204	1
11210	1
11220	3
11276	1
11280	2
11290	1
11292	1
11294	1
11296	1
11300	1
11340	1
11347	1
11352	1
11355	1
11360	1
11396	1
11400	2
11403	1
11410	1
11415	1
11420	1
11467	1
11468	1
11470	1
11492	1
11502	1
11520	4
11528	4
11530	1
11535	1
11536	1
11538	1
11540	2
11550	2
11555	1
11564	1
11572	1
11580	2
11604	1
11607	1
11610	1
11630	1
11636	1
11678	1
11688	2
11712	1
11716	1
11730	1
11738	1
11756	2
11760	2
11780	1
11796	1
11850	1
11856	1
11862	1
11886	1
11994	1
11998	1
12000	5
12004	1
12006	1
12012	3
12014	1
12018	2
12020	1
12022	1
12030	1
12037	1
12056	1
12060	1
12064	1
12100	1
12128	1
12138	1
12150	1
12154	1
12192	1
12201	1
12248	1
12266	1
12303	1
12304	1
12323	1
12325	1
12332	1
12338	1
12372	1
12374	1
12425	1
12473	1
12476	1
12570	1
12600	1
12672	1
12696	1
12712	1
12758	1
12765	1
12776	1
12781	1
12800	100
12804	6
12806	5
12808	6
12810	11
12812	3
12815	2
12816	1
12818	3
12819	1
12820	17
12824	4
12825	2
12828	5
12830	4
12832	1
12840	11
12842	1
12844	2
12845	1
12846	2
12848	3
12850	3
12852	3
12854	1
12855	2
12856	1
12860	18
12862	1
12864	1
12868	1
12870	5
12874	1
12880	13
12890	3
12896	2
12900	6
12905	3
12907	1
12910	2
12915	1
12916	1
12918	1
12920	12
12922	1
12925	1
12926	1
12930	7
12932	2
12935	1
12936	1
12940	3
12944	2
12948	2
12950	2
12956	1
12960	14
12970	4
12972	1
12975	1
12980	7
12984	1
12987	1
12988	2
12990	8
12992	1
12998	1
13000	3
13006	2
13010	2
13016	2
13020	5
13024	1
13030	2
13036	1
13038	1
13040	1
13043	1
13048	1
13050	2
13056	2
13060	2
13070	2
13072	1
13074	1
13080	2
13088	2
13090	1
13094	1
13100	2
13114	1
13116	1
13120	1
13136	1
13139	1
13140	1
13148	1
13150	1
13160	3
13176	1
13180	2
13184	1
13200	1
13206	1
13210	1
13219	1
13220	1
13228	1
13238	1
13240	1
13242	1
13245	1
13280	1
13292	1
13320	1
13340	2
13360	1
13362	1
13376	1
13400	1
13416	1
13436	1
13530	1
13546	1
13614	1
13620	1
13640	1
13664	1
13680	1
13788	1
13890	1
13906	1
13950	1
14038	1
14242	1
14256	1
14260	1
14267	1
14392	1
14400	218
14402	2
14404	11
14405	4
14406	8
14408	9
14410	35
14412	13
14413	1
14414	2
14415	8
14416	6
14418	4
14420	25
14421	1
14422	1
14424	8
14425	4
14426	1
14428	6
14429	1
14430	28
14432	2
14433	1
14434	1
14435	4
14436	1
14439	2
14440	25
14442	2
14444	4
14445	4
14446	1
14447	1
14448	2
14450	12
14453	1
14454	2
14455	4
14456	2
14457	2
14458	1
14460	17
14464	1
14466	3
14468	1
14470	10
14472	7
14473	1
14475	2
14476	3
14478	1
14480	20
14485	2
14487	1
14488	2
14490	13
14492	2
14494	1
14495	1
14496	7
14500	8
14502	1
14504	2
14505	3
14506	1
14508	2
14510	3
14512	1
14514	2
14516	1
14517	2
14518	2
14520	22
14522	1
14524	1
14525	1
14526	1
14527	1
14528	4
14530	5
14534	1
14535	1
14536	2
14540	6
14541	1
14544	2
14546	1
14550	5
14552	1
14554	1
14555	1
14560	12
14562	3
14568	1
14569	1
14570	2
14574	1
14580	5
14588	1
14590	3
14591	1
14592	2
14593	1
14595	1
14600	3
14610	2
14616	1
14617	1
14620	2
14628	2
14630	1
14640	8
14642	1
14644	1
14648	1
14650	3
14652	3
14657	1
14658	1
14660	1
14664	1
14670	7
14672	1
14674	1
14680	3
14684	1
14688	2
14694	2
14700	4
14703	1
14712	1
14720	1
14724	1
14730	1
14736	1
14741	1
14742	1
14744	1
14752	1
14760	1
14768	1
14770	1
14772	1
14780	1
14784	1
14790	1
14800	5
14804	1
14808	1
14816	2
14820	2
14840	1
14856	2
14860	1
14864	1
14867	1
14874	1
14902	1
14908	1
14910	1
14928	1
14935	1
14940	4
14951	1
14954	1
14960	1
14964	1
14990	1
15000	2
15023	1
15030	1
15060	1
15096	1
15120	1
15132	1
15136	1
15168	2
15210	1
15250	2
15378	1
15396	1
15426	1
15471	1
15504	1
15534	2
15600	1
15620	1
15624	1
15660	1
15680	1
15692	1
15800	1
15915	1
15960	1
15986	1
16010	1
16025	1
16036	2
16042	1
16060	1
16092	1
16136	1
16154	1
16180	1
16210	1
16215	1
16220	3
16276	1
16296	1
16306	1
16360	1
16422	1
16440	1
16455	1
16472	1
16512	1
16562	1
16580	1
16703	1
16788	1
16836	1
17280	1
17290	1
17296	1
17320	1
17324	1
17368	1
17554	1
17562	1
17768	1
17820	1
17888	1
18240	1
18912	1
18996	1
19186	1
19200	75
19204	6
19206	2
19208	7
19210	9
19212	4
19214	1
19215	2
19216	2
19220	17
19224	2
19228	1
19230	5
19235	5
19236	3
19238	1
19240	12
19244	1
19246	1
19250	2
19255	1
19260	6
19268	1
19270	5
19271	1
19272	3
19275	2
19276	1
19278	1
19280	9
19290	6
19292	1
19294	1
19296	1
19297	1
19298	1
19300	3
19304	1
19310	2
19312	1
19316	1
19320	4
19324	1
19328	1
19330	5
19340	2
19344	1
19352	1
19360	4
19361	1
19369	1
19375	1
19380	3
19390	1
19395	1
19398	1
19400	2
19410	4
19412	2
19424	1
19430	1
19436	1
19440	5
19450	2
19454	1
19456	1
19460	4
19472	1
19480	1
19481	1
19485	1
19490	2
19500	3
19504	1
19526	1
19540	1
19550	1
19560	1
19568	1
19582	1
19597	1
19623	1
19644	1
19692	1
19698	1
19700	1
19708	1
19710	1
19712	2
19736	1
19752	1
19768	1
19920	1
19946	1
19960	1
19980	1
20118	1
20182	1
20254	1
20459	1
20460	1
20998	1
21030	1
21180	1
21600	22
21605	1
21610	2
21612	2
21615	2
21620	5
21623	1
21630	5
21632	1
21635	1
21636	1
21637	1
21640	5
21657	1
21658	1
21660	3
21670	3
21680	2
21685	1
21688	1
21690	1
21695	1
21696	2
21700	3
21706	1
21710	3
21714	1
21720	2
21746	1
21750	1
21760	1
21762	1
21768	1
21772	1
21774	1
21776	1
21791	1
21800	3
21804	1
21838	1
21844	1
21860	1
21880	1
21906	1
21920	1
21950	1
21990	1
22011	1
22120	1
22126	1
22145	1
22200	1
22280	1
22396	1
22545	1
22732	1
23000	1
23166	1
23170	1
23218	1
24026	1
24095	1
24790	1
25600	3
25604	2
25675	1
25682	1
25684	1
25722	1
25783	1
27090	1
27158	1
28800	17
28804	1
28806	1
28808	1
28810	3
28815	2
28816	2
28820	1
28824	1
28825	2
28830	3
28832	1
28836	1
28842	4
28844	2
28845	1
28848	1
28850	1
28856	1
28858	1
28860	3
28874	1
28886	1
28890	1
28896	1
28898	2
28900	2
28910	1
28930	2
28932	1
28940	1
28944	1
28950	1
28960	1
28978	1
29002	1
29030	1
29052	1
29060	2
29078	1
29180	1
29202	1
29208	1
29220	1
29290	1
29340	1
29368	1
29376	1
29430	1
29640	1
29752	1
30695	1
30830	1
32400	2
32483	1
32547	1
32660	1
32740	1
32920	1
36042	1
36060	1
36170	1
36485	1
36982	1
37918	1
38400	1
38440	1
38464	1
38468	1
38778	1
39122	1
39569	1
43200	3
43220	1
43250	1
43268	1
43280	1
43285	1
43332	1
43346	1
43438	1
43440	1
43482	1
43560	1
51228	1
51354	1
57620	1
57650	1
65038	1
65040	1
